X,Y
0,50.2410
1,49.0645
2,48.1347
3,47.2666
4,46.5683
5,45.5256
6,44.5816
7,43.9877
8,43.2913
9,42.8340
10,42.3140
11,41.9848
12,41.4715
13,41.2789
14,41.0294
15,40.9611
16,40.7799
17,40.6167
18,40.7628
19,40.9564
20,41.0465
21,41.0930
22,41.3520
23,41.3245
24,41.4118
25,41.6224
26,41.7903
27,41.9829
28,42.2372
29,42.4336
30,42.5740
31,42.7268
32,43.0541
33,43.3311
34,43.3928
35,43.6936
36,43.8757
37,43.9630
38,44.2770
39,44.4336
40,44.5313
41,44.5844
42,44.7144
43,44.9203
44,45.0588
45,45.1755
46,45.4469
47,45.6888
48,45.5787
49,45.8624
50,46.0313
51,46.0968
52,46.1765
53,46.5712
54,46.7732
55,46.9137
56,47.0190
57,47.1556
58,47.5057
59,47.5977
60,47.6774
61,47.8681
62,48.1850
63,48.1822
64,48.5114
65,48.8102
66,49.1803
67,49.4763
68,49.6774
69,49.9715
70,50.1575
71,50.5882
72,50.9345
73,51.3340
74,51.5664
75,52.0152
76,52.4070
77,52.9127
78,53.1252
79,53.8207
80,54.2097
81,54.7220
82,55.2941
83,56.1186
84,56.5342
85,57.2704
86,57.8027
87,58.9108
88,59.7030
89,60.6793
90,61.5190
91,62.2296
92,63.3416
93,64.7334
94,65.5133
95,66.8510
96,67.9336
97,69.4488
98,70.6148
99,72.1480
100,73.7562
101,75.2372
102,76.8501
103,78.4497
104,80.0987
105,81.9080
106,83.3662
107,85.0598
108,86.7638
109,88.1129
110,89.8833
111,91.5626
112,92.9744
113,94.8615
114,95.9222
115,97.2192
116,98.7856
117,100.0209
118,100.7609
119,101.9488
120,102.6300
121,103.4051
122,104.1793
123,104.8738
124,104.7723
125,105.0076
126,105.4611
127,105.5066
128,105.3966
129,105.6063
130,105.8273
131,105.4744
132,105.1869
133,104.5958
134,104.1546
135,103.4355
136,102.9981
137,102.2932
138,102.1433
139,101.7315
140,101.3776
141,100.9915
142,101.1281
143,100.6917
144,100.6471
145,100.4867
146,100.0996
147,100.1898
148,100.0180
149,99.8824
150,99.6167
151,99.3681
152,99.1603
153,99.5237
154,99.3757
155,99.5351
156,99.7514
157,100.0342
158,100.1632
159,100.4630
160,100.3748
161,100.2154
162,100.3890
163,100.4421
164,100.2040
165,99.8918
166,99.7875
167,99.8662
168,100.0161
169,100.1129
170,99.7135
171,99.5389
172,99.5484
173,99.2239
174,98.9734
175,99.0237
176,98.8311
177,98.5806
178,98.4032
179,98.2543
180,98.0484
181,97.4421
182,97.3302
183,97.0066
184,96.7268
185,96.2097
186,95.7372
187,95.1907
188,94.4564
189,94.1471
190,93.8349
191,93.1537
192,92.6120
193,91.9118
194,91.4886
195,90.8140
196,90.4915
197,90.0190
198,89.4725
199,89.1917
200,88.7438
201,88.1376
202,87.7059
203,87.1841
204,86.5275
205,86.0209
206,85.2552
207,85.0019
208,84.2619
209,83.4175
210,82.8975
211,82.3074
212,81.6044
213,80.7495
214,80.0750
215,79.1347
216,78.3140
217,77.5266
218,76.4497
219,75.3767
220,74.3254
221,73.2201
222,72.2030
223,71.1044
224,69.9649
225,68.9611
226,67.8672
227,66.4469
228,65.3102
229,63.8738
230,62.4241
231,61.1072
232,60.0180
233,58.8131
234,57.9099
235,56.7884
236,55.5873
237,54.5645
238,53.3368
239,51.9412
240,51.1404
241,50.1414
242,49.1679
243,48.2495
244,47.4734
245,46.5901
246,45.7581
247,44.9459
248,44.2400
249,43.8273
250,43.1063
251,42.7315
252,42.5266
253,42.1954
254,41.7979
255,41.6139
256,41.4658
257,41.4658
258,41.2457
259,41.2078
260,41.1860
261,41.3283
262,41.5939
263,41.5987
264,41.5787
265,41.9488
266,41.9440
267,42.1575
268,42.1414
269,42.3083
270,42.3491
271,42.4934
272,42.8074
273,42.8264
274,42.9260
275,43.0645
276,43.1698
277,43.2932
278,43.2894
279,43.3861
280,43.5009
281,43.9516
282,43.8093
283,43.9981
284,44.0323
285,44.3188
286,44.2837
287,44.5579
288,44.7258
289,44.7922
290,44.9061
291,45.2457
292,45.2040
293,45.2315
294,45.5171
295,45.5294
296,45.3491
297,45.6755
298,45.7789
299,45.9839
300,45.8748
301,45.9554
302,46.2002
303,46.5000
304,46.5370
305,47.0304
306,47.2761
307,47.5408
308,47.6670
309,48.0057
310,48.4165
311,48.6252
312,49.1091
313,49.2476
314,49.4810
315,50.1205
316,50.2372
317,50.7704
318,51.3055
319,51.8786
320,52.4620
321,53.1499
322,53.5939
323,54.1528
324,54.9744
325,55.6243
326,56.4639
327,57.2723
328,58.1869
329,59.0218
330,60.3216
331,61.2239
332,62.1907
333,63.5123
334,64.6129
335,65.7666
336,67.1262
337,68.3558
338,69.5731
339,71.1812
340,72.5427
341,74.1281
342,75.7125
343,77.3577
344,78.9507
345,80.6736
346,82.1660
347,83.7694
348,85.5275
349,86.8292
350,88.6233
351,90.4061
352,91.9516
353,93.6936
354,95.1727
355,96.7438
356,98.1565
357,99.0626
358,100.4355
359,101.4165
360,102.5550
361,103.8529
362,104.8387
363,105.5569
364,105.9583
365,106.5541
366,107.0550
367,107.5769
368,107.4687
369,107.5522
370,107.6888
371,107.0939
372,107.4032
373,107.0237
374,106.6746
375,106.2410
376,105.9402
377,105.5750
378,105.0816
379,104.6765
380,104.3159
381,103.9687
382,103.8615
383,103.8055
384,103.6385
385,103.7059
386,103.6271
387,104.0133
388,103.8786
389,104.0104
390,104.4241
391,104.4241
392,103.9564
393,104.3918
394,104.3197
395,104.5712
396,104.3871
397,104.8975
398,105.1357
399,105.0266
400,105.0617
401,104.9061
402,104.6442
403,104.3975
404,104.4829
405,104.4364
406,104.4194
407,104.2011
408,104.4175
409,104.3956
410,104.1480
411,104.2486
412,103.9146
413,103.7154
414,103.5901
415,103.5019
416,103.2960
417,103.2306
418,103.0769
419,102.8510
420,102.4516
421,102.0085
422,101.4715
423,101.4706
424,101.0389
425,100.7694
426,100.6091
427,100.4478
428,99.8710
429,99.4810
430,99.1167
431,98.7552
432,98.1945
433,97.9194
434,97.2581
435,96.4089
436,96.0247
437,95.3074
438,94.4953
439,94.0512
440,93.4734
441,92.5939
442,91.8150
443,91.1689
444,90.5522
445,90.1490
446,89.4156
447,88.9649
448,88.2657
449,87.6025
450,87.0740
451,86.5142
452,85.9070
453,84.9497
454,83.8880
455,82.9668
456,82.0996
457,80.8226
458,80.0047
459,78.8937
460,77.9042
461,76.9535
462,75.8169
463,74.7429
464,73.5806
465,72.1319
466,70.6603
467,69.5522
468,68.1167
469,66.5778
470,65.0901
471,63.6622
472,62.2695
473,60.8738
474,59.5683
475,57.9421
476,56.6281
477,55.3273
478,53.9639
479,52.8368
480,51.5930
481,50.6233
482,49.6139
483,48.7040
484,47.9535
485,46.8605
486,46.1319
487,45.3017
488,44.6471
489,44.1831
490,43.5370
491,43.1186
492,42.6205
493,42.2078
494,42.1319
495,41.6869
496,41.5142
497,41.3672
498,41.2505
499,41.2695
500,41.2220
501,41.4070
502,41.3046
503,41.5465
504,41.6793
505,41.8008
506,41.7524
507,42.1528
508,42.2268
509,42.2562
510,42.5721
511,42.6546
512,42.6926
513,42.8046
514,42.8814
515,42.9545
516,43.1594
517,43.4630
518,43.6176
519,43.6869
520,43.8937
521,43.7875
522,44.0028
523,44.2116
524,44.4583
525,44.4867
526,44.6214
527,44.6708
528,44.6755
529,44.7732
530,44.8710
531,44.8074
532,45.1091
533,45.0949
534,45.1603
535,45.4184
536,45.7884
537,45.6110
538,45.6803
539,45.9991
540,45.9250
541,45.9108
542,46.2799
543,46.3710
544,46.4934
545,46.3852
546,46.6433
547,47.0019
548,47.2230
549,47.2941
550,47.4307
551,47.9231
552,48.2011
553,48.5114
554,48.7372
555,49.0816
556,49.4991
557,49.9706
558,50.4848
559,51.0455
560,51.5835
561,52.1689
562,52.8643
563,53.6186
564,54.2324
565,54.9042
566,55.6385
567,56.5389
568,57.3653
569,58.1784
570,59.0361
571,60.4250
572,61.3757
573,62.4364
574,63.6433
575,65.0683
576,66.1025
577,67.6689
578,69.2552
579,70.9089
580,72.5759
581,74.1376
582,75.5693
583,77.0683
584,78.9004
585,80.2884
586,81.7922
587,83.2505
588,84.7770
589,86.1025
590,87.9516
591,89.3918
592,90.9222
593,92.3795
594,93.6025
595,95.1594
596,96.7040
597,97.8786
598,99.3273
599,100.6490
600,101.9583
601,102.9877
602,104.0816
603,105.1565
604,105.6831
605,106.6850
606,106.9469
607,107.8520
608,107.9250
609,108.1841
610,108.9915
611,108.7789
612,109.2343
613,109.2353
614,109.0161
615,109.0085
616,108.6025
617,108.1423
618,108.1319
619,107.3861
620,107.1556
621,106.5664
622,106.0408
623,105.4772
624,105.0844
625,104.5228
626,104.6006
627,104.1148
628,104.0996
629,104.4250
630,104.3235
631,104.6385
632,104.5645
633,104.7970
634,104.9592
635,105.5038
636,105.5465
637,106.2049
638,106.2049
639,106.5209
640,106.9478
641,106.6480
642,106.7856
643,107.0541
644,107.1034
645,107.3017
646,107.2837
647,107.0996
648,106.6869
649,107.1936
650,107.0702
651,106.9658
652,107.0161
653,107.0161
654,106.9573
655,106.6841
656,106.7059
657,106.2277
658,105.7087
659,105.4175
660,105.4203
661,105.1736
662,105.0484
663,104.5484
664,104.3064
665,104.0398
666,103.5721
667,103.3131
668,102.7562
669,102.5702
670,101.7135
671,101.6575
672,101.2315
673,100.6651
674,99.8681
675,99.1527
676,98.5693
677,97.6575
678,97.3178
679,96.8501
680,96.0256
681,95.4877
682,94.5389
683,94.1689
684,93.1082
685,92.2296
686,91.8444
687,90.9886
688,90.1973
689,89.5645
690,88.8368
691,88.1347
692,87.4070
693,86.4734
694,85.5987
695,84.6110
696,84.0759
697,83.0645
698,82.0408
699,80.8435
700,80.0142
701,78.7590
702,77.7030
703,76.6195
704,75.0844
705,73.9677
706,72.5844
707,71.4099
708,69.7571
709,68.4450
710,66.7230
711,65.2960
712,63.9431
713,62.7353
714,61.2211
715,59.7154
716,58.1537
717,56.8634
718,55.6290
719,54.4250
720,52.9668
721,52.0085
722,50.7552
723,49.6698
724,48.7135
725,47.4972
726,46.7837
727,45.9061
728,45.2277
729,44.5987
730,43.9639
731,43.5968
732,42.9753
733,42.6698
734,42.2685
735,41.9156
736,41.5977
737,41.5588
738,41.5076
739,41.2249
740,41.3719
741,41.2685
742,41.5190
743,41.3662
744,41.5446
745,41.7192
746,41.8700
747,41.8814
748,42.2457
749,42.2704
750,42.3074
751,42.5351
752,42.7011
753,42.8662
754,43.0712
755,42.8672
756,43.1157
757,43.2457
758,43.2305
759,43.4070
760,43.4099
761,43.6063
762,43.6803
763,43.8055
764,43.9545
765,44.0550
766,44.0332
767,44.2713
768,44.2770
769,44.3634
770,44.2059
771,44.5825
772,44.6613
773,44.7524
774,44.9023
775,44.9469
776,45.1091
777,45.2856
778,45.3197
779,45.2998
780,45.6917
781,45.6803
782,45.7268
783,45.8805
784,46.1632
785,46.2059
786,46.5237
787,46.6679
788,46.9810
789,47.2106
790,47.4867
791,47.6082
792,48.0228
793,48.3463
794,48.6328
795,49.1556
796,49.6366
797,50.0019
798,50.5247
799,51.1110
800,51.8359
801,52.5816
802,53.3596
803,54.2913
804,54.8966
805,55.6879
806,56.5778
807,57.6205
808,58.5474
809,59.5019
810,60.3814
811,61.6528
812,63.0009
813,64.1328
814,65.4649
815,66.9345
816,68.2742
817,69.6632
818,71.1898
819,72.6214
820,74.4118
821,75.9829
822,77.6233
823,79.0171
824,80.6499
825,82.0882
826,83.6584
827,84.8197
828,86.5038
829,87.9345
830,89.3615
831,90.8975
832,92.1025
833,93.7600
834,95.0436
835,96.5152
836,97.8861
837,99.3757
838,100.5607
839,101.4535
840,103.0133
841,103.7306
842,104.6992
843,105.6822
844,106.2913
845,107.4649
846,108.0465
847,108.7865
848,109.5285
849,110.0892
850,110.8188
851,110.7818
852,110.8596
853,110.9611
854,111.4326
855,111.3055
856,111.3899
857,111.5057
858,111.4658
859,111.2040
860,110.8548
861,110.5199
862,110.3918
863,109.7780
864,109.4706
865,109.0930
866,108.8340
867,108.6205
868,108.6063
869,108.1129
870,108.1822
871,108.4279
872,108.4924
873,108.6015
874,108.4602
875,108.5256
876,108.3548
877,108.5180
878,108.9108
879,109.0142
880,109.1746
881,109.7457
882,109.3994
883,109.8482
884,109.9962
885,110.0825
886,110.3216
887,110.5958
888,110.6309
889,110.8254
890,110.9364
891,111.1575
892,111.2638
893,111.1888
894,110.9734
895,110.7865
896,110.7495
897,110.2989
898,109.9459
899,109.5987
900,109.4791
901,109.3378
902,108.8767
903,108.6641
904,108.6689
905,108.5104
906,108.0949
907,107.8444
908,107.1717
909,106.5816
910,105.6917
911,105.1480
912,104.5683
913,104.2106
914,103.5019
915,103.0370
916,102.2770
917,101.6717
918,101.0218
919,100.3842
920,99.6300
921,99.1205
922,98.2192
923,97.4488
924,96.5930
925,95.5636
926,94.9459
927,93.9886
928,93.3548
929,92.6736
930,91.7989
931,91.0465
932,90.3169
933,89.7324
934,88.6158
935,87.7287
936,86.9336
937,85.8083
938,84.9023
939,83.7106
940,82.2457
941,81.4004
942,80.2770
943,79.0237
944,77.8302
945,76.8444
946,75.4345
947,74.0636
948,72.3890
949,70.9972
950,69.1034
951,67.4288
952,65.7913
953,63.9915
954,62.4497
955,61.4089
956,59.8691
957,58.3083
958,56.8956
959,55.5712
960,54.0417
961,52.7106
962,51.6025
963,50.2087
964,49.0057
965,47.6879
966,46.6964
967,46.1271
968,45.0323
969,44.2865
970,43.8197
971,43.4962
972,42.8368
973,42.4744
974,42.1907
975,42.1053
976,41.9355
977,41.8691
978,41.7552
979,41.6898
980,41.5493
981,41.6300
982,41.4981
983,41.4222
984,41.6167
985,41.7040
986,41.9772
987,42.3235
988,42.6480
989,42.9962
990,43.1376
991,43.3197
992,43.2486
993,43.4298
994,43.6442
995,43.5740
996,43.8254
997,43.7315
998,43.8729
999,44.1044
1000,44.0892
1001,44.1205
1002,44.1879
1003,44.3235
1004,44.3577
1005,44.4677
1006,44.5398
1007,44.7372
1008,44.5579
1009,44.6575
1010,44.8102
1011,44.7600
1012,44.9127
1013,45.0085
1014,45.1129
1015,45.3254
1016,45.5085
1017,45.4772
1018,45.4639
1019,45.6822
1020,45.6679
1021,45.6888
1022,45.8985
1023,46.0398
1024,46.3083
1025,46.5180
1026,46.7856
1027,46.8757
1028,47.0380
1029,47.3662
1030,47.6442
1031,48.1964
1032,48.5313
1033,49.0057
1034,49.4668
1035,50.0863
1036,50.7448
1037,51.2201
1038,52.0218
1039,52.5427
1040,53.2932
1041,54.1565
1042,54.9032
1043,55.9573
1044,56.7751
1045,58.0702
1046,58.8852
1047,59.9535
1048,61.0285
1049,62.1328
1050,63.6205
1051,64.7372
1052,66.0512
1053,67.2552
1054,68.7989
1055,70.0645
1056,71.2704
1057,72.6632
1058,74.0294
1059,75.7960
1060,77.0190
1061,78.5123
1062,80.0778
1063,81.6139
1064,82.7211
1065,83.9336
1066,85.4611
1067,86.8833
1068,88.1214
1069,89.6347
1070,90.9972
1071,92.4905
1072,93.6727
1073,95.2116
1074,96.1176
1075,97.5588
1076,98.8529
1077,99.7742
1078,101.4981
1079,102.5417
1080,103.8757
1081,104.9516
1082,105.9194
1083,106.9535
1084,107.8899
1085,108.4592
1086,109.4108
1087,109.9497
1088,110.5531
1089,111.0750
1090,111.4801
1091,112.0493
1092,112.1205
1093,112.4241
1094,112.9288
1095,113.2287
1096,113.2201
1097,113.2277
1098,113.0180
1099,113.0057
1100,112.9953
1101,112.7182
1102,112.6309
1103,112.3966
1104,112.2846
1105,111.9383
1106,111.8340
1107,111.4431
1108,111.5731
1109,111.2562
1110,111.2078
1111,111.4241
1112,111.1822
1113,111.0939
1114,111.0873
1115,111.0417
1116,110.8235
1117,110.9668
1118,110.8454
1119,111.0655
1120,111.4241
1121,111.0531
1122,111.7182
1123,111.7713
1124,111.8899
1125,112.0047
1126,112.0626
1127,112.0123
1128,111.9108
1129,111.7894
1130,111.3662
1131,111.4307
1132,111.1698
1133,110.9241
1134,111.1328
1135,111.0560
1136,111.0275
1137,110.5275
1138,110.5873
1139,110.2268
1140,110.2533
1141,109.9279
1142,109.4336
1143,109.4867
1144,109.0655
1145,108.4886
1146,108.0000
1147,107.8842
1148,107.3454
1149,106.9326
1150,106.4583
1151,105.8947
1152,105.4848
1153,104.9668
1154,104.3178
1155,103.7903
1156,103.0398
1157,102.5892
1158,101.5579
1159,100.9696
1160,100.1841
1161,99.4402
1162,98.5721
1163,97.9668
1164,97.3824
1165,96.3890
1166,95.4212
1167,94.8235
1168,93.6992
1169,92.9345
1170,92.3899
1171,91.6565
1172,90.7562
1173,90.0702
1174,89.2154
1175,88.3700
1176,87.4725
1177,86.5977
1178,85.5882
1179,84.5607
1180,83.5664
1181,82.6973
1182,81.4753
1183,80.1233
1184,78.8169
1185,77.7865
1186,76.6452
1187,75.2040
1188,73.7837
1189,72.4621
1190,70.8567
1191,69.5702
1192,68.1670
1193,66.6395
1194,65.3416
1195,63.7960
1196,62.3150
1197,61.0636
1198,59.6205
1199,58.0778
1200,57.0930
1201,55.6660
1202,54.4639
1203,53.4061
1204,52.1954
1205,51.2362
1206,49.9772
1207,49.2685
1208,48.4450
1209,47.4535
1210,47.0398
1211,46.4203
1212,45.8074
1213,45.2315
1214,44.7334
1215,44.3340
1216,44.0806
1217,43.6376
1218,43.4516
1219,43.0750
1220,43.0161
1221,42.8349
1222,42.6622
1223,42.6423
1224,42.5664
1225,42.4042
1226,42.7030
1227,42.5797
1228,42.7894
1229,42.8861
1230,42.9972
1231,43.0683
1232,43.3074
1233,43.2287
1234,43.4516
1235,43.4165
1236,43.5987
1237,43.6120
1238,43.7049
1239,43.5873
1240,44.0740
1241,43.8615
1242,44.1167
1243,44.1328
1244,44.2562
1245,44.2913
1246,44.4573
1247,44.7258
1248,44.5835
1249,44.5304
1250,44.7552
1251,44.7324
1252,44.7846
1253,44.7154
1254,45.0256
1255,45.2192
1256,45.3387
1257,45.4412
1258,45.7182
1259,46.0256
1260,46.1025
1261,46.1632
1262,46.4791
1263,46.6945
1264,46.9393
1265,47.1101
1266,47.4317
1267,47.8169
1268,48.0683
1269,48.4810
1270,48.8795
1271,49.5342
1272,49.6793
1273,50.2030
1274,50.6879
1275,51.5095
1276,51.8008
1277,52.7021
1278,53.3662
1279,54.3435
1280,55.2068
1281,55.6917
1282,56.8501
1283,57.6888
1284,58.7381
1285,59.8824
1286,60.8672
1287,62.1101
1288,63.2789
1289,64.7694
1290,65.7619
1291,67.0541
1292,68.3397
1293,69.6527
1294,70.7884
1295,71.9839
1296,73.5731
1297,74.6584
1298,76.2789
1299,77.6053
1300,78.9991
1301,80.1195
1302,81.5351
1303,82.9383
1304,84.1860
1305,85.6442
1306,86.7856
1307,88.1366
1308,89.0398
1309,90.3994
1310,91.6879
1311,93.0389
1312,94.1300
1313,95.5788
1314,96.5636
1315,98.2505
1316,98.9753
1317,100.1717
1318,101.5655
1319,102.7951
1320,103.9478
1321,104.8491
1322,105.9867
1323,106.8340
1324,107.6300
1325,108.5266
1326,109.4991
1327,110.2486
1328,111.1603
1329,111.7723
1330,112.2979
1331,112.8824
1332,113.4412
1333,113.7922
1334,114.0645
1335,114.1167
1336,114.3349
1337,114.6110
1338,114.5266
1339,114.6072
1340,114.9156
1341,114.8216
1342,114.9848
1343,114.9051
1344,114.9402
1345,114.9573
1346,114.6471
1347,114.6252
1348,114.3596
1349,114.1233
1350,113.8871
1351,113.7495
1352,113.7087
1353,113.2249
1354,113.0911
1355,113.1053
1356,113.0209
1357,113.2742
1358,112.9953
1359,113.4317
1360,113.2287
1361,113.4801
1362,113.6964
1363,113.4943
1364,113.7353
1365,113.9146
1366,113.6793
1367,113.7287
1368,113.7732
1369,113.8975
1370,114.0009
1371,113.6575
1372,113.9867
1373,113.6565
1374,113.6120
1375,113.3757
1376,113.3956
1377,113.3473
1378,113.3387
1379,112.9877
1380,112.7429
1381,112.5218
1382,111.8824
1383,111.6433
1384,110.9013
1385,110.7343
1386,110.0655
1387,109.6176
1388,108.8406
1389,108.3150
1390,107.7419
1391,107.1319
1392,106.6091
1393,106.0171
1394,105.1765
1395,104.4440
1396,103.7343
1397,102.9696
1398,101.9981
1399,101.5693
1400,100.3340
1401,99.7334
1402,99.0835
1403,97.8824
1404,97.2647
1405,96.4981
1406,95.6271
1407,94.9326
1408,93.9867
1409,93.1964
1410,92.3121
1411,91.6594
1412,90.9364
1413,89.9782
1414,89.1176
1415,88.4051
1416,87.6575
1417,86.8188
1418,86.0313
1419,85.2562
1420,84.5123
1421,83.5655
1422,82.5512
1423,81.7856
