30.379	779.311	582.714
29.588	779.247	584.182
29.964	778.953	583.050
29.897	781.164	583.078
29.987	782.071	581.437
29.628	782.076	581.140
29.416	782.488	583.040
30.681	780.129	582.554
29.707	780.824	581.752
30.549	779.134	580.734
30.071	781.091	581.607
29.529	781.519	581.050
29.953	781.259	581.500
30.101	780.461	582.230
30.075	779.199	582.308
29.441	776.876	583.334
30.263	773.976	587.419
30.104	774.586	584.490
28.894	776.910	582.977
29.864	775.279	583.808
29.457	778.974	584.414
29.972	777.371	584.323
29.477	777.836	583.230
29.743	774.076	584.721
30.827	771.999	581.843
29.890	774.272	580.053
28.940	776.584	579.489
29.936	778.424	581.922
30.459	777.712	583.589
30.497	774.216	584.241
31.631	774.815	584.353
31.293	775.536	583.468
29.186	774.285	584.278
30.800	776.753	584.959
29.928	777.414	584.572
31.009	776.699	581.103
30.013	779.652	580.228
30.116	780.044	580.558
29.883	780.130	581.617
30.222	777.715	581.283
29.303	780.856	582.505
30.381	779.811	586.045
32.063	777.404	587.617
30.130	779.309	586.186
29.365	778.929	585.867
29.635	776.788	586.488
30.246	777.363	585.596
29.557	776.282	585.435
29.423	779.494	581.700
29.509	779.129	581.719
31.011	779.290	582.743
30.340	778.766	585.070
29.944	777.593	585.617
29.529	777.507	585.866
31.526	779.524	585.755
29.733	777.630	583.918
28.210	779.203	581.005
31.982	777.076	583.140
29.474	780.226	581.873
29.765	779.416	583.118
30.636	778.752	583.394
29.983	778.322	585.443
29.927	778.822	584.495
30.377	776.666	584.328
29.778	777.512	582.547
31.102	776.054	584.653
29.409	776.594	585.256
30.058	775.245	587.925
29.231	778.191	584.967
29.393	778.127	580.322
28.849	779.717	577.977
29.754	782.253	578.829
30.070	777.768	580.521
29.504	778.455	582.361
29.449	777.668	582.435
29.195	777.910	581.239
29.988	775.507	580.761
30.024	778.312	580.480
30.186	778.561	581.079
29.445	779.244	583.444
30.003	778.241	583.715
29.455	778.428	584.160
30.041	778.793	581.940
29.504	781.784	582.475
31.056	780.998	580.947
29.439	781.057	582.609
30.400	780.901	581.828
30.525	780.498	582.194
29.598	779.892	581.190
29.957	780.342	578.597
30.194	780.661	579.061
30.582	781.967	578.831
29.740	779.126	580.600
30.542	779.208	585.361
29.529	778.851	584.435
30.522	776.843	583.008
28.436	777.065	583.445
30.645	779.424	585.163
30.395	778.105	586.305
30.190	781.436	583.667
30.823	781.268	583.265
30.505	779.735	583.607
31.338	780.157	585.520
31.033	778.502	588.319
28.795	776.895	586.382
30.269	775.782	585.501
28.448	777.585	582.380
30.472	777.465	584.038
28.087	778.848	583.819
30.331	778.729	585.886
30.362	777.631	586.105
29.139	777.210	584.209
29.507	778.785	582.759
30.044	778.056	583.839
29.996	778.560	585.999
30.569	780.391	586.918
29.960	776.860	586.152
29.590	777.687	584.965
29.812	776.668	585.999
29.068	776.150	582.034
30.360	776.244	581.483
29.743	779.902	579.623
30.802	777.082	580.737
28.639	776.760	581.441
28.514	776.082	581.311
30.053	777.341	582.111
29.278	778.258	583.838
29.984	775.060	580.686
28.830	776.501	584.601
30.312	778.524	583.901
29.331	777.817	584.833
29.702	778.399	581.783
30.115	778.715	584.044
30.558	777.122	580.892
29.515	779.854	582.463
30.837	776.566	582.429
29.269	777.439	583.076
30.006	776.414	583.530
29.731	773.544	581.784
30.439	775.335	580.064
29.765	776.867	579.824
29.713	775.479	578.791
29.819	775.559	579.221
30.292	774.256	577.493
30.054	775.909	578.431
29.043	775.110	578.765
30.108	775.858	581.547
29.374	776.446	581.694
29.186	775.394	579.847
28.947	776.091	578.363
30.267	777.474	581.499
28.505	775.854	580.793
29.620	776.223	584.510
30.273	777.235	584.562
29.930	774.624	585.776
29.470	774.529	583.614
30.891	776.491	585.411
29.487	776.003	582.095
29.709	775.403	582.561
30.311	774.159	586.218
29.994	775.934	581.113
29.143	774.968	580.037
28.989	779.192	581.863
29.642	777.180	581.500
29.636	778.444	581.304
31.322	775.708	579.139
29.458	779.164	579.966
29.294	778.271	581.229
29.348	782.396	578.211
31.748	779.910	579.966
30.253	780.035	581.418
30.003	778.711	582.687
28.080	778.590	580.982
28.921	779.515	580.283
29.783	778.293	580.582
29.554	777.512	580.901
29.622	779.900	582.128
31.199	779.397	583.251
30.037	781.290	581.639
30.099	779.828	581.988
30.686	780.974	581.539
29.480	779.020	583.650
29.816	777.149	585.911
29.723	776.630	585.141
29.635	779.406	586.635
29.141	777.662	584.521
29.347	780.813	581.898
30.339	780.662	582.421
29.144	779.217	584.490
29.919	778.078	584.281
29.668	774.131	582.428
29.515	775.980	580.176
28.002	776.890	581.771
29.830	777.487	580.728
31.266	778.973	583.019
30.140	778.611	585.930
29.961	778.766	585.421
29.487	777.674	585.181
30.090	779.183	584.003
30.913	776.759	584.826
29.747	774.971	581.484
30.371	776.701	579.710
29.046	776.407	577.610
29.445	777.614	578.713
31.097	775.206	579.749
29.999	772.951	582.206
28.872	776.435	581.717
30.013	776.010	581.027
29.592	776.843	578.554
28.175	778.269	579.594
29.221	777.760	583.864
30.611	777.421	583.921
30.123	778.976	585.094
29.462	775.524	585.549
30.470	778.388	585.974
30.836	777.308	584.009
30.619	775.801	581.959
30.007	775.447	580.946
30.744	771.837	580.838
28.520	775.763	580.531
30.202	774.388	581.420
29.334	776.813	581.961
30.436	779.876	580.664
30.913	779.334	582.362
29.552	780.544	581.307
30.366	778.339	583.274
29.452	779.104	582.919
30.722	780.230	583.963
29.362	778.922	583.893
30.540	774.839	586.531
28.720	772.378	585.514
28.679	776.121	582.741
30.515	776.045	581.915
30.545	775.744	584.221
30.269	773.725	583.266
29.824	777.700	583.679
29.714	777.020	585.524
31.131	774.173	586.245
28.844	775.761	585.545
30.596	778.164	586.681
30.048	779.639	584.198
29.950	779.667	585.157
29.972	779.508	583.428
28.867	776.685	583.248
30.088	776.307	583.397
29.396	778.405	582.905
30.070	778.024	580.982
29.966	777.862	581.671
29.869	776.881	584.234
28.571	774.540	584.294
28.606	776.319	581.604
30.726	778.314	584.434
29.659	776.627	584.548
29.299	778.955	585.155
29.268	777.294	586.125
29.944	776.505	583.737
30.217	776.676	585.958
29.195	777.682	584.344
29.007	777.243	582.827
30.014	776.473	582.074
30.481	777.533	582.760
30.214	777.848	582.621
30.135	777.025	580.045
30.419	777.199	581.135
29.366	776.133	579.581
29.426	774.542	576.592
30.212	775.724	574.686
29.890	778.866	575.725
28.848	778.137	578.901
29.597	777.503	582.029
29.216	778.054	582.124
30.032	777.798	585.621
30.499	774.490	583.502
29.561	777.574	584.433
30.210	776.244	585.117
29.164	773.962	583.053
29.269	776.550	583.936
29.278	777.865	584.681
29.118	777.525	581.928
29.669	777.906	579.294
29.220	780.841	577.326
30.007	779.472	579.366
31.080	776.637	579.375
28.937	777.876	578.095
30.646	777.658	577.210
29.729	778.323	577.637
28.675	777.962	580.158
29.422	778.675	581.548
30.624	778.351	581.691
29.745	779.969	580.849
30.396	780.012	585.115
31.077	780.085	584.955
30.111	779.407	584.860
29.124	778.967	585.232
29.476	778.173	583.597
29.265	775.733	584.449
29.169	774.816	579.887
29.422	775.887	579.553
29.455	774.545	580.935
30.090	772.826	581.717
29.928	774.842	581.257
29.209	774.202	581.146
29.148	774.100	581.205
28.684	771.708	581.445
29.926	771.780	579.061
29.211	774.248	580.458
28.871	775.533	581.161
28.789	777.187	579.722
30.869	774.607	581.380
29.340	776.048	581.678
30.126	775.871	584.944
30.230	777.567	585.580
30.472	776.692	585.294
29.764	779.076	583.249
29.404	778.659	582.825
31.268	778.096	584.100
31.381	774.736	586.081
30.561	776.179	583.240
30.462	777.045	582.959
30.225	774.365	581.978
29.198	771.803	584.695
29.657	772.714	585.697
30.221	774.317	587.980
30.084	774.705	585.978
29.417	775.172	587.860
30.807	775.779	585.942
29.893	775.222	586.152
29.194	777.050	583.881
28.953	777.169	585.532
28.812	777.354	587.832
30.995	776.982	586.323
29.320	780.431	587.324
29.683	778.839	586.150
29.635	779.090	585.444
29.820	776.969	583.122
29.582	774.822	581.908
29.763	776.363	579.704
29.900	779.858	580.470
29.189	780.404	581.693
28.207	780.503	581.058
30.040	781.151	582.457
30.998	780.788	584.323
30.114	780.739	586.160
30.392	782.257	588.102
31.264	780.767	587.117
28.827	781.644	583.757
29.729	779.443	582.541
30.157	780.243	580.369
28.708	779.327	583.080
30.511	780.490	580.326
28.750	780.808	578.901
30.356	780.375	580.874
30.228	782.592	578.997
30.214	782.955	580.841
30.555	786.160	581.488
29.780	786.056	583.594
29.992	782.206	582.582
30.668	785.515	581.449
30.740	782.633	580.518
29.379	782.563	579.668
29.745	779.348	581.385
30.174	778.344	581.556
28.436	779.747	579.847
29.693	778.344	578.856
29.514	780.394	580.182
29.271	781.827	580.511
30.209	780.849	579.693
29.786	779.932	577.909
29.874	778.633	582.696
30.840	779.588	584.356
29.662	780.049	585.396
30.063	777.907	587.380
28.484	774.459	587.368
29.684	777.433	587.195
29.566	777.015	585.149
29.742	776.019	586.615
29.733	775.400	584.777
29.896	775.374	584.413
29.878	778.072	584.457
30.967	779.689	585.184
29.980	779.647	584.258
30.429	777.631	587.092
29.979	777.775	585.571
29.541	779.497	584.790
29.950	776.801	585.494
29.357	780.483	583.340
29.111	778.185	583.500
29.696	775.591	585.252
28.755	775.120	585.861
29.721	777.274	585.754
30.299	776.629	582.867
30.929	780.332	583.082
30.320	779.001	582.292
30.575	779.683	583.280
30.270	780.240	583.650
30.185	778.300	586.469
30.091	777.730	584.264
29.603	779.576	582.648
29.672	779.066	583.132
31.017	780.669	583.564
30.621	778.589	581.001
29.287	779.904	579.683
30.469	779.844	582.184
29.171	782.041	580.093
29.358	780.007	580.594
29.435	780.936	580.339
30.297	779.446	579.253
29.837	779.133	578.481
29.002	775.261	579.326
30.199	772.189	582.525
29.143	776.574	579.688
29.984	779.869	578.093
30.088	780.686	575.058
29.829	779.721	576.822
29.053	781.919	577.717
29.774	782.112	579.341
30.009	780.356	581.172
31.271	778.901	580.603
29.763	779.613	582.974
30.877	779.313	583.501
31.087	779.317	585.313
29.193	781.090	580.698
28.824	779.263	581.225
30.031	780.045	581.612
29.836	779.437	581.820
30.196	780.190	585.072
30.811	779.802	583.669
30.812	777.608	584.812
30.268	778.896	584.072
31.689	777.479	583.590
29.913	779.555	585.133
31.104	779.778	589.221
30.071	780.625	587.045
31.134	779.103	585.055
30.357	778.539	584.609
30.331	779.295	582.470
30.383	782.147	582.262
30.588	782.287	582.327
30.885	780.896	582.036
30.314	781.510	582.074
30.806	783.161	583.970
30.779	782.120	585.152
30.902	779.391	585.089
31.813	779.375	581.387
29.746	779.213	581.015
29.294	779.346	584.123
29.601	778.275	581.976
29.830	780.241	581.571
30.222	780.207	583.500
29.167	781.559	582.147
29.818	783.294	581.356
29.738	780.638	582.092
29.805	779.296	584.352
31.047	779.553	585.571
30.526	779.117	584.134
30.087	779.327	586.292
29.249	779.189	583.344
30.770	780.329	583.533
30.264	778.523	583.457
30.567	780.496	582.602
30.722	774.528	585.231
29.242	775.018	582.479
27.788	779.418	580.366
29.377	780.751	579.514
28.835	778.763	584.371
29.187	775.344	584.528
28.521	774.169	581.955
28.918	773.375	585.430
30.333	773.805	584.977
28.634	777.094	584.215
28.913	774.782	586.164
29.459	774.776	585.191
30.579	776.692	586.843
30.195	777.254	586.098
30.029	777.031	581.291
29.934	775.245	583.953
29.732	777.105	583.748
29.159	778.817	582.292
29.132	779.362	583.098
29.416	777.807	583.686
29.961	776.632	583.061
28.828	778.877	581.994
28.806	780.060	581.067
28.745	779.274	583.208
29.403	780.043	583.650
28.945	778.762	582.975
28.793	779.428	582.992
28.770	777.274	583.864
28.761	776.485	582.949
28.189	778.318	583.493
30.560	773.566	584.998
29.098	774.068	582.913
29.180	773.813	579.915
30.833	772.762	579.253
28.890	774.718	580.175
28.401	775.489	580.988
29.614	778.874	580.695
29.425	777.410	581.808
29.296	778.249	581.053
30.888	777.932	583.889
29.024	777.364	584.004
29.141	779.059	583.378
29.348	779.768	582.614
31.003	775.869	585.696
30.388	776.479	586.202
30.078	776.920	586.653
30.193	778.935	586.050
31.499	776.576	584.936
29.770	777.633	581.947
29.517	778.407	583.466
29.441	777.548	585.056
29.840	777.467	583.661
30.086	776.662	581.769
29.755	779.221	582.863
30.095	778.174	585.960
30.520	779.204	584.839
30.581	778.907	583.102
28.313	778.803	582.088
29.861	779.117	583.937
30.885	778.012	583.236
29.204	780.520	582.673
30.276	781.746	580.317
29.953	780.205	582.320
29.694	778.312	581.436
29.212	779.200	578.396
30.021	780.954	577.657
28.539	780.927	578.256
28.680	779.830	581.113
28.927	779.956	580.184
30.686	780.297	582.535
29.661	778.015	583.875
31.157	777.641	585.383
29.220	775.909	583.209
30.254	776.158	583.658
28.510	777.487	579.765
30.579	780.623	580.753
30.536	779.040	582.766
30.387	776.545	586.108
29.464	774.984	584.881
30.076	777.633	583.018
29.566	777.418	583.822
31.795	777.812	584.753
29.059	780.646	581.093
29.648	779.757	582.807
30.182	780.127	584.834
30.501	778.575	584.740
31.026	776.749	586.064
30.009	777.588	583.927
29.875	779.788	580.976
30.076	778.689	579.388
29.223	779.870	582.956
30.183	778.977	584.332
29.507	778.647	583.137
28.847	780.851	582.538
29.519	778.044	582.639
30.393	776.154	581.179
30.641	777.227	581.825
28.962	777.479	580.470
30.433	781.605	580.264
29.869	777.958	584.948
29.626	779.442	583.916
29.393	781.473	583.391
29.849	780.617	581.866
30.451	779.182	582.490
30.459	778.982	582.730
28.344	779.919	580.316
29.250	778.635	580.762
29.663	778.501	583.630
29.602	777.036	584.106
30.002	778.675	582.853
29.388	778.921	585.841
30.540	779.304	585.542
31.357	777.038	586.771
29.007	775.949	586.211
30.084	775.600	584.547
28.311	772.774	583.252
27.881	775.144	582.918
29.909	774.751	583.111
29.407	775.607	584.018
28.956	776.685	582.879
29.663	777.176	583.910
29.737	775.329	584.051
29.528	773.417	584.076
29.756	773.111	582.732
28.897	775.301	583.548
29.711	776.670	583.910
29.928	779.246	581.695
29.972	777.322	579.716
28.829	779.028	579.880
28.899	776.271	580.298
28.929	773.870	579.913
29.952	775.156	580.201
29.028	775.275	580.991
28.083	777.135	580.224
29.541	780.214	582.714
29.169	778.939	586.008
29.333	777.798	585.748
30.072	776.963	584.545
29.139	776.148	583.124
29.005	775.286	583.696
30.154	776.185	580.695
29.043	775.381	579.792
29.424	771.668	583.252
29.535	771.124	580.548
29.747	772.630	580.209
29.911	769.612	583.023
29.774	771.457	583.512
30.267	771.993	582.564
29.535	771.381	583.490
28.800	773.891	583.109
29.489	777.997	579.365
28.634	776.791	580.702
30.096	776.510	582.996
31.676	778.157	582.131
29.606	777.500	582.739
30.312	777.748	584.875
29.913	779.705	584.815
31.124	782.323	584.587
31.092	782.290	585.039
31.592	779.240	584.110
30.255	779.229	585.480
30.601	776.671	583.021
28.929	775.952	581.962
29.701	776.834	580.559
29.433	779.088	583.226
30.354	779.179	584.448
30.055	777.765	584.877
29.993	775.233	586.261
31.312	774.751	583.028
32.704	771.633	586.621
29.733	776.341	584.740
31.186	776.258	584.376
31.109	775.525	584.065
30.862	775.312	583.435
30.866	774.431	583.843
29.699	775.248	582.007
30.027	774.591	582.904
30.643	776.231	580.671
29.568	776.409	582.473
30.295	778.739	583.462
30.242	779.099	583.524
30.788	776.575	587.380
30.094	778.266	586.199
30.032	778.696	585.237
30.776	778.979	583.025
29.881	778.048	583.816
30.240	780.487	586.110
31.150	776.509	587.377
30.242	777.136	586.399
30.244	778.813	581.404
30.143	778.947	581.438
29.860	777.594	584.388
28.996	775.632	583.732
29.556	777.394	584.243
30.862	779.112	583.619
29.648	778.644	583.684
30.101	777.740	586.900
29.791	775.765	588.456
29.895	775.033	582.857
31.412	775.134	584.103
30.793	773.132	582.164
29.029	777.197	581.310
30.342	776.844	579.328
30.545	773.130	576.978
30.232	774.532	576.061
29.914	775.109	579.701
30.153	777.734	580.027
29.886	776.666	582.873
29.874	778.610	583.948
29.692	777.825	584.865
28.232	777.753	585.006
29.405	777.618	582.729
28.746	779.529	581.414
30.434	780.750	583.509
31.188	780.022	581.688
29.229	780.318	583.011
29.125	779.598	582.115
30.669	779.308	581.612
29.173	780.054	583.122
29.754	781.127	582.215
29.386	777.035	582.959
30.374	777.280	581.217
30.681	780.610	583.013
30.130	779.792	584.645
29.621	777.465	585.142
29.088	778.560	584.336
29.749	775.896	584.613
29.395	778.398	585.067
28.147	779.099	582.727
29.995	778.555	586.461
29.607	778.083	586.908
29.915	776.372	587.106
29.098	775.991	585.916
30.108	778.170	585.502
29.604	777.620	581.756
30.601	779.144	580.896
30.262	779.223	582.041
31.261	777.248	585.452
30.552	777.345	586.780
29.673	777.853	587.829
29.157	776.998	586.755
29.099	778.496	583.431
30.224	779.248	583.158
31.864	775.397	584.480
29.636	777.746	584.920
29.280	776.693	585.175
27.807	775.834	586.449
30.299	778.372	588.811
31.398	776.334	585.978
30.494	777.184	585.301
30.808	778.680	583.758
30.021	777.660	584.411
30.207	778.789	584.219
31.030	779.743	582.307
30.484	777.348	582.009
29.975	776.503	582.459
29.834	776.437	583.493
28.283	777.839	583.200
29.444	777.800	583.699
29.885	777.451	581.693
27.570	775.355	580.668
28.662	773.932	581.462
27.922	779.236	580.986
31.024	777.302	584.659
31.576	779.377	584.665
30.489	779.631	583.715
30.654	781.221	584.740
30.159	781.465	585.194
30.802	778.790	582.932
29.752	778.469	584.964
32.170	778.141	585.406
31.054	777.100	587.239
30.163	779.261	586.561
30.898	776.162	586.328
30.723	777.098	584.381
30.597	779.646	582.932
30.391	778.529	582.143
31.130	779.311	583.835
29.529	776.805	585.171
30.560	777.259	586.406
30.662	778.679	585.424
30.234	778.925	586.499
29.659	778.360	585.655
30.297	777.393	587.236
29.931	776.663	585.169
29.903	778.390	584.551
30.313	776.151	584.995
30.125	775.649	586.568
29.652	778.955	583.995
30.759	777.502	584.792
30.854	775.950	584.769
28.955	777.670	584.980
29.869	778.544	584.533
30.650	777.372	584.859
29.958	778.010	582.885
30.062	779.654	580.441
28.292	779.134	579.076
28.446	778.738	583.272
30.005	774.710	583.650
29.466	777.363	583.621
31.735	776.566	584.541
30.535	777.101	583.154
30.295	778.351	584.809
29.754	777.896	582.015
29.220	777.751	583.141
29.737	776.510	584.490
31.389	775.302	583.054
30.317	775.854	581.811
29.989	775.115	582.358
30.001	775.987	579.970
30.305	775.177	578.621
29.751	777.035	579.805
30.722	778.812	581.793
29.748	780.009	582.720
30.226	778.407	582.766
29.565	778.351	585.857
29.492	776.068	588.224
28.867	777.958	583.464
28.504	777.061	582.647
28.931	775.738	581.922
28.400	775.564	581.781
30.342	771.899	580.792
30.151	773.853	582.550
30.462	772.281	583.397
30.212	771.237	581.009
30.657	772.475	582.135
29.725	771.087	579.978
30.552	771.718	583.512
30.498	772.773	584.691
31.127	775.821	583.962
30.000	776.318	582.756
30.222	775.741	580.374
29.796	775.808	582.506
30.145	775.660	585.218
28.980	779.861	584.838
30.342	776.719	587.095
30.800	779.710	585.902
29.958	778.780	585.536
29.055	778.476	584.842
29.027	776.331	583.813
30.411	773.776	582.370
30.881	774.881	582.638
28.747	776.852	581.223
31.035	775.059	578.369
29.272	776.971	577.758
30.018	777.634	577.950
31.431	777.198	579.151
29.715	779.189	581.040
29.366	775.848	581.429
29.497	778.070	585.039
30.002	777.045	585.314
30.353	778.308	584.438
28.547	777.047	586.045
29.480	776.994	582.853
28.778	778.686	581.402
30.721	775.435	580.012
28.131	778.674	578.293
30.753	780.336	578.310
29.589	783.186	579.675
30.293	778.776	584.572
30.115	779.433	586.761
30.513	778.401	583.787
29.306	777.293	581.369
31.230	777.744	582.283
28.992	780.350	583.516
29.241	780.329	585.136
29.981	778.429	583.824
30.521	777.324	582.793
29.421	778.467	580.806
30.406	778.373	578.437
29.738	779.043	577.474
29.679	778.381	578.365
29.044	778.797	576.834
29.237	779.260	577.807
29.128	779.240	578.474
29.443	780.391	579.981
29.284	776.788	583.289
30.783	773.360	584.326
30.114	773.920	581.697
30.430	776.366	584.771
30.143	775.815	585.309
29.827	776.504	586.519
30.197	777.986	585.914
28.885	779.297	583.835
29.296	778.098	586.555
29.309	778.044	586.064
28.831	778.613	586.562
31.623	776.674	583.945
30.244	778.954	585.337
32.107	779.749	584.305
31.846	781.068	584.872
28.518	780.505	586.946
31.173	777.792	586.751
30.968	777.545	589.257
29.517	779.447	585.905
29.784	778.464	585.595
30.838	776.954	585.026
29.918	778.096	583.690
30.651	777.336	583.881
31.565	777.853	582.444
28.149	778.643	581.577
32.352	774.529	578.875
30.192	775.246	579.605
29.969	775.321	581.695
31.176	773.974	585.438
29.009	773.958	584.642
30.590	775.034	584.091
29.306	777.422	583.534
30.474	777.326	583.215
29.152	778.774	586.081
31.220	779.067	585.568
30.633	778.816	582.604
29.496	778.967	582.994
30.724	780.432	582.080
28.821	779.481	583.460
31.448	776.986	582.888
28.068	779.029	585.650
29.606	779.879	585.146
29.088	779.020	584.522
30.764	778.487	585.641
29.850	776.752	586.796
30.380	777.003	587.594
30.275	775.484	587.190
29.413	776.986	586.252
29.880	774.905	584.464
29.324	777.665	583.708
30.225	777.520	584.844
29.096	777.987	582.353
29.262	776.750	585.317
29.643	776.532	586.042
29.681	779.325	585.599
30.123	774.593	584.977
30.876	773.411	585.364
29.997	776.340	583.584
29.933	777.261	586.865
29.319	776.960	588.332
27.890	776.353	585.941
29.100	773.643	584.953
29.923	775.775	583.790
29.675	778.089	585.415
29.864	776.800	587.341
29.493	778.476	586.193
29.650	777.635	590.466
29.144	775.412	589.181
29.870	776.191	589.273
29.777	777.543	587.231
30.323	775.665	584.883
29.930	773.588	585.118
30.022	773.150	583.679
29.824	777.137	584.381
30.716	775.441	586.698
28.742	775.497	584.824
31.122	775.722	583.481
29.509	778.603	582.289
29.003	777.255	583.973
28.880	777.595	582.202
29.017	777.577	584.397
30.637	779.035	585.556
29.839	777.900	587.770
29.474	780.540	586.782
29.919	778.926	586.577
30.295	779.725	585.598
29.565	777.773	584.609
28.553	780.496	580.639
28.946	779.392	579.818
27.610	781.347	578.890
27.750	779.453	579.358
28.397	780.056	578.581
28.325	779.225	577.707
28.609	778.871	576.890
28.185	778.892	578.691
29.624	778.760	579.132
29.456	780.367	579.217
28.838	780.767	579.999
28.694	780.348	581.334
29.314	778.253	583.386
29.247	778.873	584.955
28.901	775.897	586.430
28.326	777.726	585.109
28.305	777.419	584.154
28.968	773.335	586.230
28.515	774.152	582.759
28.731	773.062	586.200
29.552	773.534	583.627
29.400	773.847	583.284
28.775	776.561	580.340
28.470	779.455	583.245
29.178	779.876	584.259
30.587	779.106	584.463
29.697	778.553	582.872
29.761	776.899	584.520
27.922	778.385	583.884
28.709	779.352	584.211
28.901	780.948	582.535
29.865	780.372	583.494
28.914	779.763	584.838
30.880	778.891	584.414
31.546	776.341	584.825
30.860	780.140	585.855
29.869	780.153	584.066
28.549	780.582	583.767
29.059	781.898	587.140
29.495	780.993	585.989
29.405	779.227	584.385
29.147	780.408	585.910
28.524	780.293	584.506
29.232	779.351	585.674
28.563	778.673	585.563
29.833	780.063	587.104
29.439	779.908	584.458
29.802	779.048	586.492
30.298	777.849	583.476
29.221	777.932	585.670
28.147	778.376	584.351
27.914	780.044	580.887
28.500	779.108	583.041
27.968	777.296	586.005
28.164	775.064	586.122
29.001	775.856	585.802
29.372	773.678	583.217
29.321	775.189	581.452
28.693	778.419	582.834
28.519	777.087	585.068
29.429	779.714	583.815
28.006	781.194	582.441
28.009	779.747	582.368
29.561	778.487	584.082
29.051	778.885	584.284
29.794	780.005	582.252
29.816	780.507	584.592
29.465	777.801	585.965
28.851	778.707	584.715
28.660	780.419	582.480
28.601	779.359	583.971
28.928	778.597	584.254
29.068	778.446	581.291
29.347	778.108	581.500
28.462	777.365	581.141
28.784	776.505	582.604
28.833	776.760	582.714
27.818	777.985	580.767
28.514	777.707	579.583
27.984	776.559	578.886
27.324	777.360	576.872
28.005	776.385	577.634
29.772	776.239	580.806
29.793	778.183	580.082
28.966	778.857	581.557
28.955	779.412	583.371
29.256	781.907	581.448
29.242	783.351	580.160
27.899	780.068	584.229
29.705	776.257	583.413
28.208	776.921	582.958
28.434	778.692	582.502
29.200	777.160	585.834
29.005	777.815	581.698
29.692	777.345	583.698
28.699	778.177	581.551
28.693	777.440	583.797
27.217	777.959	583.542
28.616	777.258	583.828
28.939	777.717	583.437
27.770	775.966	583.739
28.979	773.468	581.378
28.616	775.085	581.810
29.447	774.630	582.331
28.693	774.077	583.259
29.716	774.885	587.214
29.041	779.595	584.917
30.058	779.719	583.666
29.370	778.609	583.171
29.219	776.860	582.395
28.982	775.354	581.270
28.094	776.919	579.763
28.871	777.831	579.815
28.697	779.026	580.080
29.053	776.961	582.940
29.360	777.520	582.727
30.139	779.292	583.539
30.309	779.889	586.064
28.984	778.545	585.664
30.065	775.232	588.051
28.761	775.288	586.538
28.326	775.847	587.223
29.294	777.190	586.513
29.800	777.473	587.864
30.531	777.276	584.555
28.935	780.138	584.881
28.573	779.069	583.124
27.866	775.351	584.584
28.445	776.153	584.288
28.256	776.819	586.980
28.288	778.315	583.857
29.797	776.507	584.188
30.641	778.703	585.973
28.561	779.719	583.373
28.369	778.160	585.139
28.943	778.645	584.548
29.523	777.559	583.437
27.963	777.486	582.072
30.027	775.832	581.250
29.597	778.944	580.504
28.739	779.106	580.443
29.633	776.855	581.114
29.922	775.347	582.728
29.870	776.599	580.652
28.296	779.537	580.440
28.760	777.875	581.446
29.067	778.002	579.118
28.501	780.034	582.979
28.914	779.385	583.522
28.845	779.310	583.935
28.399	779.133	582.773
30.717	777.180	584.485
29.200	779.553	581.450
28.744	779.374	582.145
29.874	780.663	585.253
29.530	779.176	586.901
29.668	779.237	584.776
30.030	777.055	584.226
28.017	776.237	583.498
28.601	777.295	584.394
29.524	776.006	585.485
29.548	775.664	587.188
30.196	777.233	584.525
29.161	778.546	583.726
29.603	777.025	584.542
28.913	776.122	584.190
29.245	774.434	581.584
29.173	775.487	584.892
28.000	774.757	584.931
27.870	777.138	582.279
28.869	779.424	582.610
29.043	783.176	577.870
28.929	781.571	582.300
29.620	783.626	581.838
30.069	781.657	583.729
29.159	780.781	585.193
29.488	778.545	586.100
30.354	780.178	586.156
28.655	779.203	583.984
29.063	777.442	586.893
28.177	777.384	584.218
29.671	775.449	585.603
27.987	772.914	585.277
29.817	775.958	584.716
27.905	774.871	583.173
29.056	774.518	582.771
27.994	777.150	584.056
27.758	777.631	585.212
29.305	776.198	589.096
28.863	779.018	586.816
28.432	777.347	584.258
28.309	774.302	585.523
30.018	773.554	582.676
28.702	776.854	583.761
28.992	779.758	582.563
28.402	779.289	586.042
30.051	779.840	587.004
29.281	780.628	585.002
30.925	780.497	586.722
30.817	776.660	586.396
29.778	776.441	583.822
29.443	779.805	584.566
28.694	779.776	583.607
29.266	778.961	586.095
28.942	778.140	588.038
29.725	778.478	589.223
30.527	778.556	587.752
29.521	777.691	586.885
30.189	778.936	584.202
29.429	778.529	584.659
30.363	779.493	585.446
29.071	780.465	584.569
27.417	778.551	583.400
29.366	776.675	585.584
29.781	774.624	585.028
27.689	775.351	580.680
29.431	772.963	580.982
29.842	772.260	581.513
28.593	777.576	582.263
29.255	774.991	581.069
28.618	773.914	583.891
27.555	775.093	586.735
28.823	776.681	585.796
28.996	776.091	586.047
29.296	776.144	586.809
29.016	776.947	581.556
29.252	775.649	581.831
29.864	777.872	578.438
29.225	778.780	583.494
28.270	782.152	581.345
29.845	779.702	582.855
29.928	779.615	585.443
28.921	780.049	581.791
28.421	779.235	583.872
30.823	780.643	583.105
29.305	780.754	582.067
29.236	781.219	585.080
29.779	778.888	585.313
29.523	779.489	582.361
29.897	777.850	582.738
28.963	778.728	581.209
28.246	778.915	580.565
29.064	781.637	580.612
29.317	782.080	580.739
29.411	779.627	582.399
28.651	780.626	578.385
29.527	780.270	578.813
29.660	778.827	582.454
29.236	778.425	583.155
29.859	775.880	583.793
29.823	773.879	581.410
30.184	774.813	582.087
30.097	776.319	582.262
29.751	773.922	582.317
27.842	776.536	582.696
29.754	776.085	585.110
29.041	776.565	582.990
29.530	778.068	583.728
29.844	776.168	584.742
29.881	775.551	584.990
28.304	775.829	584.531
29.110	774.149	581.263
28.286	774.340	581.807
28.898	777.127	585.714
29.692	774.354	586.663
28.363	774.106	584.891
29.005	775.312	587.347
29.508	775.723	585.061
28.918	778.957	584.040
29.052	776.139	584.284
29.007	773.337	584.490
28.629	776.284	585.198
28.616	778.189	584.248
29.842	779.422	584.547
29.200	778.562	585.018
29.827	777.166	583.009
28.974	776.169	586.109
29.278	777.166	581.953
29.317	777.394	583.643
28.565	778.146	585.792
29.963	779.214	584.849
30.083	780.087	585.452
28.886	780.931	582.737
29.267	778.684	582.443
29.170	777.130	583.434
28.807	778.486	582.369
29.171	781.444	584.155
28.887	780.649	584.007
29.191	778.343	582.643
29.624	780.203	583.888
27.934	777.697	585.091
28.960	775.280	584.811
28.750	774.709	585.327
29.200	775.288	586.422
29.787	775.982	586.784
29.253	774.123	586.699
29.242	775.178	584.901
29.643	775.824	583.402
31.130	771.532	584.469
30.106	771.737	584.102
28.218	773.494	585.060
29.349	775.202	585.292
29.167	772.833	585.871
28.991	773.382	582.370
29.446	772.352	580.609
29.672	772.620	582.225
28.873	774.988	582.460
29.935	777.882	582.494
28.893	779.195	581.807
28.305	776.112	583.289
28.771	777.245	584.713
27.416	777.340	581.765
29.163	776.870	582.231
29.230	775.077	581.931
29.093	776.546	584.803
29.539	775.014	585.417
29.983	775.587	583.181
29.125	777.596	583.895
28.798	777.155	584.791
29.347	777.331	585.922
29.430	777.380	586.999
29.540	779.401	585.454
30.497	778.388	585.845
29.306	778.237	582.574
29.790	776.793	585.409
30.555	775.949	586.174
29.280	776.850	584.161
29.258	779.414	585.357
30.373	780.432	584.032
30.156	780.045	582.037
29.789	779.426	584.280
28.772	780.239	581.307
29.463	780.877	582.476
28.407	781.273	578.934
29.682	779.243	581.071
29.505	778.126	584.379
29.207	779.458	585.419
29.462	780.191	586.098
30.317	779.081	584.886
27.758	778.739	583.290
29.783	776.544	583.675
29.907	778.350	585.590
29.701	778.520	582.737
30.277	779.027	584.105
30.951	778.700	584.979
29.410	777.004	585.003
30.060	775.870	584.465
30.294	778.200	583.934
29.724	777.424	583.944
30.235	778.136	584.755
30.042	775.850	586.292
28.976	776.094	584.265
29.078	776.401	585.228
29.613	773.462	583.602
29.097	773.052	582.150
28.940	775.577	582.405
29.414	775.689	583.308
29.015	776.028	581.840
29.496	772.210	578.394
28.546	773.507	580.332
28.957	777.448	580.471
29.037	780.715	582.114
27.671	779.815	585.861
29.639	778.387	585.133
29.650	777.370	583.921
29.265	773.033	584.745
27.737	775.141	585.479
29.091	773.839	584.703
28.669	773.158	584.935
29.385	772.776	585.367
29.265	773.527	585.765
28.567	773.054	587.417
29.180	775.065	585.191
28.877	776.925	585.722
29.337	777.119	583.208
29.925	776.514	584.903
29.146	775.801	584.539
29.698	773.407	583.276
29.004	772.489	581.617
30.620	768.895	582.274
29.274	769.239	583.605
28.673	770.165	582.102
29.823	773.568	582.790
28.775	779.749	582.271
29.660	776.811	585.077
29.568	775.032	584.183
29.186	776.716	584.749
30.205	778.491	586.549
28.860	774.691	587.008
29.109	776.605	585.757
28.571	776.703	585.171
29.462	775.344	585.950
28.801	776.478	585.485
29.297	779.115	584.795
29.004	777.895	586.101
28.932	777.157	585.058
29.224	777.712	582.940
29.271	780.602	584.735
29.915	776.627	585.013
29.864	774.998	583.478
29.543	778.113	581.421
28.497	781.190	579.831
29.564	782.093	580.189
29.569	780.143	580.795
28.310	781.758	579.982
28.218	778.585	583.038
29.097	777.498	587.315
29.384	778.399	586.154
30.424	778.216	585.816
29.140	779.475	584.410
28.065	778.824	581.886
29.097	779.383	584.710
29.922	781.338	583.744
30.472	779.796	586.182
29.558	782.402	582.959
28.560	779.633	586.174
28.023	778.658	587.012
29.529	779.612	586.067
29.198	779.057	587.919
29.446	779.697	585.989
28.428	781.720	584.756
29.520	781.178	584.655
29.205	780.140	584.854
29.286	780.579	583.065
28.227	778.018	583.637
29.830	779.560	584.342
29.197	779.454	584.800
27.619	778.626	583.089
28.583	777.071	584.023
30.013	778.300	583.461
29.324	779.639	581.813
29.188	779.323	584.755
28.860	777.232	585.812
28.140	777.180	584.308
28.096	774.695	581.558
28.090	778.755	579.563
29.141	778.775	581.001
28.547	778.691	582.524
29.565	778.096	585.648
28.696	779.778	586.448
29.739	779.998	584.077
28.159	778.215	584.983
28.543	776.979	582.840
28.588	776.676	579.594
28.921	777.799	578.945
29.127	776.726	581.449
28.812	776.937	581.843
29.059	777.361	586.317
29.391	777.586	583.287
28.790	777.928	582.688
29.501	778.021	584.225
29.842	777.199	585.986
29.359	779.020	585.724
29.687	780.492	585.081
28.693	776.642	587.978
28.826	773.486	590.086
29.734	776.547	587.715
29.830	777.377	584.917
28.579	778.305	585.198
29.478	777.408	587.167
29.458	777.564	587.990
29.647	779.665	588.865
30.931	777.195	588.215
27.810	776.091	584.825
27.709	774.596	584.498
27.653	775.006	584.706
28.249	775.860	584.179
29.355	777.569	584.036
29.702	777.418	584.871
29.079	779.163	583.591
28.771	776.512	584.921
29.502	777.769	582.321
28.489	776.338	580.535
28.151	775.056	579.212
30.449	773.139	582.339
28.478	776.421	579.066
28.532	777.567	579.632
29.266	776.716	579.908
28.948	778.787	580.275
29.591	779.656	583.140
28.703	776.716	583.382
30.620	774.473	581.600
28.073	772.883	583.802
29.205	774.166	582.278
29.389	773.624	579.702
27.612	776.515	580.533
28.546	776.494	581.229
28.052	777.334	581.790
29.175	780.840	581.431
29.970	780.618	581.305
28.839	779.764	582.349
29.527	777.782	585.943
28.675	778.101	584.701
28.511	779.516	585.474
29.121	781.992	581.964
30.248	781.562	583.272
28.674	781.675	581.482
29.213	781.797	579.552
29.367	782.961	581.914
28.635	780.362	584.881
29.721	777.720	585.362
29.936	777.554	584.707
28.602	779.524	584.989
29.476	782.181	582.796
29.473	778.568	581.894
28.354	778.624	582.769
30.864	778.369	583.114
28.458	779.514	583.391
28.917	780.465	583.352
28.038	781.906	581.572
30.415	782.345	584.378
29.484	782.568	584.015
30.022	780.425	583.399
29.842	780.652	584.296
28.746	780.653	583.631
28.426	780.487	583.123
29.689	778.649	584.265
28.747	778.974	584.710
28.638	777.489	585.459
28.960	779.339	584.059
28.423	777.517	583.678
29.059	777.546	583.847
29.121	778.698	583.629
28.909	776.427	585.101
27.892	779.680	582.264
29.615	778.942	584.394
29.387	779.675	584.305
28.926	778.927	582.550
29.007	781.309	580.753
28.699	777.964	582.925
27.974	778.317	582.002
29.976	776.532	585.909
28.582	777.918	586.554
30.218	778.016	587.337
29.193	775.892	586.455
30.219	775.751	586.054
28.964	777.262	584.598
27.976	778.267	581.755
28.342	777.938	584.058
29.090	779.128	582.547
28.934	778.408	585.182
28.416	776.515	584.790
29.303	776.683	585.727
29.546	778.297	585.182
29.441	780.252	583.683
28.714	779.587	584.664
29.183	780.556	582.309
28.156	779.948	581.003
28.143	779.651	580.604
29.008	780.183	580.978
28.719	779.759	578.625
27.578	779.006	578.641
28.433	778.399	582.215
28.492	777.607	583.645
29.032	777.676	585.826
28.340	775.608	585.269
28.199	779.488	583.724
28.478	777.628	583.294
28.529	778.544	583.133
29.406	778.465	584.049
29.339	780.705	580.737
29.610	780.929	578.465
28.742	780.528	580.072
28.693	777.967	580.596
29.294	779.005	578.925
30.189	777.712	579.982
27.466	778.516	579.241
28.797	779.226	579.585
28.285	779.116	578.796
28.760	777.783	577.784
27.326	779.823	578.826
27.478	780.064	579.404
28.430	778.888	582.123
29.842	776.887	584.885
27.848	776.437	584.849
28.791	776.056	583.491
28.177	778.511	583.604
28.521	778.730	583.481
29.354	779.446	582.615
29.715	779.805	582.039
28.954	780.689	584.799
29.151	781.160	584.659
29.093	781.417	583.260
30.394	780.375	585.373
28.031	780.171	587.906
28.794	781.980	585.068
29.520	779.429	585.130
29.279	778.685	587.615
29.944	779.249	587.933
30.226	779.161	585.451
29.540	775.131	588.087
28.376	774.708	584.695
27.924	773.377	585.684
28.409	775.858	585.763
29.155	777.890	587.465
28.564	778.162	587.185
29.380	777.482	588.635
28.950	775.423	584.589
29.333	778.055	582.450
29.369	779.525	584.146
29.450	776.206	586.803
30.165	777.581	584.784
30.591	778.216	585.653
29.704	780.728	582.456
28.993	779.401	580.507
28.834	775.627	585.054
29.274	775.103	586.055
28.421	775.280	584.204
29.629	779.258	582.630
29.014	779.546	584.379
30.221	777.814	580.960
29.006	781.064	578.779
29.905	782.055	578.235
28.748	780.241	579.314
28.443	778.680	580.505
29.582	777.167	582.118
29.329	777.574	581.006
29.385	779.180	581.182
29.036	780.699	579.875
29.008	778.717	584.526
29.580	777.527	586.145
29.599	778.659	583.448
28.581	776.914	584.298
28.857	777.668	584.425
29.443	775.550	583.611
28.997	775.492	584.113
29.785	774.134	581.188
27.988	775.784	581.679
27.987	777.279	581.149
28.801	779.523	580.328
29.211	779.313	582.498
29.022	779.442	580.235
29.574	779.968	581.900
29.515	780.223	583.415
28.808	778.753	582.419
30.190	777.151	585.051
29.391	779.312	584.525
28.931	778.269	583.760
28.289	776.449	584.424
29.538	775.057	579.266
28.298	776.381	579.516
29.499	776.746	582.509
30.542	777.811	581.731
28.684	779.843	578.979
28.505	780.294	578.049
28.638	780.881	575.888
28.492	781.463	577.197
28.820	780.776	578.034
29.121	782.143	577.087
28.625	781.704	579.253
28.926	778.791	582.079
28.581	779.124	582.021
28.510	780.392	581.305
28.710	778.878	582.153
28.865	780.911	582.002
28.919	782.084	585.047
29.659	780.476	585.642
28.215	779.692	584.332
28.887	779.119	582.425
28.587	777.506	581.871
28.353	777.171	584.704
27.971	777.188	584.025
28.089	778.441	579.452
29.697	780.947	578.501
28.685	777.334	580.833
27.273	778.152	581.871
28.445	778.478	582.128
29.303	775.375	582.662
28.590	777.233	584.180
29.895	775.766	584.397
28.773	775.948	584.345
29.338	773.939	580.751
28.461	776.451	581.302
29.073	776.803	579.104
28.079	776.194	581.321
28.631	776.825	581.272
28.847	779.512	581.981
27.930	778.885	583.508
29.305	779.560	584.350
28.812	779.916	582.142
29.499	779.533	583.261
28.830	779.245	583.115
28.777	777.550	582.640
29.202	776.626	585.140
29.119	778.891	588.479
28.871	778.363	586.577
29.139	778.379	583.790
29.559	776.915	583.965
29.323	780.757	580.863
28.090	782.270	580.316
28.416	779.609	584.505
29.907	778.765	581.369
29.012	780.994	583.245
29.477	778.573	586.185
28.019	779.643	583.230
29.275	779.069	581.660
28.336	781.399	582.438
29.544	777.539	583.154
29.719	777.663	587.451
29.229	778.171	582.830
29.282	775.514	582.129
27.959	775.297	582.571
28.481	777.328	584.787
28.771	775.854	589.654
29.379	777.638	587.979
29.193	777.364	585.625
29.693	779.402	583.671
29.003	776.787	581.703
28.174	775.755	584.856
29.637	774.835	586.413
28.859	777.637	586.918
30.020	779.304	582.221
29.332	779.064	579.981
28.585	778.607	582.687
29.037	776.835	584.151
28.368	777.060	583.868
28.574	779.196	582.443
29.114	778.471	582.795
28.289	776.891	582.187
29.244	777.093	585.478
28.947	777.641	582.072
28.908	777.567	579.562
29.103	776.386	582.136
29.849	778.681	581.868
28.806	779.342	583.412
29.351	778.628	584.850
29.522	777.648	585.130
29.048	777.477	585.097
28.585	779.021	581.362
28.783	779.059	584.799
28.443	778.999	585.498
29.113	778.944	584.591
29.991	777.170	582.341
29.168	776.274	583.424
28.129	774.000	582.540
28.672	773.216	584.330
28.691	775.505	583.390
28.769	777.593	581.113
28.901	776.042	585.287
28.511	774.041	586.795
29.953	772.408	583.262
28.834	776.773	578.614
28.523	777.834	583.352
29.680	778.529	585.939
29.215	777.753	586.672
29.001	777.455	583.586
28.814	779.720	584.248
28.779	781.631	582.468
28.927	781.007	583.000
29.399	781.238	583.468
29.440	781.302	580.778
29.292	780.779	582.511
29.036	778.481	584.796
28.856	778.579	587.398
29.482	780.214	585.270
28.849	780.040	585.526
29.417	777.527	584.938
29.445	777.457	585.281
28.029	776.207	584.583
29.908	775.484	586.773
28.505	774.530	586.146
28.719	775.560	584.700
29.354	774.170	583.285
29.194	774.819	580.888
28.929	775.193	583.342
29.845	777.075	585.344
28.623	779.553	584.485
28.860	779.120	586.418
28.793	779.088	584.412
29.198	779.390	582.381
30.194	777.539	584.645
29.426	779.268	586.207
29.655	778.670	587.210
29.012	778.369	586.885
29.105	777.024	584.965
29.892	776.543	584.613
29.529	776.154	586.730
28.351	776.562	584.332
29.184	776.696	583.402
29.089	776.124	581.735
28.634	775.626	582.351
29.386	776.633	582.288
28.203	775.667	582.034
29.520	775.180	579.931
29.241	772.351	581.060
28.858	771.335	584.724
28.997	773.176	584.162
28.890	774.966	586.158
29.839	775.069	585.953
30.504	774.522	584.693
29.395	777.812	586.329
29.506	780.015	585.461
30.261	779.719	583.018
28.747	777.728	582.661
29.030	781.034	582.415
29.971	778.685	584.115
29.112	779.109	584.241
29.069	778.875	584.274
29.562	778.427	583.778
28.163	779.765	582.128
29.097	778.730	584.559
28.434	777.188	582.319
28.973	778.409	582.996
28.256	776.652	581.939
29.166	773.952	581.297
29.445	776.643	579.828
29.182	776.576	578.885
29.968	775.618	578.907
29.407	778.375	580.474
29.040	777.253	585.305
28.214	780.156	582.096
29.217	779.464	583.313
29.580	781.687	584.148
29.150	780.125	584.892
29.189	778.057	584.469
29.279	777.453	582.567
29.466	779.246	584.349
29.171	778.728	584.345
31.119	777.689	585.429
27.926	776.663	585.209
28.129	776.664	584.628
29.375	779.156	587.241
29.397	781.154	585.130
30.477	781.311	585.335
30.074	780.899	585.511
28.871	779.754	584.426
29.090	778.552	586.068
29.314	777.175	584.065
28.398	776.990	584.789
28.969	774.937	584.478
28.773	775.640	584.989
28.113	777.737	583.541
29.574	780.327	583.425
28.552	780.024	584.404
30.028	778.794	586.383
30.527	778.521	584.707
28.596	776.314	581.928
28.645	779.598	583.803
29.029	779.194	583.229
30.196	779.793	584.241
29.279	779.055	583.676
30.681	779.720	584.118
28.533	778.459	582.668
29.125	779.618	582.090
29.017	780.016	582.794
29.505	781.598	585.697
29.676	780.647	585.965
28.641	779.226	584.706
29.904	778.826	586.050
31.204	779.441	584.023
28.989	778.037	584.955
29.711	777.399	583.824
29.574	777.786	585.301
30.062	779.135	584.500
29.543	779.842	582.889
28.430	779.881	582.828
29.302	781.508	583.425
29.924	777.966	584.589
28.390	776.587	583.965
28.555	776.877	582.259
29.320	773.662	582.267
29.072	777.765	580.864
29.176	779.792	581.759
29.338	780.142	583.952
29.728	781.561	584.219
29.796	780.030	585.244
29.750	779.731	586.055
29.627	778.987	585.363
28.940	777.137	588.424
29.466	777.639	587.592
28.926	779.324	586.546
30.207	778.467	587.727
29.038	776.977	586.019
29.819	778.695	588.546
29.208	778.098	588.154
28.914	777.708	587.244
29.139	779.181	585.898
28.735	780.583	582.182
29.215	781.282	580.022
29.160	781.121	580.329
29.803	781.926	580.341
28.434	779.497	582.647
29.980	781.033	585.987
29.027	783.037	583.172
30.076	779.367	583.419
28.877	779.769	585.732
29.681	779.903	583.772
28.986	779.328	588.024
29.728	779.122	584.252
28.888	780.561	581.739
30.076	778.807	579.242
28.739	780.964	581.603
29.692	781.744	582.743
29.800	779.368	583.943
28.686	779.284	585.604
29.059	778.240	582.550
29.105	780.902	581.143
29.547	779.000	585.965
29.010	777.335	582.849
28.270	776.750	581.998
28.481	779.179	582.256
28.330	779.361	581.634
30.246	779.721	580.409
29.818	779.990	583.487
29.124	780.125	585.046
29.472	778.028	584.533
29.730	777.295	585.097
28.499	777.198	584.143
28.371	776.516	586.293
29.801	777.587	588.892
29.426	777.767	587.197
29.965	778.408	585.386
29.247	779.907	583.509
29.369	780.230	583.577
29.856	778.315	587.420
30.568	779.152	587.836
30.029	779.173	586.227
30.700	776.745	586.898
29.362	778.336	587.559
29.129	775.788	585.461
28.112	775.745	584.706
28.721	773.608	584.064
28.322	771.924	580.430
28.559	773.471	581.057
29.481	773.170	581.028
30.104	775.676	582.832
28.958	777.115	582.870
29.644	776.403	583.103
29.177	773.914	582.888
29.746	773.809	581.971
28.851	775.414	586.258
28.873	775.478	585.149
28.672	778.738	584.623
30.520	776.710	585.360
28.448	777.667	585.773
28.830	777.018	584.241
28.791	778.111	584.708
28.151	776.867	584.979
29.472	775.673	585.836
29.014	774.911	587.817
28.989	778.445	584.666
29.483	777.207	585.999
28.603	777.021	586.482
29.702	776.798	584.281
29.447	777.347	583.270
28.894	776.818	583.674
29.177	778.547	586.496
30.227	779.387	585.479
29.142	778.206	585.758
29.461	778.026	587.020
29.317	779.033	584.615
29.491	776.924	585.652
29.027	777.465	584.106
27.601	775.546	582.450
28.514	777.512	580.472
27.341	779.413	582.666
29.629	778.306	585.887
29.684	777.409	582.626
29.181	777.089	583.532
29.070	775.093	584.016
29.781	774.759	583.676
28.806	776.394	580.352
27.558	778.558	582.047
29.542	779.282	582.854
29.310	777.726	587.108
29.763	778.861	585.116
29.152	779.692	583.755
28.812	780.366	583.912
28.189	778.770	585.018
29.274	775.408	584.928
29.484	778.076	585.385
28.774	778.161	582.604
29.410	780.989	582.741
29.870	776.707	586.223
28.430	777.919	586.183
29.165	777.570	585.911
28.606	777.283	584.265
28.905	779.351	582.969
29.101	778.335	582.276
29.602	777.645	582.742
28.930	777.445	586.195
27.751	776.731	584.886
28.579	777.722	585.985
29.485	777.704	584.550
28.186	778.958	585.017
28.602	779.410	582.361
29.543	779.393	583.856
28.361	778.766	583.086
29.568	777.441	585.369
28.943	777.843	584.830
29.233	775.461	585.260
28.546	776.137	585.394
29.273	776.560	581.947
29.309	775.454	585.680
28.364	776.663	585.190
28.598	776.521	585.003
29.235	779.207	584.627
29.768	779.005	589.080
29.647	779.664	588.554
30.012	777.670	587.224
29.759	779.419	587.280
29.797	776.627	584.544
29.396	775.953	584.428
28.128	778.259	582.443
29.044	777.045	583.738
28.916	777.160	583.459
29.212	779.674	583.629
29.028	781.021	583.644
29.823	779.243	583.551
29.266	777.896	586.603
30.196	777.260	586.774
29.060	778.160	587.659
30.068	777.922	586.672
28.764	777.846	589.417
30.700	778.713	586.125
29.133	779.528	584.199
29.205	779.190	583.088
28.909	777.876	582.543
28.983	779.670	583.052
28.528	778.979	584.371
29.407	776.672	584.665
29.373	776.894	585.008
28.520	780.695	582.518
29.163	782.366	580.309
29.285	781.004	579.780
29.852	781.674	580.461
29.838	782.725	580.599
30.710	781.129	585.113
30.306	782.358	582.469
29.833	779.662	583.894
29.467	782.466	582.345
30.236	782.523	584.871
28.992	780.104	583.475
29.417	780.913	582.206
29.857	779.098	583.728
30.069	778.289	581.249
29.079	780.888	580.796
29.784	781.429	578.727
29.048	780.258	581.211
29.399	779.982	583.592
29.197	782.243	581.523
28.722	781.684	582.794
29.355	779.662	584.747
29.577	779.309	582.616
30.303	778.527	582.610
28.344	778.257	581.618
29.069	777.021	583.063
28.846	778.796	583.010
29.372	777.624	581.560
29.992	780.715	582.522
29.137	780.994	582.920
30.182	777.403	582.278
28.995	777.649	582.111
28.161	779.491	580.249
29.985	777.600	584.822
29.145	777.688	585.234
29.364	777.859	586.578
29.900	776.372	581.911
29.489	777.956	581.041
27.702	776.760	582.989
28.894	778.804	581.122
31.336	773.743	584.498
29.957	776.007	582.871
29.144	773.967	583.920
29.901	773.616	582.144
29.472	777.359	584.676
29.123	779.998	583.352
28.226	777.640	584.004
28.899	777.967	585.456
28.715	779.177	585.707
30.085	777.759	584.718
29.819	777.865	587.522
29.438	779.800	583.859
28.379	780.931	582.584
29.921	777.201	585.503
29.724	779.338	584.318
28.930	777.097	583.174
28.633	775.183	583.218
28.985	774.318	580.693
28.985	776.819	580.643
29.552	779.238	580.702
28.848	777.471	579.699
29.903	778.131	583.286
28.512	780.761	582.124
27.944	779.710	580.936
29.745	780.055	583.351
29.612	778.726	583.349
28.321	777.152	584.590
29.306	778.285	582.237
29.053	777.535	586.086
27.733	778.579	585.359
29.247	777.627	584.468
29.815	776.838	583.788
28.839	776.991	583.351
29.514	776.880	588.350
29.310	777.308	583.527
28.855	777.191	582.549
28.146	777.902	582.299
28.904	779.156	583.516
29.364	778.217	586.548
31.081	777.351	585.873
28.614	777.932	587.947
29.274	779.790	585.937
29.819	778.701	586.383
29.353	775.503	585.753
28.547	774.366	583.452
29.158	775.094	583.184
28.459	776.426	583.851
28.421	775.427	585.010
29.366	774.101	585.499
28.867	775.567	584.203
29.435	777.159	585.211
28.666	775.259	584.432
28.169	776.001	584.716
29.471	775.667	584.255
29.888	774.004	582.591
29.914	773.726	579.264
28.198	774.949	579.838
29.004	773.788	582.504
29.823	776.982	584.350
28.455	776.241	582.468
28.856	776.397	578.741
29.429	773.941	580.988
28.830	775.014	584.481
28.250	775.859	584.997
29.673	776.620	584.954
28.867	777.776	584.066
30.161	777.119	585.594
27.794	777.527	586.248
29.489	776.212	587.848
27.298	776.666	584.946
29.469	775.683	587.488
29.067	776.701	585.167
29.053	775.780	585.371
28.787	775.895	583.844
29.769	774.294	583.082
28.673	774.327	585.566
29.620	773.848	585.355
27.867	778.625	583.281
29.493	779.378	587.806
28.688	778.944	587.159
29.075	778.434	585.283
28.566	776.273	587.004
28.653	776.447	585.730
28.440	772.060	585.863
28.927	775.382	583.729
28.223	777.058	583.652
28.938	778.596	584.070
30.327	777.364	587.284
27.899	783.397	584.268
29.325	778.497	587.761
28.194	780.633	586.230
29.639	780.337	585.628
29.373	778.767	587.238
29.038	777.138	591.742
30.384	777.649	589.110
29.432	779.147	586.437
29.195	779.823	586.342
28.925	781.140	586.572
29.164	780.812	583.797
29.805	781.108	583.468
29.228	778.419	583.997
28.992	780.525	583.648
29.493	783.982	584.732
29.554	785.364	585.429
29.027	783.208	588.741
29.013	780.002	588.883
29.058	779.789	588.132
28.440	778.316	586.918
29.522	776.935	587.455
30.206	775.733	585.198
30.080	777.129	587.352
29.033	776.557	586.838
27.426	774.897	586.857
28.627	771.531	586.104
28.004	770.855	585.461
28.086	771.843	587.793
29.007	773.845	590.750
29.231	776.838	585.809
28.363	776.645	588.163
29.451	775.962	587.666
28.026	776.878	584.855
28.180	777.598	583.314
29.605	778.396	584.586
29.907	778.003	586.117
28.364	777.610	587.332
29.876	774.423	585.795
29.628	777.413	586.186
30.005	776.712	584.339
28.750	776.369	584.354
28.708	777.986	584.921
30.356	777.207	588.081
29.055	779.960	586.832
28.825	777.868	585.644
28.919	777.681	584.510
29.289	778.184	583.650
29.115	779.247	581.432
28.709	781.774	581.374
29.765	779.722	582.754
27.865	778.263	583.211
28.334	780.672	583.467
29.249	778.526	582.021
28.736	778.041	583.359
29.261	776.978	584.000
29.197	777.643	584.419
29.872	780.964	582.123
27.844	781.350	582.555
28.450	779.599	586.230
28.340	779.580	586.558
29.661	779.450	583.796
29.387	777.216	584.022
29.207	775.280	585.190
28.134	777.089	585.580
29.065	778.259	585.486
28.921	779.094	583.957
29.660	776.735	583.939
29.553	777.412	582.167
29.977	778.956	584.482
29.195	781.080	587.400
28.286	781.452	585.006
29.190	781.727	584.371
28.682	780.023	585.287
29.123	780.609	586.567
29.561	779.728	586.573
28.683	782.627	584.336
29.870	778.764	586.689
28.782	779.034	587.605
28.698	777.768	587.936
28.235	776.709	584.534
29.521	780.154	583.902
29.362	777.685	583.571
29.289	777.012	585.923
29.458	774.266	583.979
29.091	776.013	585.497
29.143	776.553	582.948
29.869	776.589	584.054
28.777	778.694	584.439
29.236	777.571	585.448
28.209	777.754	585.190
29.604	776.509	585.990
28.303	775.465	587.797
29.021	774.791	587.793
28.409	774.297	586.140
30.164	771.567	584.587
30.317	774.350	585.950
28.090	776.195	583.187
29.279	777.147	585.444
27.969	777.443	585.255
28.705	773.072	588.470
28.853	776.656	587.281
29.013	777.922	588.351
29.212	777.169	586.397
28.142	777.685	586.697
28.856	778.559	583.024
28.735	778.436	584.317
28.129	775.750	587.292
29.319	776.365	585.713
29.152	778.092	584.157
29.042	776.596	585.208
27.405	776.307	584.306
28.197	777.731	584.982
28.316	778.126	585.391
29.043	780.534	581.382
29.190	780.138	584.133
29.343	783.362	584.720
28.652	783.295	586.692
29.216	783.358	583.344
29.329	783.408	583.495
29.646	781.218	583.558
29.244	779.795	585.265
28.869	781.911	586.733
28.371	781.528	583.837
29.116	779.600	585.615
29.517	781.018	585.345
30.262	781.295	585.008
30.230	778.676	588.004
29.880	778.596	586.143
30.090	780.403	583.064
29.912	780.781	581.085
28.855	781.492	581.939
27.907	778.778	585.329
28.145	779.816	582.972
27.370	778.479	586.785
29.492	774.431	587.856
29.676	772.829	588.218
29.489	775.855	585.523
29.875	775.654	586.356
28.496	776.878	583.607
28.171	777.193	584.670
28.418	777.767	584.135
28.787	776.898	582.780
29.380	776.500	584.768
29.472	778.074	586.640
29.047	778.902	586.249
29.240	775.970	587.592
28.996	776.105	586.055
29.486	778.246	586.500
29.172	777.981	587.179
28.506	776.745	585.820
28.335	778.138	582.706
30.003	781.850	582.527
29.293	779.597	584.736
28.857	777.958	586.750
29.359	779.165	585.398
28.629	776.613	584.201
28.606	775.363	585.388
27.777	773.152	584.788
28.162	776.585	583.489
27.848	778.085	584.628
27.856	777.191	585.386
28.778	775.975	583.509
29.017	777.502	582.743
29.313	777.421	586.902
30.369	778.236	585.165
28.839	778.790	584.605
29.440	776.095	583.171
29.460	779.354	583.991
28.861	778.042	585.067
28.222	776.962	584.728
28.950	775.916	587.044
29.788	776.871	586.708
29.404	777.724	589.988
28.828	778.717	589.290
29.585	776.887	586.158
29.339	777.986	586.487
