32.158	572.972	806.110
32.602	572.502	805.818
32.002	572.327	806.305
32.446	572.428	806.565
32.195	572.050	806.427
32.151	572.299	806.399
32.088	572.393	806.005
31.992	572.504	805.236
32.723	572.734	804.989
32.387	573.829	804.902
32.352	573.227	804.205
32.759	572.879	803.851
32.054	573.763	803.717
32.288	573.649	803.906
32.485	573.091	804.913
32.316	572.777	804.901
32.132	573.306	804.931
32.209	573.321	804.712
32.216	573.169	804.645
32.214	573.260	804.252
31.990	573.338	803.125
31.836	573.285	803.978
32.751	573.099	804.254
32.648	572.716	803.828
32.128	573.251	805.498
32.243	572.520	804.742
32.437	572.086	805.146
32.249	572.314	805.162
31.920	572.112	805.154
32.229	571.845	805.241
32.528	572.202	805.498
32.747	572.591	805.577
32.110	573.058	804.955
32.842	572.912	805.694
32.256	571.284	805.834
32.173	571.640	805.778
32.804	571.639	807.081
32.805	572.027	806.176
32.030	571.820	805.475
31.919	572.064	806.127
32.335	573.023	805.723
32.168	572.068	806.697
32.446	571.543	806.280
32.516	571.034	807.132
31.625	571.407	806.898
32.598	571.552	807.201
32.260	571.492	806.128
32.352	570.750	805.125
32.157	570.892	805.799
32.206	570.859	806.615
32.372	571.300	805.792
32.540	571.139	805.830
32.163	571.408	805.646
32.226	570.842	806.244
32.255	571.205	806.598
32.325	571.028	806.968
32.255	571.137	805.696
32.418	571.355	806.268
32.417	571.730	806.194
32.471	571.391	806.161
32.082	571.574	806.067
31.892	571.405	806.291
32.670	571.094	806.554
32.194	570.816	806.249
32.147	571.724	805.799
32.560	571.107	805.885
32.274	572.194	805.200
32.274	571.178	805.615
32.178	570.590	804.767
32.647	571.707	804.709
31.849	571.508	804.038
32.750	572.638	803.673
31.780	572.478	803.480
32.043	571.327	803.318
32.100	572.167	804.145
32.373	571.896	803.368
32.003	571.636	803.536
32.694	570.582	804.592
32.216	571.443	804.793
32.282	570.984	805.218
31.987	570.877	805.437
32.099	571.839	803.825
31.696	571.350	804.155
32.644	570.500	805.655
31.966	570.567	806.013
32.142	571.691	805.714
32.482	571.483	805.152
32.263	570.118	805.795
31.757	570.134	806.579
31.884	570.527	806.386
32.262	571.217	805.428
32.306	570.593	805.309
32.079	571.105	804.821
32.273	570.854	805.426
32.618	571.128	804.673
31.908	570.698	805.299
31.899	570.836	804.920
32.134	570.651	805.132
32.009	571.002	805.065
31.917	570.881	804.717
32.404	569.913	805.514
31.747	570.070	806.072
32.137	569.476	806.514
32.027	569.785	806.360
32.029	570.399	804.930
32.275	571.020	804.707
31.852	571.096	805.359
32.010	571.370	804.565
32.887	570.152	805.771
32.168	569.929	806.101
32.501	570.169	806.001
31.814	571.004	804.830
32.082	569.783	805.615
32.475	570.805	805.977
32.669	570.521	805.169
32.025	570.211	804.630
32.127	570.286	804.608
32.500	570.852	804.949
32.485	570.128	805.174
32.494	570.686	804.012
31.941	571.221	804.252
32.219	571.078	804.039
32.173	570.126	804.396
31.749	570.390	804.544
31.931	569.944	806.226
32.626	569.418	805.788
32.530	569.690	805.338
31.795	570.623	805.202
32.655	570.345	803.578
31.969	569.825	804.378
32.462	570.848	803.937
32.370	570.578	804.240
32.290	570.627	804.743
31.895	570.184	804.749
32.027	570.282	804.797
31.865	570.669	804.939
32.170	570.621	804.880
32.138	569.721	805.463
31.761	570.065	805.306
32.382	569.773	805.544
31.979	570.014	806.015
32.213	569.861	804.753
31.981	570.431	804.932
31.689	569.412	805.124
31.689	569.950	804.677
31.858	570.426	804.152
32.127	571.060	803.668
32.663	571.088	804.275
32.215	570.512	803.901
32.508	570.608	804.382
31.926	570.487	804.567
32.511	569.956	805.288
32.089	570.063	804.882
32.383	570.192	804.980
32.026	569.523	804.588
32.246	569.333	805.555
32.949	568.974	805.689
32.174	569.763	805.687
32.357	569.903	804.995
32.838	569.373	804.625
32.452	569.395	805.885
31.785	569.181	804.992
31.225	569.604	804.368
31.718	570.593	804.684
32.062	570.289	804.559
32.446	569.636	804.690
32.533	569.234	805.263
32.237	569.455	804.939
32.449	569.201	804.709
32.788	569.005	804.908
32.207	569.860	805.793
32.178	569.420	805.213
31.922	569.938	804.664
31.575	569.233	804.744
32.339	570.118	805.352
32.087	569.832	805.285
32.417	569.927	804.465
31.702	569.638	804.958
32.275	569.268	804.731
32.443	569.277	804.759
32.133	569.011	805.089
32.627	569.208	805.066
31.719	569.193	804.670
32.138	569.087	805.177
32.342	569.825	804.666
31.860	569.579	805.173
32.568	569.081	805.311
32.357	569.552	804.371
32.196	569.899	804.061
31.933	569.713	803.567
32.433	569.352	803.985
31.861	569.306	803.737
31.338	568.729	804.344
31.829	568.797	804.297
32.576	569.092	804.474
32.452	569.262	804.599
32.324	569.609	803.579
32.088	569.191	804.681
31.437	569.292	804.943
31.634	569.187	804.401
32.609	569.052	804.371
32.182	569.732	803.450
32.192	569.942	802.523
31.983	569.886	802.870
32.398	569.357	802.983
32.164	569.292	803.871
32.068	569.501	803.763
32.269	569.259	804.654
32.290	568.247	805.617
32.412	568.727	805.077
32.015	568.742	804.523
32.265	569.259	804.256
31.743	569.429	804.007
31.757	569.162	804.164
31.992	569.235	804.684
31.791	568.896	805.020
32.029	568.852	804.652
32.417	568.172	805.295
32.333	569.243	804.700
32.385	568.681	804.970
31.811	568.512	805.111
31.592	567.680	805.537
32.409	568.138	804.289
31.326	568.355	804.638
32.052	568.632	804.975
31.846	569.092	804.964
32.300	568.299	804.990
31.959	568.660	804.637
33.050	568.456	804.644
32.475	567.966	805.055
31.676	568.148	804.657
32.147	567.625	805.216
32.040	567.889	804.956
32.197	568.797	804.972
32.310	569.050	803.975
32.704	569.010	803.523
32.685	568.760	803.578
32.054	568.401	803.629
32.381	568.570	803.356
32.161	568.718	803.632
31.813	568.657	804.486
32.503	568.808	804.132
31.488	568.753	803.669
32.091	568.530	804.809
32.551	568.291	806.340
32.644	568.131	805.448
32.124	568.413	804.492
32.294	568.710	804.298
32.389	568.753	803.563
32.444	568.079	804.196
32.116	568.436	803.707
32.155	567.184	804.602
32.279	567.614	804.741
32.035	568.284	805.679
32.619	567.209	805.127
32.177	567.169	805.677
32.713	567.171	806.104
31.908	567.267	805.471
32.334	566.937	804.789
31.738	567.935	804.381
32.000	568.990	803.211
31.974	568.654	802.392
32.061	568.662	802.708
31.988	568.783	802.810
31.796	568.705	803.022
31.989	568.482	802.929
32.429	567.806	803.787
32.133	567.770	804.320
31.947	567.486	805.035
32.282	567.777	804.448
32.202	567.719	804.316
31.453	567.554	804.204
32.190	567.226	804.932
31.947	567.090	803.787
32.149	567.338	805.242
31.987	568.028	804.204
32.637	566.855	804.339
32.586	567.190	804.214
31.959	567.318	804.053
32.142	567.661	804.341
31.756	567.737	804.332
31.827	566.975	804.076
32.346	567.762	803.643
32.940	567.969	804.859
32.159	566.426	805.159
31.655	566.424	805.166
31.964	566.443	806.102
32.162	567.774	805.003
32.242	566.975	804.182
32.408	567.239	804.093
32.223	567.392	804.191
31.883	566.811	804.203
31.668	566.809	804.228
33.183	566.868	805.232
31.880	566.806	804.971
32.345	567.056	804.268
31.915	567.893	804.092
32.294	567.172	803.770
31.618	567.228	803.918
31.930	567.818	804.145
32.290	567.196	804.103
31.986	568.498	804.103
32.174	567.376	804.271
32.380	567.746	803.626
32.093	566.708	803.479
31.952	567.319	803.995
32.079	566.840	804.266
32.500	567.275	804.453
32.023	567.286	804.371
32.374	566.813	804.813
32.179	566.889	804.929
32.230	566.582	804.719
32.382	566.357	804.529
32.098	565.818	805.054
32.423	567.068	804.020
31.969	565.922	805.254
32.456	566.400	805.175
31.811	565.807	806.289
32.158	565.431	804.510
31.709	566.483	804.592
31.829	566.165	805.699
31.993	565.718	805.329
31.792	565.924	805.036
31.813	566.174	804.349
31.535	566.153	804.124
31.816	565.872	803.636
32.063	566.436	803.688
32.713	566.788	804.470
32.145	567.105	804.084
32.273	566.610	804.259
32.091	566.303	804.939
32.147	566.554	804.493
31.951	566.146	804.499
32.198	566.947	803.779
32.777	567.044	803.897
32.430	566.851	803.551
31.793	566.563	803.995
32.270	567.167	803.403
32.180	565.753	804.448
32.357	566.752	803.249
32.482	566.255	803.212
31.540	566.404	803.208
32.322	566.790	802.816
33.029	566.214	803.251
32.120	566.904	803.418
32.399	565.909	803.742
31.917	565.650	804.130
31.801	565.063	805.501
32.215	565.234	805.260
32.123	564.833	805.482
32.090	565.840	805.149
32.076	565.610	805.180
32.634	565.680	805.076
32.307	566.036	803.969
32.285	565.922	803.992
32.273	566.000	804.043
32.224	566.226	803.607
31.960	566.019	804.253
31.987	566.027	804.877
32.409	565.694	804.763
32.337	565.399	804.919
31.915	565.531	804.632
32.108	566.067	804.773
32.216	565.301	804.958
32.719	564.753	805.834
31.784	565.118	805.918
32.291	564.739	805.901
31.762	564.662	805.352
33.044	565.002	806.379
32.164	565.247	804.702
32.017	564.911	804.825
32.399	565.079	804.567
31.859	565.536	805.069
31.888	563.733	805.135
32.359	565.074	805.656
32.925	564.630	806.009
31.906	564.369	805.120
32.365	564.281	805.989
32.306	564.162	805.928
31.665	563.961	805.097
32.292	565.074	804.476
32.128	564.659	804.769
32.331	564.508	805.184
32.407	565.508	804.754
31.907	564.890	804.223
33.324	564.825	804.966
32.263	564.368	805.125
32.654	564.198	806.310
32.442	564.176	805.785
32.063	564.164	806.156
32.133	564.124	805.529
31.807	564.483	805.654
32.074	564.187	805.416
31.929	564.681	805.235
32.218	564.380	804.997
32.093	564.291	804.863
32.398	564.487	805.909
32.594	563.957	805.508
32.364	564.399	805.197
32.345	563.958	805.597
32.085	564.422	804.907
32.520	564.598	805.751
32.332	564.038	806.391
32.258	563.724	806.177
31.454	563.455	805.518
32.192	563.643	805.774
31.924	564.198	805.266
32.878	564.335	805.318
32.252	564.011	805.562
32.533	563.519	806.757
32.066	563.654	806.379
32.670	563.727	806.055
32.179	563.703	805.128
32.414	563.535	805.690
32.280	564.252	805.052
32.173	564.314	804.923
32.212	563.753	804.621
32.289	563.603	804.760
32.209	564.173	805.535
32.413	563.889	805.603
32.550	563.976	806.373
32.186	564.174	806.210
32.035	564.246	805.570
31.974	563.358	805.454
32.585	562.954	806.574
32.491	562.416	806.914
31.986	562.424	806.519
31.844	561.828	806.438
32.468	563.161	806.127
32.347	563.809	806.605
32.108	563.562	805.853
32.248	562.967	807.071
31.595	563.261	806.370
31.755	563.404	805.383
32.155	563.293	805.328
32.433	563.065	804.998
32.344	563.294	805.254
32.614	563.661	805.961
32.280	564.013	804.856
32.575	564.205	804.430
32.002	563.855	804.368
32.279	563.817	804.127
32.417	563.229	804.083
32.320	564.426	803.812
32.024	563.611	804.985
32.519	563.835	805.311
32.164	563.935	804.494
32.347	564.260	804.266
32.743	563.985	804.473
32.258	563.305	804.810
32.177	563.430	805.166
32.121	563.246	805.272
32.770	563.661	805.562
32.946	563.315	805.424
32.441	563.115	805.836
32.247	562.359	805.830
32.258	562.409	805.606
32.843	562.585	806.315
32.500	563.043	806.338
32.151	562.558	806.433
32.289	563.056	805.844
31.884	562.580	804.880
32.020	563.059	805.439
31.992	563.317	804.872
32.504	563.201	804.929
32.236	562.732	806.000
32.183	563.674	805.790
31.940	563.536	805.215
32.534	562.879	804.657
31.930	562.575	805.737
31.969	562.848	805.172
32.293	562.883	805.093
32.509	562.548	805.247
32.387	563.284	805.949
32.187	563.147	806.162
31.676	563.099	804.969
32.236	562.555	806.175
31.910	562.230	805.836
32.708	563.392	805.567
32.305	562.308	805.654
32.340	562.624	805.598
32.138	562.531	805.613
32.072	563.121	805.432
32.474	562.082	804.812
31.454	562.890	805.274
32.322	562.812	805.747
32.636	562.952	805.732
32.118	562.424	805.498
32.191	562.171	805.232
31.950	562.605	805.198
32.472	562.895	805.060
32.070	562.508	805.404
32.401	562.114	805.482
32.506	563.675	804.985
32.526	562.432	805.541
31.922	561.747	806.247
32.311	562.301	805.904
31.780	562.062	805.874
31.730	562.162	805.488
32.100	561.997	804.913
32.012	561.967	805.848
32.016	562.716	806.050
31.782	561.907	805.948
32.669	562.003	805.708
32.240	562.018	806.375
31.849	561.973	805.560
32.487	561.831	805.577
32.492	561.534	806.963
31.996	561.133	806.124
32.432	561.413	805.503
32.225	561.376	805.653
32.005	560.939	806.697
32.108	560.621	807.723
31.563	560.222	808.006
32.216	560.280	807.912
31.882	560.186	807.474
31.823	561.256	807.251
32.329	561.506	805.993
32.377	561.601	806.114
32.120	561.988	806.592
31.929	561.387	806.547
32.092	561.162	807.145
32.167	559.707	808.071
31.691	560.601	807.344
32.377	560.326	808.176
32.172	560.051	807.503
31.886	560.538	807.532
31.716	560.499	807.381
31.853	560.855	807.322
32.176	561.180	806.762
31.842	560.880	806.884
32.309	560.978	807.088
31.908	560.627	807.404
32.281	561.046	806.593
32.485	561.108	805.678
32.591	561.471	806.797
32.093	560.467	806.539
31.598	560.115	807.470
31.997	561.721	806.067
32.381	561.249	806.406
32.203	561.137	805.667
31.168	560.087	806.179
31.904	560.923	806.950
32.130	561.267	806.331
31.918	561.351	806.171
32.416	561.436	805.352
32.173	560.928	806.387
32.627	561.014	805.984
31.975	561.137	806.104
32.117	561.554	805.688
31.578	560.893	805.891
32.444	560.387	806.723
31.648	560.909	806.686
32.300	560.215	806.971
32.479	560.283	807.248
31.934	559.887	807.603
31.756	559.953	807.263
31.498	560.065	807.727
31.878	559.460	808.090
31.756	559.357	807.934
31.536	558.564	807.930
32.181	558.940	808.310
32.211	560.048	808.408
32.479	558.802	808.549
32.067	558.693	808.062
31.772	558.666	808.279
32.102	559.551	808.042
31.849	559.241	808.433
31.618	559.508	807.567
32.713	559.497	808.088
32.253	559.178	806.928
31.205	559.819	807.530
31.871	559.950	807.023
32.148	559.528	807.599
32.021	559.450	808.046
31.935	559.761	807.354
32.112	560.934	806.694
32.468	560.314	806.695
31.872	559.942	807.211
31.436	560.401	806.477
32.727	560.587	807.023
31.839	560.619	806.036
32.177	560.142	807.294
32.256	560.746	806.171
32.340	561.527	805.975
32.332	561.117	806.163
32.009	561.540	805.014
31.667	560.845	805.768
32.280	561.034	805.322
32.188	561.152	804.620
32.628	560.624	805.204
32.107	559.937	806.208
31.444	559.931	806.196
32.188	560.157	806.699
32.100	560.212	807.012
31.934	558.938	806.653
31.778	559.541	806.760
32.142	559.735	807.051
32.354	560.728	806.776
32.411	560.338	806.912
32.166	560.088	807.166
31.904	559.883	807.716
32.277	560.119	806.649
31.843	559.700	807.360
32.020	558.963	807.506
32.202	559.394	808.714
32.211	558.137	808.948
32.543	557.753	809.265
31.650	558.388	808.961
31.652	557.660	808.755
31.600	557.467	809.201
32.143	557.030	809.925
31.236	557.521	808.645
31.951	557.836	808.531
31.727	557.652	808.766
31.914	558.037	809.344
32.126	557.661	807.988
31.114	558.270	808.050
31.598	557.894	808.315
32.013	557.777	808.499
31.732	558.744	807.815
31.550	558.236	807.877
31.777	558.394	807.956
31.772	558.436	807.797
31.688	557.878	808.340
31.928	557.786	808.514
31.540	557.789	808.913
32.072	557.627	808.113
32.125	559.055	807.733
31.723	558.324	808.568
32.810	556.888	808.970
32.031	557.894	808.660
32.127	557.519	809.233
31.771	557.821	809.447
31.576	557.377	809.280
31.808	557.204	809.013
31.612	558.070	808.292
31.587	557.569	808.272
32.308	558.451	808.111
32.343	558.473	808.356
32.183	557.208	809.275
32.209	556.939	808.911
31.734	556.701	809.381
32.394	557.854	808.956
31.841	558.254	808.927
31.226	556.812	808.612
32.054	557.301	809.039
31.619	556.647	808.243
31.660	557.332	808.731
31.252	557.585	808.772
31.715	557.372	808.404
31.437	557.349	807.723
31.494	556.831	809.126
31.475	555.940	809.335
31.676	557.420	808.970
31.796	557.283	808.692
31.870	557.163	808.572
31.898	556.460	808.336
32.206	556.719	809.201
31.890	556.359	809.872
31.625	556.627	809.820
31.927	555.304	810.025
32.036	556.207	810.344
31.218	556.623	809.687
31.732	556.832	809.539
31.869	556.858	809.479
31.630	556.613	809.326
31.825	556.729	808.927
32.143	556.828	809.024
31.898	556.850	809.685
32.365	557.029	809.348
31.958	557.134	809.408
32.132	556.722	808.606
31.497	557.822	808.098
32.225	557.069	808.260
31.936	557.455	807.993
31.755	556.614	809.093
31.420	557.191	808.763
31.347	557.629	807.762
31.895	556.575	808.680
31.559	556.889	808.972
32.080	557.288	808.462
31.441	556.983	807.633
32.006	557.648	807.426
32.517	557.599	807.916
31.850	557.190	808.472
31.394	557.379	807.814
31.845	557.054	808.598
31.969	557.184	808.940
31.745	556.128	809.653
32.433	555.331	810.360
32.462	554.781	810.724
31.285	556.167	810.560
32.258	555.767	810.079
32.156	555.883	809.693
31.436	555.047	810.164
31.339	556.133	810.144
31.852	556.563	810.034
31.126	556.251	809.814
31.766	556.080	809.603
31.970	556.095	809.186
31.741	555.559	809.838
31.985	555.607	810.761
31.863	556.419	809.960
31.617	555.539	810.088
31.834	555.308	809.221
31.989	555.873	809.847
31.211	555.742	810.230
32.038	555.957	809.577
32.098	556.088	809.274
32.570	555.439	809.366
31.189	555.954	809.227
31.594	556.208	808.786
31.692	555.081	809.316
31.838	555.507	810.730
32.078	554.851	810.375
31.979	556.395	810.774
31.605	555.132	810.033
31.540	556.028	809.551
32.148	554.984	810.685
32.148	555.497	810.979
31.920	555.485	810.112
31.715	554.769	810.447
32.068	554.919	809.795
32.040	555.690	809.725
32.069	556.327	809.965
31.596	555.816	809.109
31.858	556.324	808.955
31.114	554.964	809.655
31.696	555.367	809.142
32.603	556.365	808.751
31.619	555.357	808.856
31.787	556.013	809.414
31.971	555.491	808.649
31.699	555.450	809.660
31.573	554.756	810.163
32.176	555.632	809.366
31.739	556.267	808.621
32.112	555.639	808.767
31.872	554.803	809.931
31.664	555.504	809.467
32.024	554.855	809.323
31.607	556.145	808.775
32.354	556.451	809.052
31.658	555.802	808.215
31.797	555.457	808.896
32.299	554.484	809.824
31.870	554.524	809.651
31.925	555.508	810.091
31.813	556.143	809.775
32.442	555.075	810.005
31.612	555.043	809.145
31.645	555.951	808.952
32.008	554.447	809.348
32.184	553.826	809.651
31.325	553.687	810.538
31.967	554.725	810.365
32.066	555.897	808.903
32.757	556.287	808.913
31.831	555.018	808.812
31.955	554.271	809.220
32.035	554.897	808.444
31.895	555.990	808.311
31.855	554.722	808.783
31.812	554.517	809.671
31.637	554.384	810.457
31.901	553.609	809.946
32.094	554.057	810.257
32.122	554.299	810.053
31.866	554.628	809.106
32.159	554.882	809.536
31.839	555.178	809.508
32.248	553.792	810.321
32.508	553.919	810.010
31.923	554.912	810.215
32.317	554.547	810.101
32.334	554.413	809.914
31.634	554.335	810.107
31.730	554.017	809.349
31.481	554.987	807.901
32.512	554.501	808.362
32.672	555.087	808.731
32.004	555.207	809.083
32.215	554.890	809.832
32.204	554.900	809.694
33.245	555.456	808.755
31.807	554.574	808.717
32.524	554.958	809.229
32.079	554.679	809.159
32.025	554.598	809.092
32.584	554.864	809.117
32.318	554.860	808.550
32.352	554.000	810.115
32.199	554.138	809.500
32.182	553.791	809.117
31.440	554.227	809.885
31.702	553.972	809.818
31.844	554.005	809.939
31.815	553.925	810.136
31.771	553.695	809.762
31.527	553.953	809.559
32.131	554.260	810.029
31.970	553.512	810.404
31.855	554.202	809.001
31.691	554.160	809.703
32.547	553.095	810.683
31.712	553.685	811.387
32.327	554.079	810.831
32.025	554.265	810.035
31.929	553.890	809.792
31.919	553.722	809.734
32.411	553.738	809.735
32.747	553.709	809.445
32.082	553.771	810.229
31.804	553.792	809.889
32.140	553.646	809.464
31.696	554.332	809.227
32.149	553.668	809.018
32.480	554.595	809.220
32.509	553.505	809.595
31.859	553.316	810.079
31.827	552.876	810.136
31.864	554.319	809.233
32.030	553.216	809.639
32.194	553.692	809.869
31.781	553.113	810.122
31.962	553.300	809.378
32.406	553.988	809.830
32.272	553.886	809.313
31.941	553.237	809.391
32.181	553.789	808.812
32.451	553.753	809.811
32.459	552.575	809.969
32.230	552.392	809.990
31.905	552.151	810.809
33.086	551.908	810.467
32.089	552.364	810.954
32.669	552.688	810.949
32.811	552.927	809.879
31.691	553.212	810.426
32.351	553.996	809.884
32.519	553.453	809.651
31.865	551.427	810.926
32.474	551.346	811.484
32.222	551.835	810.954
31.919	552.036	811.125
32.415	552.250	811.016
32.299	551.885	810.697
32.205	552.771	810.884
32.377	552.712	811.399
32.461	553.447	810.095
31.940	552.946	808.646
31.842	553.896	808.681
31.853	553.400	809.658
32.383	553.218	809.107
32.778	553.116	809.532
32.225	552.186	810.570
32.272	552.059	811.560
32.001	551.935	811.208
32.253	551.042	810.514
32.201	551.398	811.275
32.133	551.755	810.913
32.110	552.965	809.988
32.295	552.907	809.646
32.600	553.826	809.038
32.309	553.791	807.837
32.278	553.265	808.346
32.014	553.307	810.115
31.997	552.526	809.566
31.817	552.289	809.243
31.484	552.021	810.167
32.047	551.052	811.607
32.439	551.418	811.938
32.358	550.577	812.504
32.301	551.276	811.281
32.938	552.191	810.332
32.250	551.529	810.041
32.013	552.312	809.549
32.521	552.105	809.659
32.155	552.270	809.061
31.997	552.832	809.531
32.461	552.689	809.467
32.181	553.401	808.329
31.692	553.343	808.712
31.704	552.092	810.110
32.205	552.222	809.689
31.591	551.012	809.633
32.022	552.148	809.639
32.122	552.787	809.628
32.496	552.397	810.052
32.621	551.820	809.075
32.055	551.989	809.993
32.529	552.628	809.515
31.877	551.644	809.996
32.106	551.962	810.527
32.960	551.782	811.067
32.145	551.643	810.544
33.059	552.434	810.075
32.255	551.694	809.542
31.741	552.544	810.354
31.977	552.456	808.589
32.702	552.065	809.655
32.264	552.068	809.251
31.860	552.326	809.872
32.413	552.722	810.244
32.348	552.086	809.246
32.167	552.091	809.107
31.968	552.573	809.158
31.777	552.165	808.911
32.170	551.781	809.369
31.960	552.113	809.042
31.932	552.632	809.081
31.904	551.538	809.688
32.127	552.256	809.654
32.504	551.661	809.822
32.274	551.513	811.300
32.679	551.123	810.173
32.279	550.598	809.835
32.559	551.057	809.739
32.499	551.087	809.798
32.309	551.600	810.631
32.595	551.962	810.266
32.273	551.925	809.836
32.250	551.711	810.017
32.889	551.123	809.986
32.747	551.371	809.956
31.973	551.049	809.769
32.203	551.034	810.501
32.843	551.282	810.403
31.849	550.096	809.968
31.887	550.486	810.468
32.110	551.125	810.612
31.634	550.932	811.204
31.641	550.743	810.293
32.236	551.090	810.281
32.120	550.966	810.545
32.553	550.826	810.150
32.502	551.441	809.694
32.195	551.055	810.409
31.955	551.300	809.582
32.690	550.811	809.750
32.285	551.567	809.117
32.387	551.802	810.021
31.973	551.801	809.268
31.761	551.422	809.336
32.304	551.082	810.194
32.298	550.495	809.928
32.276	550.827	810.309
33.067	550.701	809.856
32.768	550.281	809.637
32.077	550.073	809.792
32.323	550.699	810.840
32.071	550.748	810.551
32.263	550.680	811.063
32.632	551.419	809.182
32.558	550.862	809.985
32.267	550.951	809.016
32.379	551.911	809.194
32.069	551.555	808.039
32.450	550.780	808.856
31.967	551.554	809.289
32.202	551.207	809.572
32.060	550.600	809.358
32.235	551.405	809.318
32.630	550.300	810.208
31.817	550.534	810.430
32.653	551.001	810.660
31.975	551.360	810.090
32.551	551.017	809.255
32.583	550.431	810.591
32.396	549.687	810.926
32.283	550.914	810.872
32.366	550.679	809.930
32.641	550.835	810.033
32.200	550.734	809.354
32.200	551.037	809.330
32.012	551.256	809.266
32.068	551.715	808.654
31.728	551.721	808.298
32.093	551.031	808.663
31.823	550.758	809.388
32.034	550.483	808.634
31.302	549.992	809.495
32.095	550.654	809.410
32.358	551.017	809.607
32.405	550.409	808.580
32.463	551.451	810.020
32.099	550.160	809.101
31.751	550.381	809.092
31.676	550.628	809.394
32.011	550.691	809.953
32.417	549.806	810.006
31.915	550.195	810.201
32.279	549.610	810.779
31.725	549.177	811.181
32.285	548.748	811.833
32.135	549.425	812.095
32.775	549.596	811.605
33.347	549.747	810.525
31.985	549.234	811.280
32.640	549.908	811.061
32.701	549.777	810.495
32.065	549.486	809.857
31.269	549.697	811.137
32.873	549.658	810.575
32.661	550.646	810.199
32.265	550.607	809.359
32.567	550.984	808.517
32.170	550.582	808.548
32.631	550.209	809.669
31.922	549.844	809.763
32.659	549.592	810.592
32.197	549.555	810.215
32.275	549.396	810.631
31.996	548.948	811.315
32.510	549.714	811.412
32.429	549.555	810.491
32.232	549.534	809.035
32.053	550.183	809.365
32.487	550.388	809.650
32.162	548.249	811.121
31.745	548.352	811.417
32.138	549.301	810.868
32.263	548.192	811.997
32.067	548.646	811.794
31.521	548.140	812.350
32.190	548.201	812.290
31.895	548.289	812.170
31.954	548.141	812.509
31.857	548.484	812.169
31.799	548.428	812.327
31.781	548.080	812.213
32.356	548.339	812.579
32.279	548.356	813.189
32.493	548.638	812.677
32.034	547.863	813.122
31.817	548.289	812.802
32.077	547.651	813.103
32.686	548.103	812.647
31.940	547.459	813.121
31.832	547.724	813.200
31.927	547.169	813.454
31.930	548.219	812.589
31.685	547.238	812.812
32.104	547.871	812.349
31.818	548.313	811.916
32.124	547.937	812.703
31.761	546.983	813.118
32.055	547.413	812.228
32.032	546.067	813.848
31.547	546.786	813.683
32.396	547.435	813.989
33.225	547.436	813.331
31.777	547.038	812.481
32.004	547.482	812.789
31.673	547.790	812.809
31.839	548.380	812.716
31.354	547.842	812.418
32.165	548.290	812.008
32.174	547.405	812.317
32.306	548.012	811.936
31.937	547.649	813.181
31.453	547.110	813.070
31.815	546.688	813.618
32.484	547.148	812.938
32.183	546.720	813.942
32.217	546.732	813.503
31.978	546.447	813.540
31.587	546.091	814.153
32.084	547.337	813.372
31.715	547.358	812.689
31.660	547.286	813.285
31.801	547.180	812.910
31.884	546.789	812.632
31.933	547.258	813.262
32.412	546.352	812.523
31.404	546.448	813.723
31.476	546.242	813.811
31.861	545.758	814.155
31.626	545.828	813.900
32.182	546.708	813.638
31.980	547.020	812.893
31.931	546.565	813.274
31.712	547.093	812.808
32.601	547.170	813.651
31.714	546.700	814.602
32.503	547.436	813.882
32.262	546.997	813.941
32.276	548.098	812.572
32.127	547.118	812.570
32.153	546.166	813.127
32.098	547.098	812.911
32.301	546.296	813.190
31.998	546.137	812.519
32.049	546.227	813.295
32.171	547.188	813.259
32.504	547.169	812.698
31.671	546.567	813.256
31.824	545.401	813.689
31.856	546.651	814.374
32.465	545.870	814.559
32.021	545.662	815.603
31.590	545.578	815.073
32.084	547.012	813.217
31.919	546.446	813.023
31.831	546.515	813.221
31.946	545.786	813.412
31.739	546.243	813.367
32.056	546.225	813.648
32.316	546.995	812.252
31.916	546.013	812.531
31.969	546.779	813.023
32.072	546.363	813.783
32.372	546.572	814.884
32.264	545.703	814.656
32.040	545.481	814.518
31.736	545.032	815.085
32.429	545.506	815.242
31.789	545.551	814.766
32.279	546.133	813.833
31.492	546.072	813.637
31.804	545.865	813.995
31.518	545.695	813.274
31.807	545.990	813.116
31.799	546.468	813.417
32.666	546.866	812.209
32.706	546.483	813.319
31.449	546.158	813.457
32.394	545.038	813.636
31.924	545.398	814.531
31.790	544.399	815.019
32.129	544.471	814.579
31.908	545.064	815.004
32.124	545.226	814.497
31.972	545.000	814.224
31.673	545.230	814.016
32.487	545.894	814.672
32.493	546.561	814.741
32.272	546.110	813.933
32.333	546.031	814.127
32.413	544.944	813.685
31.667	545.017	814.116
31.835	545.347	813.997
32.005	545.925	813.343
32.400	545.221	813.386
31.881	545.381	813.418
32.165	546.122	812.447
32.286	546.083	813.203
32.171	546.054	813.777
31.917	545.523	814.005
32.480	545.819	813.483
31.668	546.480	812.886
31.957	545.779	813.276
32.020	546.146	812.644
32.500	546.214	812.614
32.447	546.367	813.347
32.022	545.774	813.107
32.221	546.100	813.112
32.408	545.520	813.266
31.910	544.966	813.844
31.516	545.352	814.339
31.557	545.391	813.859
31.490	545.782	814.029
32.150	546.144	813.656
32.180	545.620	813.920
32.466	545.598	813.787
32.229	545.936	813.167
32.059	546.479	812.523
32.081	545.974	813.470
31.986	545.751	813.219
32.257	545.737	813.490
32.628	545.010	814.304
32.025	544.873	814.359
32.735	546.020	814.196
32.332	545.233	814.430
32.002	544.846	814.582
31.996	544.974	814.111
32.568	545.080	813.789
31.734	544.920	814.304
32.244	545.391	814.166
32.075	544.450	814.476
31.528	544.090	814.557
31.597	544.670	814.161
31.659	545.624	813.363
32.536	545.639	812.417
32.467	545.592	813.260
32.019	545.140	813.057
31.849	544.693	813.686
31.952	543.654	814.289
31.441	544.322	813.615
32.022	544.650	814.331
31.714	544.435	813.587
32.355	544.735	815.257
32.394	544.749	814.274
32.497	544.683	813.944
32.301	544.549	814.335
32.010	545.032	813.477
32.509	544.430	813.322
31.982	544.565	814.479
31.996	544.352	813.789
31.473	544.520	814.354
32.164	545.087	814.293
32.136	545.469	813.534
31.978	545.243	813.555
32.170	544.756	813.875
31.951	544.896	814.153
31.666	545.612	812.782
32.063	544.681	814.092
31.893	544.977	813.915
32.434	544.582	813.644
32.177	545.131	813.663
32.496	543.939	813.938
31.631	544.077	813.473
32.251	544.181	814.539
32.416	544.967	814.427
31.991	544.739	813.356
31.795	544.453	813.775
32.023	543.963	814.447
31.404	543.888	813.943
32.334	543.396	814.811
31.870	543.989	813.848
31.808	544.210	814.549
32.102	543.747	814.692
32.010	544.397	814.692
32.053	543.723	814.429
31.985	544.261	814.732
31.773	544.182	814.654
31.621	544.378	814.253
31.730	543.733	814.173
31.891	544.855	813.688
31.814	545.027	814.207
32.211	544.515	813.629
32.256	544.510	814.029
32.074	545.238	813.693
31.596	545.157	813.032
32.006	544.164	813.961
32.309	544.342	813.929
32.258	544.390	813.561
31.979	543.975	814.073
32.123	543.971	814.005
31.344	543.922	814.007
31.715	544.683	813.583
31.992	544.658	814.643
31.825	543.933	814.828
32.395	543.807	813.997
31.983	545.051	813.241
31.692	544.813	813.603
31.830	544.140	814.160
31.867	544.266	814.007
32.151	543.953	814.966
31.941	543.659	814.601
31.861	543.069	814.983
32.056	543.212	814.603
31.876	543.177	815.260
31.834	543.409	814.786
32.019	543.034	815.122
32.004	543.045	815.159
32.146	543.868	814.416
32.195	543.638	814.350
32.223	543.494	814.483
31.766	543.813	814.545
31.895	544.194	815.448
31.859	543.693	814.109
32.060	542.884	814.956
32.077	544.062	814.348
32.340	544.939	813.964
31.964	544.422	813.954
32.662	545.191	813.613
31.897	543.894	813.707
31.581	544.475	814.209
32.247	543.603	814.368
32.318	544.743	813.249
32.544	544.689	813.005
32.419	545.350	813.754
32.544	543.952	814.488
32.180	543.671	814.191
31.994	544.085	814.230
31.406	543.155	813.299
31.710	543.948	813.585
32.115	543.838	813.932
31.740	544.562	813.900
32.166	544.149	814.380
32.234	543.594	814.749
32.093	543.515	814.720
32.190	544.502	813.951
32.255	544.290	814.067
31.726	544.100	813.326
32.301	543.659	814.014
32.119	543.692	814.316
31.990	543.734	814.009
31.709	543.735	813.699
32.113	543.667	814.048
32.000	542.770	814.810
32.199	543.576	814.475
31.762	543.827	814.309
31.888	544.079	814.547
32.290	543.380	814.851
32.200	542.763	814.917
32.222	542.930	814.526
31.786	543.142	814.758
32.433	542.468	815.583
31.656	542.029	815.227
31.507	542.636	814.914
32.159	543.502	814.519
32.586	543.249	814.849
32.066	543.230	814.664
32.413	542.221	815.281
32.026	542.271	815.697
31.684	542.801	815.621
31.956	542.289	815.273
31.788	542.757	815.157
32.184	543.016	815.356
32.034	543.239	815.172
32.070	543.543	814.530
32.267	543.464	814.753
31.893	543.082	815.213
31.962	542.621	815.288
32.081	542.954	814.405
31.982	543.224	815.556
32.243	542.737	815.183
32.370	543.312	813.770
32.229	542.829	814.949
32.327	542.625	815.035
31.994	542.883	815.162
31.804	543.099	814.757
31.720	543.170	814.710
31.974	543.292	815.037
31.829	543.546	814.952
32.241	543.794	814.046
31.767	543.354	814.094
32.663	543.283	815.126
32.349	542.953	814.487
32.319	543.730	813.871
31.816	543.656	813.751
32.382	543.687	814.173
32.178	543.201	814.112
31.679	543.625	813.615
32.207	543.844	813.749
32.588	543.472	814.160
32.269	543.009	814.458
31.769	543.119	814.452
32.099	542.931	815.489
32.330	542.968	814.692
31.631	542.660	814.600
32.535	542.486	814.952
31.684	542.775	814.591
31.726	542.982	814.103
32.057	543.421	814.424
32.033	542.814	815.005
31.782	543.293	814.396
32.398	542.664	813.934
31.930	543.462	813.860
32.456	543.389	814.493
32.403	543.239	814.776
31.901	542.794	814.925
31.965	542.856	814.188
32.312	542.466	814.927
31.792	541.679	814.963
31.867	541.998	814.365
31.692	543.176	813.968
32.053	542.758	814.188
32.379	543.325	814.747
32.051	543.168	814.676
32.026	542.482	814.650
32.043	542.740	815.191
32.246	541.945	814.839
31.823	542.954	814.953
32.204	542.689	814.755
32.383	542.078	816.046
31.789	541.900	815.199
32.084	542.113	815.305
31.983	542.216	815.293
32.221	542.512	814.691
32.517	542.574	815.311
31.575	542.053	815.081
31.955	541.816	815.193
32.506	542.320	815.149
31.976	542.505	815.120
32.066	543.227	814.798
32.479	542.904	814.880
31.776	542.489	814.834
32.112	542.169	815.406
32.497	542.072	816.106
32.056	541.567	815.853
32.261	542.036	815.691
32.242	542.746	816.202
32.246	542.761	815.261
31.999	541.956	814.492
31.557	541.644	814.355
31.438	542.521	814.375
31.896	542.790	813.457
32.001	543.363	813.108
31.725	543.112	813.919
32.292	543.455	814.340
31.674	542.827	814.384
32.410	543.301	813.244
32.568	542.292	814.949
32.239	541.697	815.373
31.984	541.795	815.383
31.815	541.346	815.341
32.282	541.668	815.131
32.143	541.971	814.519
32.021	541.905	815.340
31.830	542.471	814.998
31.777	542.532	815.001
31.518	542.580	814.438
32.288	542.114	814.197
32.422	543.379	814.680
32.236	542.137	814.463
31.760	542.492	813.739
32.414	543.194	814.542
32.048	542.895	814.923
32.104	542.618	815.288
32.018	542.536	815.140
31.984	542.558	813.572
31.373	542.519	814.015
31.393	542.608	814.333
32.066	542.375	815.058
32.111	541.501	815.449
32.155	541.880	815.114
32.353	542.468	815.187
31.628	542.118	815.102
32.389	542.119	815.441
32.089	542.675	815.073
32.033	542.170	814.720
32.263	542.179	815.491
32.068	542.260	814.497
32.363	542.652	814.128
31.943	542.264	814.476
32.496	542.402	814.203
32.141	541.555	815.012
31.956	541.660	814.128
31.906	542.014	814.253
31.735	542.941	814.261
32.021	542.776	814.282
31.718	542.498	814.680
32.120	541.090	815.381
32.147	541.044	815.560
31.853	541.901	815.357
31.688	541.933	815.055
31.617	541.274	815.374
32.049	541.924	815.199
31.923	541.454	815.226
31.964	541.271	815.676
32.216	541.757	815.483
32.073	541.962	815.524
32.067	541.600	815.788
32.002	542.304	815.688
32.404	541.605	816.015
31.696	541.708	815.862
32.367	541.738	815.548
32.190	540.919	815.541
32.380	542.038	815.294
32.104	541.460	815.502
32.516	541.816	815.812
32.502	541.895	816.038
32.296	541.245	815.803
31.906	541.751	815.246
31.803	541.742	815.193
32.050	541.453	815.099
32.224	541.551	815.198
32.715	541.549	815.636
32.192	541.331	816.244
32.024	542.247	815.965
31.901	541.653	815.130
32.209	541.549	815.385
32.354	541.645	814.629
32.309	542.085	814.586
32.564	541.786	815.170
32.450	542.050	814.896
32.042	541.849	815.282
31.845	541.544	815.503
32.343	541.727	815.389
31.870	542.655	814.696
31.959	541.772	815.436
31.971	541.939	815.073
32.110	542.266	814.725
31.574	541.713	815.212
31.938	541.675	814.783
32.207	541.499	815.283
32.072	541.469	815.512
32.753	540.238	816.070
32.282	541.376	815.859
32.012	541.071	815.255
32.634	540.559	815.674
32.110	541.382	814.748
32.046	541.309	815.135
32.421	540.847	815.457
32.099	541.074	815.141
31.709	541.481	815.262
32.310	541.233	815.353
32.004	541.518	815.193
32.045	541.893	814.679
31.478	541.273	814.512
32.022	541.559	814.802
32.142	541.096	815.434
31.784	541.513	814.942
31.683	541.362	814.816
32.258	541.518	815.464
32.161	540.722	815.728
31.798	540.928	815.150
31.837	541.623	814.490
31.867	541.937	814.472
32.114	541.768	814.700
31.782	541.653	814.540
31.888	541.440	815.088
32.271	540.797	815.455
32.592	541.802	815.742
32.015	541.586	815.230
32.129	541.271	815.183
32.109	541.345	814.635
31.891	541.699	814.926
31.621	541.296	815.131
32.595	541.260	815.261
32.127	541.340	814.920
31.752	540.813	815.606
32.101	541.721	815.412
31.879	542.004	814.665
31.775	541.346	814.910
31.978	540.744	815.925
32.002	540.794	815.885
31.996	541.161	816.001
32.052	540.822	815.655
32.020	540.881	815.688
32.129	540.908	815.483
32.356	540.926	814.722
32.367	540.384	815.735
32.181	540.796	816.111
31.874	540.719	815.841
31.985	540.717	815.347
31.711	541.443	815.547
32.393	541.436	815.442
32.137	541.191	814.620
31.778	541.192	814.546
32.243	541.075	816.077
32.257	540.648	815.203
32.488	540.724	815.498
32.070	540.949	815.472
32.717	540.827	815.693
32.350	540.400	815.638
32.275	541.131	815.483
31.981	541.477	815.979
32.371	540.873	815.456
32.707	540.442	815.646
32.124	540.218	815.712
31.948	540.559	815.823
32.041	541.270	815.495
32.082	541.909	815.025
32.259	541.070	815.040
32.154	540.742	815.461
32.061	541.193	815.027
32.232	540.568	815.311
32.773	540.844	815.983
32.356	541.137	815.269
32.682	541.217	815.245
32.272	540.368	815.410
32.280	539.675	816.108
32.318	540.717	816.412
32.061	540.895	815.698
32.554	540.341	816.678
32.110	540.149	816.297
32.554	540.903	817.222
32.295	540.417	815.954
32.113	540.178	815.791
31.849	539.785	816.664
32.192	540.395	816.280
32.196	540.268	815.151
31.824	540.367	815.591
32.163	540.239	815.672
31.665	539.618	815.543
32.167	540.192	815.906
32.450	540.757	815.194
31.658	541.311	815.329
32.776	541.109	815.952
32.606	540.152	816.127
31.910	541.076	815.222
32.342	540.228	814.923
32.585	540.599	815.334
31.979	540.653	815.680
31.811	539.880	816.084
32.369	540.300	816.138
32.176	540.480	815.789
32.047	540.009	815.267
32.415	539.754	816.154
31.991	540.405	815.544
32.614	540.155	816.440
31.543	540.220	814.929
31.691	539.956	815.888
31.750	540.375	815.764
32.571	540.952	815.535
32.443	539.684	816.308
32.060	540.046	815.807
32.337	540.183	816.361
32.099	540.240	815.431
31.995	540.681	814.516
32.013	540.309	815.411
31.594	539.944	815.492
32.552	540.164	815.612
32.619	539.608	815.874
31.455	540.330	815.643
32.174	539.764	816.181
32.043	540.705	815.914
32.088	539.399	816.381
32.173	539.914	816.771
32.209	540.439	816.654
31.921	539.349	816.568
32.176	538.816	816.307
32.088	539.668	816.202
32.009	539.873	816.122
32.496	538.672	817.347
32.272	539.191	816.948
32.415	539.631	816.407
31.938	540.145	816.621
31.825	540.121	815.686
31.740	539.680	815.648
32.280	539.421	815.787
32.337	539.436	816.214
32.175	540.161	816.609
32.257	539.781	817.062
31.707	540.191	815.893
32.490	539.500	816.799
32.119	539.469	816.475
32.507	539.550	816.300
31.941	540.202	816.652
32.069	539.333	816.126
32.225	539.466	815.588
32.155	539.239	816.488
32.088	539.690	816.298
32.432	539.124	816.624
31.831	539.915	816.921
32.198	539.796	816.080
32.345	540.084	815.461
32.199	540.527	815.596
32.107	540.648	815.810
32.020	540.142	815.557
32.283	540.207	816.923
32.325	539.748	816.969
32.466	539.504	816.482
32.542	538.995	816.699
32.227	538.649	816.980
32.853	539.392	816.027
31.849	538.769	815.979
32.192	539.791	815.715
32.075	540.334	816.138
31.891	538.663	815.771
32.337	540.022	816.337
32.650	539.361	816.370
32.565	538.996	816.409
31.734	539.073	816.014
32.174	539.226	816.299
32.562	539.721	815.520
32.119	540.381	815.674
31.955	539.972	816.075
32.051	539.274	815.916
32.143	539.947	816.023
31.851	539.370	816.566
31.870	539.791	816.913
32.295	539.663	816.978
32.152	540.359	815.781
31.898	540.526	815.548
32.490	539.800	815.976
32.257	539.479	816.142
32.012	539.273	815.791
32.364	539.613	815.299
32.305	540.049	815.143
31.829	539.524	816.220
32.398	539.665	815.862
32.757	539.383	815.204
32.841	539.638	815.832
32.314	539.370	815.760
32.241	539.050	816.250
32.392	539.338	816.019
32.172	539.067	816.026
32.516	538.986	816.244
32.509	539.504	815.361
32.088	540.308	815.314
32.470	539.599	815.542
32.552	539.762	816.300
31.905	539.233	815.996
32.762	538.896	816.988
31.988	539.100	816.692
32.664	539.025	817.224
31.867	539.389	816.577
32.574	538.758	817.261
31.788	539.538	815.983
32.578	539.184	816.668
32.845	538.800	816.281
31.945	539.523	816.510
32.247	539.437	816.568
32.033	538.606	816.625
32.781	539.093	815.880
32.393	538.800	815.984
32.868	539.726	816.017
32.384	539.081	816.693
32.398	538.808	816.277
32.406	540.048	814.941
31.733	539.265	815.310
32.051	539.151	815.647
32.338	539.091	815.730
32.093	539.189	816.046
32.228	539.744	816.424
32.089	539.475	815.654
32.730	539.070	816.500
32.628	538.598	816.769
31.661	538.075	816.573
32.712	537.280	817.151
32.602	537.870	817.627
32.522	537.167	817.420
32.301	537.691	817.038
32.224	538.617	816.657
31.509	538.845	816.918
32.264	538.099	816.626
32.065	538.976	816.811
32.205	538.889	815.948
32.457	538.461	814.970
32.170	538.736	815.580
32.048	538.177	816.616
32.413	538.796	817.418
32.221	538.933	816.394
32.352	539.104	816.597
32.489	538.320	816.688
31.973	538.286	817.018
32.545	538.334	816.865
32.058	538.138	817.312
32.301	538.457	817.106
32.532	538.686	816.618
32.133	538.263	816.638
32.680	538.554	817.306
32.852	538.043	817.268
32.295	538.372	816.370
32.540	538.638	816.767
32.186	538.735	816.916
31.741	538.358	816.413
32.717	538.108	817.141
32.540	537.399	817.334
32.073	538.094	817.228
32.382	538.462	817.096
32.072	538.516	816.707
32.004	538.358	816.280
32.717	538.039	816.637
32.818	537.209	818.062
32.560	537.824	817.870
32.634	537.238	817.773
32.532	537.279	818.167
31.669	537.322	817.901
33.517	537.688	816.963
32.550	537.803	817.239
32.414	538.266	816.837
31.970	537.883	816.468
32.243	538.519	816.524
32.612	538.302	816.425
32.669	538.519	816.992
32.661	537.878	817.051
31.891	539.024	815.983
32.198	539.276	814.948
32.235	538.049	816.130
31.786	538.286	816.456
32.312	538.841	815.989
32.877	538.069	817.074
31.934	538.405	816.790
32.417	538.179	816.384
32.309	538.730	816.167
32.231	538.448	816.652
31.733	538.037	816.778
32.506	537.594	816.408
32.714	538.058	817.154
31.773	538.062	817.582
31.920	538.060	817.229
32.004	537.364	816.850
32.218	537.458	817.414
32.843	537.960	816.463
32.060	537.837	816.316
32.585	538.184	816.258
32.396	538.608	816.181
32.370	538.516	816.900
32.033	538.064	816.762
32.272	537.796	816.677
31.679	538.014	816.450
32.219	538.152	816.430
32.922	538.090	817.241
32.243	537.683	816.654
32.006	538.305	816.404
32.158	538.569	816.046
32.217	538.669	815.608
32.577	538.345	816.400
32.396	537.725	816.786
32.010	537.730	816.418
32.389	537.995	816.422
32.438	538.426	816.332
32.281	537.518	817.313
32.265	537.689	817.039
32.262	537.539	817.171
32.196	537.495	817.319
31.990	536.957	816.197
32.225	537.946	816.195
32.125	537.938	815.834
32.186	538.364	815.996
32.287	537.051	816.744
32.661	537.108	816.901
33.224	537.262	817.837
32.732	537.036	817.998
31.821	537.152	817.155
32.242	537.889	817.454
32.568	538.312	817.246
32.249	537.522	818.180
32.424	537.682	817.136
32.525	536.964	817.130
32.054	537.353	816.699
32.539	537.253	817.821
32.966	537.692	817.579
32.344	537.416	817.345
32.655	538.207	817.698
32.186	537.189	817.528
32.243	536.740	818.016
32.436	535.697	818.058
32.232	536.769	817.209
32.148	537.891	817.344
32.292	537.684	817.166
32.098	537.809	817.148
32.524	537.706	817.108
31.983	537.763	816.566
32.359	537.413	816.827
32.180	537.214	816.781
32.829	537.639	816.696
32.527	537.027	817.218
32.026	536.526	817.771
31.796	537.123	817.915
31.975	536.515	818.083
33.016	537.158	817.767
32.304	536.507	818.358
32.629	536.509	818.699
32.630	537.106	818.008
32.417	536.939	817.380
33.101	537.196	817.516
32.291	537.112	816.925
32.561	537.478	816.977
32.578	536.407	817.924
32.354	536.098	818.032
32.708	536.380	817.956
32.830	536.701	818.112
32.200	537.164	817.088
32.131	537.037	817.270
32.772	537.180	817.362
32.366	537.462	816.745
32.406	536.738	816.738
32.415	536.770	817.850
32.809	537.425	817.458
32.528	537.334	816.586
32.635	537.174	816.776
31.740	536.982	816.978
32.587	537.268	816.797
32.001	536.909	816.548
32.641	537.232	818.125
31.697	536.710	818.552
32.575	535.822	819.088
33.076	534.783	819.887
32.811	534.877	819.308
32.082	535.957	818.807
32.243	535.697	818.461
32.881	536.675	817.377
32.165	536.681	817.219
32.288	537.092	817.230
32.289	536.898	817.554
32.326	536.748	817.318
32.581	536.642	817.473
32.048	537.305	817.193
32.096	537.461	817.453
32.649	537.438	816.697
31.974	537.545	817.518
32.636	536.381	817.804
32.327	536.825	817.951
32.501	536.558	818.604
32.348	536.661	817.907
32.091	536.801	816.902
32.166	536.533	817.866
32.583	536.753	817.610
32.729	537.292	817.955
32.798	536.289	817.959
31.654	536.394	817.582
32.717	536.881	817.871
32.367	536.313	817.768
32.741	535.810	818.417
32.385	537.325	817.164
32.084	537.212	816.374
32.072	536.971	816.716
32.626	536.571	817.546
32.749	536.693	817.477
32.519	536.688	817.958
31.871	536.289	818.476
32.282	536.862	817.804
32.458	536.947	818.038
32.077	536.707	817.966
32.011	536.038	817.461
32.472	537.136	817.443
32.340	536.914	816.783
32.679	537.067	817.228
32.319	537.099	817.370
32.135	536.833	817.410
32.650	536.713	817.229
32.383	536.475	817.320
32.369	536.370	817.847
32.975	535.525	818.855
32.488	535.914	818.531
32.394	535.734	818.377
32.561	535.791	818.367
32.670	536.479	817.944
32.208	535.953	818.102
32.020	536.559	817.587
32.462	536.519	817.797
32.529	536.324	817.864
32.853	536.579	817.673
32.552	536.858	817.713
32.367	537.219	818.048
32.139	537.329	817.102
32.321	537.109	816.870
32.559	537.056	817.254
31.968	537.035	817.166
32.411	536.534	817.351
32.492	536.837	817.266
32.188	537.148	817.313
32.413	536.797	817.310
32.202	536.086	816.921
33.112	536.716	818.238
32.391	537.349	817.678
32.556	536.343	818.441
32.797	535.719	818.222
32.620	536.540	817.553
31.733	535.771	818.642
32.696	535.597	819.330
32.649	535.621	818.472
32.626	535.973	818.246
32.350	536.993	817.587
32.370	536.366	817.310
32.452	535.873	817.218
32.094	537.429	817.350
32.275	536.533	818.070
32.098	536.021	816.813
32.666	536.180	816.903
32.256	536.584	817.182
32.208	536.501	817.241
31.767	536.559	817.385
32.614	536.612	816.867
31.577	536.372	816.926
32.386	535.946	817.814
32.660	536.407	818.010
32.600	534.985	818.168
32.577	535.376	818.121
32.318	535.717	818.962
32.797	536.876	818.376
32.274	537.095	818.087
32.382	537.308	817.672
32.371	536.486	817.758
32.307	536.530	818.267
32.216	535.424	818.392
32.781	535.601	818.570
32.704	535.787	818.262
32.824	535.745	818.582
32.704	535.459	819.136
32.218	535.106	819.074
32.183	535.590	819.429
32.530	534.884	819.306
32.541	534.926	819.189
32.413	534.505	819.723
32.189	535.523	819.582
32.733	535.372	819.266
32.717	535.359	819.357
32.314	535.334	819.426
32.654	534.629	818.839
32.431	535.172	819.166
32.007	534.745	818.755
32.334	535.317	819.117
32.285	535.198	818.978
31.871	535.133	819.394
32.155	535.626	819.285
32.452	536.195	818.665
32.385	536.330	817.880
32.780	536.171	818.088
32.415	535.911	818.164
32.653	536.434	818.237
32.795	534.651	818.695
32.200	535.979	818.497
32.505	535.963	818.161
32.267	535.677	817.971
31.965	535.676	817.535
32.174	536.434	817.742
32.640	534.833	818.244
32.704	535.558	818.598
32.443	535.227	818.615
32.818	534.805	819.788
31.891	535.167	819.366
32.471	535.212	818.850
32.108	535.205	819.021
32.295	534.969	818.798
31.687	534.733	819.365
32.042	535.023	818.921
32.348	535.185	818.962
32.494	535.728	818.863
32.668	535.371	818.693
32.769	533.848	820.214
32.639	534.663	819.843
32.014	535.300	819.425
32.408	535.639	818.693
32.294	535.453	818.742
32.213	535.317	819.093
32.276	535.017	819.443
32.639	534.602	819.666
32.757	535.039	819.270
32.549	535.554	818.800
32.514	535.597	819.664
32.144	535.607	818.805
32.661	535.832	818.695
32.739	535.635	819.564
32.598	535.154	818.910
31.987	535.264	818.876
32.413	535.341	819.304
32.514	535.389	819.273
32.432	535.017	819.399
32.455	535.536	818.533
33.083	535.160	819.198
32.378	535.005	818.816
32.075	535.812	819.491
32.808	536.170	818.694
32.307	535.625	818.008
32.500	535.482	818.281
32.362	536.283	818.103
32.107	535.307	818.740
32.092	535.272	818.505
32.551	535.316	819.673
32.043	534.868	819.776
32.356	535.124	819.227
32.067	535.178	819.568
32.902	534.876	819.858
31.928	534.830	819.974
32.836	534.019	820.607
32.455	533.966	820.279
32.466	533.971	819.855
32.546	534.357	820.786
32.144	534.237	821.159
32.573	534.474	820.240
32.052	534.048	820.181
32.672	534.810	820.035
32.193	533.951	820.291
32.358	534.551	820.536
31.966	535.412	819.791
32.692	534.828	819.584
31.834	534.179	820.409
32.348	534.910	819.934
33.130	535.307	819.829
31.956	534.444	820.274
32.435	533.906	819.929
32.479	534.218	819.285
31.984	534.830	819.283
32.408	535.645	819.147
33.345	535.590	819.494
32.026	535.724	818.675
32.324	535.897	818.717
32.550	535.481	818.815
32.107	535.076	819.158
32.630	536.087	819.325
32.387	535.786	818.673
32.850	535.734	819.401
32.790	535.406	818.747
32.671	534.633	819.498
32.652	535.168	819.248
32.522	535.472	818.648
32.383	535.702	818.896
32.201	535.195	819.764
32.184	535.487	818.894
31.567	535.166	819.097
31.968	534.883	819.092
32.333	534.422	819.072
31.809	534.438	819.407
32.105	535.557	819.671
32.479	535.993	819.725
33.228	534.727	820.008
32.008	534.860	819.998
32.584	534.006	820.041
32.484	533.934	820.692
32.737	533.490	820.476
32.886	533.425	820.872
32.599	534.708	820.052
32.441	535.289	819.133
32.072	535.053	818.908
32.905	535.853	819.358
32.389	535.477	818.662
32.679	534.669	820.064
32.594	535.135	819.115
32.562	534.642	819.662
32.547	534.227	819.676
32.560	534.539	820.184
31.708	534.521	820.716
32.376	535.050	820.402
32.600	534.425	820.087
32.370	534.970	819.925
32.021	534.066	820.355
32.550	534.706	819.867
32.527	534.714	819.886
32.183	534.153	819.352
32.734	534.627	820.034
31.989	534.509	820.453
32.150	534.820	820.326
32.534	535.178	819.757
32.338	534.502	818.960
32.510	534.743	818.805
32.356	534.681	819.733
32.342	534.664	820.106
32.221	535.054	819.880
32.804	534.867	820.091
32.370	534.536	820.156
32.353	534.858	819.985
32.513	534.758	820.109
32.660	534.721	819.871
32.421	534.615	819.639
32.289	534.518	819.840
32.331	535.100	820.800
32.352	534.436	819.970
32.228	534.960	819.661
32.653	534.881	820.621
32.483	534.032	819.913
32.374	534.253	819.723
32.630	534.182	821.321
32.529	534.137	820.993
32.048	533.918	819.726
32.476	534.319	820.263
32.053	534.033	820.105
32.976	533.492	821.121
32.876	533.152	821.269
33.024	532.779	821.552
32.434	534.113	820.898
31.910	533.369	821.885
32.729	532.929	821.967
32.682	533.585	821.660
32.357	533.315	821.990
32.983	532.953	822.250
32.538	533.108	821.480
32.794	533.441	822.211
32.628	532.191	822.399
32.505	532.198	822.437
32.736	532.345	821.951
33.603	532.683	822.495
32.587	533.328	821.763
32.029	532.799	821.506
