31.454	448.429	528.716
30.848	447.416	527.900
30.337	447.628	527.516
31.161	447.993	528.419
30.180	448.320	529.016
31.213	448.965	528.854
31.169	448.802	530.237
30.427	449.566	528.637
30.509	449.085	530.688
30.416	447.623	530.117
31.552	448.298	530.367
31.119	449.052	529.864
30.178	449.145	526.789
29.264	447.565	528.083
30.095	446.730	527.696
29.771	448.396	528.465
30.096	448.342	527.727
29.513	447.384	528.383
30.717	446.628	528.468
30.912	447.417	527.579
30.379	447.520	526.355
28.627	448.165	525.859
29.741	447.767	527.641
30.110	447.370	529.316
29.880	446.736	526.439
30.100	446.739	526.519
30.515	446.901	526.477
30.569	446.994	528.044
30.525	447.834	528.282
30.979	448.791	528.366
30.135	448.879	529.102
29.978	448.427	529.091
30.787	448.722	530.425
30.886	449.877	530.377
30.431	449.887	530.875
31.244	449.365	530.664
31.860	448.099	530.936
30.977	446.050	530.697
32.404	446.153	530.179
31.119	447.271	530.048
31.439	447.664	529.901
29.907	446.799	530.179
30.573	447.660	527.882
29.978	447.941	529.812
30.592	446.763	529.918
30.658	446.863	528.767
31.158	445.948	529.174
31.312	445.732	528.535
30.781	447.535	528.374
29.787	447.332	528.087
30.685	446.801	528.449
29.833	448.151	528.936
31.055	447.673	528.479
30.917	448.627	528.709
30.911	449.516	529.375
31.098	448.355	529.605
31.122	446.298	528.895
29.324	446.258	526.925
31.072	446.458	527.879
29.916	446.474	527.969
29.803	445.319	527.959
30.857	445.097	529.114
31.020	446.241	529.274
30.659	447.120	528.389
30.347	445.782	527.915
29.788	445.947	527.674
30.019	445.696	528.935
30.491	446.787	528.618
30.103	447.698	528.948
30.718	448.220	528.961
31.042	448.066	530.345
30.976	447.019	528.842
30.021	445.479	529.777
30.908	445.201	529.544
30.999	444.646	529.573
30.717	445.914	529.732
30.254	443.987	527.656
30.500	443.511	528.094
31.470	444.600	528.487
30.373	445.689	527.865
30.370	445.950	526.844
30.505	445.491	528.039
30.039	445.574	527.664
30.595	445.008	529.826
30.045	444.636	528.526
31.638	444.637	530.445
30.758	446.577	528.970
30.568	447.674	528.212
30.158	446.146	530.431
30.788	446.872	529.860
31.417	445.760	529.462
30.793	445.479	528.803
30.521	444.509	529.524
30.683	445.027	530.159
30.562	444.500	529.343
30.315	443.738	529.937
30.051	444.313	528.935
31.149	444.694	529.601
31.678	446.041	529.650
30.535	445.896	527.300
30.291	445.941	527.926
31.100	446.186	528.909
29.851	444.863	528.067
29.684	443.744	527.996
30.036	443.860	527.966
30.647	443.913	528.584
30.160	444.358	529.851
31.599	445.159	529.831
29.896	446.006	529.222
30.198	446.191	527.944
29.747	445.110	528.426
30.902	443.819	528.256
31.627	445.252	529.570
31.340	443.686	530.040
31.074	444.784	529.957
30.675	444.836	529.757
30.855	447.158	529.962
31.958	447.391	530.170
31.238	446.893	531.032
31.501	444.870	530.660
30.053	446.366	530.159
30.804	446.015	529.715
31.499	445.666	530.085
31.248	445.475	530.101
31.380	444.249	530.433
30.899	443.707	530.649
31.511	444.930	530.994
30.027	446.356	530.892
30.395	444.922	528.724
30.372	445.007	529.501
31.178	444.501	529.784
31.402	443.526	529.878
30.854	442.750	530.146
30.612	445.024	531.429
31.442	444.616	529.516
31.101	444.695	530.483
30.777	445.888	529.511
30.415	444.274	528.255
30.675	444.627	527.129
29.609	444.542	527.366
29.680	444.652	527.961
31.180	444.405	528.265
30.690	444.981	527.847
29.486	443.947	528.608
29.978	442.741	529.057
30.209	443.023	529.947
30.643	444.210	530.471
30.970	444.130	529.362
29.918	444.089	530.519
31.263	444.034	531.693
31.568	444.541	531.221
31.590	444.384	530.828
31.536	444.152	531.062
31.225	444.811	530.515
30.949	444.260	530.920
30.535	443.983	531.842
29.976	444.563	529.733
30.695	445.202	529.390
30.179	443.776	528.257
30.595	444.483	528.420
29.935	444.925	528.871
30.227	444.562	529.156
30.972	444.595	528.241
30.217	443.427	527.266
30.384	443.012	527.491
29.955	442.426	527.042
29.800	442.325	526.486
29.644	441.344	526.457
30.178	440.829	527.486
29.198	441.369	528.325
30.629	442.465	529.456
30.575	440.298	530.062
30.762	441.891	531.007
30.790	441.737	532.081
30.172	443.493	531.810
30.889	442.371	531.552
32.392	442.705	531.286
30.113	443.980	530.152
31.867	444.107	531.511
30.832	442.971	531.086
30.683	443.657	531.234
30.821	443.348	530.910
31.094	443.216	530.664
30.635	443.346	528.841
31.205	443.698	529.332
30.525	443.488	530.518
30.978	443.878	531.395
30.287	442.944	530.368
30.697	443.210	530.602
30.870	444.400	530.475
30.523	443.393	529.023
31.575	443.234	530.453
30.872	441.852	529.723
30.642	442.537	529.597
30.868	442.893	530.081
31.048	443.095	531.855
32.181	442.322	531.465
31.342	441.739	531.270
31.150	442.315	529.523
31.037	443.016	530.249
31.185	442.565	530.091
29.234	441.212	530.355
31.087	441.100	530.163
30.921	442.224	530.705
30.195	443.296	530.506
31.040	443.573	531.061
30.470	444.338	531.790
31.410	443.705	531.153
31.330	443.468	530.099
30.953	443.246	530.667
30.458	443.683	531.002
30.052	443.978	530.888
31.225	443.306	531.254
30.894	441.687	531.245
30.828	442.179	531.442
29.262	442.551	528.990
30.760	442.726	529.795
30.414	441.863	530.471
30.630	441.485	529.215
31.324	442.382	530.203
31.295	442.044	530.629
30.656	442.045	531.337
30.057	442.016	530.436
30.583	443.223	529.867
30.973	443.199	530.045
30.176	442.735	529.337
30.648	443.405	531.001
31.232	443.241	531.387
31.779	443.714	532.442
30.657	442.814	530.668
32.098	441.914	532.065
31.162	442.245	530.835
29.949	441.197	529.259
31.357	441.478	530.292
29.890	440.774	529.796
31.439	441.757	530.912
31.410	441.457	530.610
31.639	443.400	532.213
30.629	441.992	530.585
30.944	440.682	530.301
30.180	442.205	530.005
31.425	442.234	530.918
31.196	441.305	530.834
30.229	439.822	532.343
31.347	440.850	531.585
30.983	441.029	532.262
31.215	441.360	532.445
29.985	441.162	530.806
32.194	440.490	531.306
30.979	439.442	531.330
30.675	441.450	530.440
30.587	441.043	530.821
31.214	441.740	530.591
31.378	441.142	530.260
30.099	441.358	529.505
30.980	441.844	530.422
30.866	441.211	531.296
30.900	440.085	529.537
31.014	441.316	530.791
30.870	441.937	530.674
31.046	442.609	531.575
30.876	442.739	530.592
31.067	441.846	531.497
29.776	442.518	530.654
30.869	440.703	531.042
30.094	440.775	530.431
30.951	441.130	530.938
31.233	440.138	530.601
31.522	439.610	532.298
30.396	439.753	531.146
31.909	440.361	532.396
30.978	438.829	530.244
30.394	438.534	528.437
30.898	439.583	528.275
30.203	439.378	529.660
29.113	439.227	530.222
29.592	438.795	528.364
29.978	438.400	528.684
29.838	437.474	528.536
30.934	438.687	530.562
31.069	440.904	529.780
30.430	440.945	529.678
30.427	441.085	530.938
30.702	441.781	531.097
30.879	441.706	530.703
31.003	441.401	530.680
31.348	442.212	531.091
30.258	441.238	529.797
30.221	440.478	529.908
30.180	439.987	528.667
30.806	440.115	529.985
30.064	438.756	530.653
29.122	439.702	528.471
29.655	440.237	528.594
28.822	438.379	528.646
29.770	437.238	529.802
30.066	437.314	529.065
29.900	436.236	528.524
30.245	435.865	528.576
29.761	437.008	529.298
30.280	437.715	528.876
30.247	438.663	529.667
30.672	440.109	528.822
28.663	440.083	527.510
30.122	437.870	527.262
29.701	438.270	526.665
29.779	436.834	526.229
29.331	437.703	526.651
29.611	436.432	527.031
30.167	436.860	525.886
29.992	437.771	527.243
29.757	437.503	527.611
28.741	436.918	526.886
28.329	437.829	527.727
30.254	438.893	529.197
30.251	438.491	528.836
31.054	439.382	529.752
29.898	439.023	530.262
29.792	437.346	529.905
31.084	437.915	529.422
31.532	437.713	529.358
30.308	437.552	528.527
29.958	439.181	529.736
29.748	438.743	530.181
29.958	438.759	528.683
29.301	439.048	527.185
29.412	437.821	526.718
28.970	438.217	526.427
29.705	436.284	526.742
29.560	436.851	527.401
28.983	439.720	527.193
29.628	437.892	528.241
29.726	437.027	527.849
27.997	436.319	527.476
29.815	437.444	527.502
29.332	436.587	526.619
29.752	435.884	527.442
29.253	436.048	527.472
29.781	436.478	527.035
29.195	436.509	527.048
29.329	438.414	527.249
29.296	438.639	526.699
29.359	438.165	526.951
28.521	438.014	526.786
29.257	437.056	527.769
29.888	436.771	528.447
29.382	437.583	528.173
29.600	438.019	528.029
29.187	436.329	527.792
29.781	437.187	528.674
29.400	436.492	527.419
29.195	435.570	527.583
29.796	435.609	527.884
29.405	436.601	527.242
28.433	435.978	527.252
30.052	436.663	527.215
29.488	436.876	527.112
29.387	436.121	526.472
29.109	436.807	526.333
29.634	436.741	525.259
28.630	436.556	526.443
29.164	437.032	526.342
28.339	436.888	526.525
28.701	437.956	526.941
28.684	437.018	526.127
28.449	436.970	526.002
29.412	435.819	527.120
28.819	435.360	526.312
29.133	435.579	526.849
29.435	435.951	528.178
29.789	434.253	529.385
30.305	435.405	527.773
29.349	434.144	527.812
30.043	433.406	528.697
29.559	434.188	527.981
29.499	434.463	527.528
30.003	433.628	527.527
30.081	434.677	527.376
29.234	436.915	527.130
30.146	436.680	527.260
28.898	437.325	527.152
28.666	437.464	527.708
28.900	435.292	527.780
29.725	435.315	528.597
27.945	436.204	528.150
29.632	433.672	529.239
29.894	434.081	528.985
29.247	435.102	529.432
29.845	434.916	527.504
30.110	434.878	527.148
29.865	435.769	525.914
28.672	435.269	526.095
29.516	435.182	526.291
29.869	434.522	526.260
28.546	435.168	525.947
29.062	435.438	527.169
29.714	436.249	528.847
29.485	435.734	528.768
30.024	435.944	529.613
29.302	436.676	529.398
29.382	435.801	528.672
28.874	434.828	527.631
27.519	434.724	527.220
29.257	435.461	527.306
29.109	436.049	527.815
29.215	435.103	527.543
30.288	434.441	528.225
28.431	434.588	528.047
28.806	436.239	527.029
28.784	434.866	526.705
29.926	435.088	527.918
29.435	433.423	527.027
29.321	432.654	528.560
29.396	434.255	529.211
29.025	433.880	527.043
29.644	433.071	526.184
29.651	432.859	525.752
29.438	433.439	526.688
29.349	432.264	526.304
29.459	432.305	526.909
29.549	433.338	527.356
28.554	432.853	527.672
28.882	431.675	527.257
29.065	432.834	528.236
29.676	432.800	527.635
29.934	433.158	528.571
29.180	433.240	527.777
29.243	433.291	527.732
29.990	433.898	528.363
30.255	434.182	529.227
29.483	434.359	530.076
29.595	434.767	529.145
28.571	434.850	527.481
28.548	434.872	528.011
28.597	434.485	527.264
29.247	432.874	527.522
29.642	431.863	528.435
29.917	431.701	527.291
29.815	432.762	527.768
29.195	434.146	526.780
28.647	436.290	528.334
29.238	433.207	527.563
28.424	431.564	528.350
28.942	432.616	528.961
29.493	432.736	530.567
29.421	434.235	528.534
29.284	433.107	527.973
28.901	433.602	527.744
28.910	432.811	528.385
29.219	431.480	526.645
29.059	430.949	527.502
29.188	431.565	527.540
28.431	432.438	527.816
29.469	431.898	527.126
29.226	433.099	528.493
28.572	432.842	527.803
29.384	433.370	527.708
28.536	433.531	528.177
29.512	432.752	528.786
27.782	432.678	528.774
29.039	432.405	528.309
29.759	431.413	527.648
29.697	430.592	527.840
28.358	430.810	528.360
29.592	433.387	527.919
28.954	432.143	526.943
28.437	431.577	526.636
28.562	434.073	527.414
27.987	435.662	528.050
29.411	435.806	527.441
28.893	433.523	527.620
29.859	432.242	528.142
29.166	432.884	528.595
30.153	432.039	529.384
29.426	431.879	527.494
29.249	432.492	529.032
28.005	429.956	528.656
30.226	430.952	528.200
28.534	429.854	528.567
29.125	431.318	528.169
28.686	432.054	528.890
29.393	432.662	528.829
29.341	432.236	527.826
29.285	431.741	528.400
29.833	431.955	528.453
29.681	431.106	528.078
29.697	430.850	527.137
29.363	430.621	526.365
28.682	429.836	526.145
29.222	430.427	525.856
29.471	430.349	527.279
28.392	430.950	527.732
29.393	430.715	528.490
28.941	431.743	527.953
29.359	432.419	526.530
30.041	432.815	526.433
27.991	432.081	526.640
29.065	431.834	527.292
29.172	430.444	527.586
29.493	429.186	527.990
29.444	428.923	527.553
29.813	428.947	528.229
29.289	430.643	528.215
29.037	430.262	527.775
29.696	429.147	526.688
29.047	428.165	526.813
28.974	427.207	527.895
29.152	426.108	526.010
29.221	426.904	525.556
29.096	426.209	526.080
27.951	425.626	525.653
27.370	427.018	526.066
28.349	427.789	525.039
29.317	426.810	526.609
28.728	428.303	526.296
28.493	428.053	525.671
29.031	428.049	527.307
28.824	427.550	527.209
28.523	428.567	527.548
29.418	429.744	526.393
29.561	430.376	526.509
28.751	429.057	527.469
29.596	427.922	527.355
28.970	429.619	527.664
29.769	429.772	526.471
28.644	431.218	526.479
29.294	429.116	525.915
28.983	428.020	525.908
28.889	426.847	525.302
29.109	425.243	524.803
28.837	425.604	524.631
29.132	426.916	524.691
28.168	427.843	524.872
28.508	428.114	525.756
28.496	426.573	527.048
29.292	426.868	527.315
29.540	427.178	527.985
28.721	428.217	526.223
28.554	426.875	526.018
29.560	426.181	526.084
28.654	426.674	526.552
27.849	427.712	527.648
29.815	427.821	528.543
29.229	428.577	527.691
29.746	427.850	527.969
27.824	428.414	527.818
28.902	426.472	527.070
29.237	425.727	526.829
28.154	425.876	525.057
28.616	426.936	523.516
29.482	426.865	525.843
29.202	426.239	526.285
28.417	425.100	525.603
28.975	425.641	525.129
29.691	424.536	524.213
28.415	425.265	524.376
29.538	427.002	524.341
29.189	425.554	526.382
29.268	427.133	524.937
28.765	427.444	525.729
29.286	427.363	526.090
30.090	426.544	528.259
28.517	427.402	529.152
30.464	426.359	528.181
29.620	425.952	528.689
29.143	425.512	529.574
29.072	427.843	527.693
29.460	427.745	528.507
29.461	428.260	530.145
28.864	428.055	530.205
29.419	426.251	528.547
28.634	425.375	529.083
27.727	425.184	527.828
28.510	424.413	527.150
28.687	424.264	524.455
29.349	425.223	524.712
30.068	428.472	524.287
29.505	427.175	525.124
29.458	427.057	525.525
28.682	426.862	527.972
29.511	426.384	527.438
29.388	426.177	526.808
29.103	426.240	524.197
29.370	424.556	524.027
28.634	425.474	524.228
28.137	424.316	524.092
29.684	424.074	523.681
29.143	424.822	524.383
29.200	423.614	524.541
28.787	423.142	523.749
28.460	423.201	525.359
29.100	423.564	523.988
29.314	421.884	525.227
29.229	422.104	525.633
28.355	421.613	526.057
28.213	422.381	525.733
29.520	422.706	526.267
29.015	422.654	526.867
29.645	423.033	526.905
27.557	422.404	524.791
29.050	422.635	525.008
29.106	421.726	525.159
28.639	423.289	524.474
30.051	422.630	525.727
28.955	423.855	525.858
28.281	424.287	524.140
29.256	423.403	525.108
28.481	423.450	523.717
29.144	421.066	524.087
29.504	422.207	523.110
29.248	421.442	526.092
28.700	422.209	524.754
29.232	423.853	524.833
28.436	423.297	525.394
29.072	423.152	524.696
28.555	422.746	525.397
29.391	424.334	524.473
29.027	424.016	525.085
28.972	422.305	526.918
28.947	423.807	526.084
28.642	423.940	525.037
29.367	424.049	525.056
28.538	420.945	525.546
29.014	422.153	525.634
28.051	424.562	526.027
29.133	425.865	524.408
28.842	423.915	524.985
28.735	424.036	525.337
28.274	422.868	525.126
28.903	422.675	524.402
29.720	422.308	525.512
28.923	419.887	527.346
29.079	420.770	524.655
30.827	421.176	526.746
29.231	420.630	527.177
28.938	420.525	526.092
29.174	421.018	525.853
28.743	419.637	526.789
29.006	421.792	525.899
27.970	421.035	524.802
29.161	420.800	526.145
29.817	421.710	525.300
29.235	422.410	525.960
28.718	422.428	526.914
27.936	422.798	528.203
27.769	423.636	527.043
29.052	424.823	526.402
28.014	425.446	526.284
28.431	424.421	525.669
28.772	424.362	525.667
29.567	424.404	525.822
28.201	422.873	525.517
28.326	423.694	525.026
28.592	423.602	524.342
28.408	423.557	524.049
28.916	423.061	526.150
28.802	423.068	526.459
28.452	422.638	527.572
28.317	422.897	528.013
28.533	422.618	528.795
27.700	422.843	528.676
29.166	422.245	528.174
28.571	421.699	527.937
28.633	421.806	527.221
28.619	421.583	526.989
28.377	421.057	526.329
27.502	421.416	526.391
28.677	419.971	527.948
28.578	420.708	526.582
29.179	421.520	527.333
28.195	421.436	527.302
28.668	421.389	526.991
29.416	422.091	527.785
29.108	420.982	527.775
28.448	420.880	527.942
29.334	420.982	527.279
27.926	419.905	526.769
29.495	420.709	525.398
27.623	420.887	525.412
29.459	421.464	524.956
28.832	420.642	525.146
29.633	420.538	524.100
29.379	420.825	523.748
30.071	420.907	523.928
28.601	422.654	524.722
29.429	419.461	526.496
30.436	417.849	526.580
28.706	419.080	525.230
29.742	418.808	524.893
29.670	418.316	525.798
30.041	417.135	524.519
30.373	417.638	526.295
29.165	418.561	526.472
28.294	419.957	526.610
28.855	420.617	527.027
28.203	419.803	526.223
28.961	419.014	526.016
28.861	419.320	525.791
28.662	420.756	525.085
28.643	421.346	525.469
29.386	419.086	525.419
30.677	419.260	525.568
28.451	418.835	525.820
30.080	419.523	526.120
28.819	422.894	523.187
28.538	421.997	524.083
28.982	420.820	525.025
28.601	421.000	524.892
29.077	421.601	525.332
28.933	420.453	525.837
28.795	420.229	526.579
28.917	421.098	525.127
29.570	421.152	524.056
28.573	420.287	524.036
28.285	418.881	524.876
29.498	420.799	524.257
28.087	420.699	525.587
28.782	421.358	525.724
28.351	419.849	527.130
28.671	420.257	528.241
29.986	418.720	528.358
28.649	418.637	527.495
28.254	419.813	525.421
29.109	419.445	524.879
29.590	415.797	526.659
30.216	417.130	525.313
29.310	419.331	525.096
29.135	417.228	525.263
28.110	418.838	525.086
30.102	418.071	525.984
28.628	417.359	524.883
29.435	416.129	525.170
28.843	416.650	526.516
29.812	417.149	525.917
28.734	418.044	525.657
29.823	417.852	526.627
28.954	419.125	526.611
29.150	419.315	528.246
27.990	417.950	527.306
29.404	418.063	526.414
28.956	418.595	526.270
30.401	418.379	524.756
29.864	416.734	527.028
28.546	418.081	525.593
30.646	416.782	526.188
29.563	416.516	525.066
29.730	417.205	525.468
29.752	416.571	526.205
29.184	418.343	526.366
29.591	416.744	527.374
28.945	416.614	527.071
28.774	417.754	527.115
28.275	418.871	525.856
29.255	416.607	526.619
28.601	415.751	527.058
30.262	416.506	527.086
29.268	418.085	527.667
28.843	417.517	527.875
30.061	418.687	527.897
28.092	417.484	527.334
29.343	417.375	527.620
28.521	417.042	526.553
28.978	417.542	526.942
30.049	417.281	526.255
28.455	416.803	525.610
28.816	415.564	526.709
29.396	417.433	527.750
27.365	419.029	526.725
28.593	416.790	526.490
28.483	416.588	526.917
30.181	415.612	526.244
29.417	414.827	527.128
29.495	416.495	526.434
29.581	418.297	526.078
28.528	418.087	526.440
28.614	416.829	525.636
30.109	417.871	525.979
28.912	417.813	527.697
28.725	417.694	528.563
29.258	417.040	528.128
28.240	415.778	529.135
28.496	415.909	527.615
29.298	416.249	528.565
28.525	416.242	527.683
28.509	417.553	527.969
29.425	416.997	528.555
28.643	417.054	527.959
28.765	416.305	527.402
28.425	417.224	526.815
28.875	415.761	527.889
30.378	415.760	526.798
28.812	416.590	528.184
29.166	417.151	527.371
28.397	415.682	529.295
28.987	416.334	528.463
29.218	416.168	528.242
30.122	415.836	527.102
28.762	417.102	527.543
28.721	418.547	527.470
29.539	418.070	527.329
29.319	416.927	527.371
28.706	415.838	526.532
30.045	417.287	526.354
28.798	416.105	527.995
28.424	415.913	528.083
30.420	415.639	526.680
29.924	416.307	526.575
29.296	415.557	527.557
28.937	416.913	527.256
28.522	415.645	526.997
29.111	415.513	528.290
29.074	416.540	528.934
28.490	417.546	527.266
28.318	419.218	526.562
29.359	416.407	527.573
28.023	415.166	527.057
28.920	415.028	526.225
30.458	415.400	527.137
28.674	415.631	526.931
28.775	414.192	526.944
30.412	412.046	528.271
29.244	412.532	527.790
28.393	413.203	529.252
28.430	415.628	528.724
28.664	417.145	529.622
28.984	416.252	528.936
28.492	416.644	528.888
27.762	415.810	528.492
28.579	415.246	528.068
30.305	416.022	527.559
29.069	415.831	528.192
28.670	415.615	527.632
28.017	415.849	527.595
28.701	416.115	527.371
28.096	415.029	524.915
30.163	413.972	526.267
30.950	414.538	526.769
28.181	413.055	528.311
29.505	412.891	528.059
28.700	414.493	527.386
30.304	412.412	528.604
27.877	413.529	528.862
28.096	415.580	528.590
28.128	416.099	527.063
29.402	416.263	526.254
28.886	414.540	528.029
29.964	413.940	526.922
28.817	413.985	527.361
30.543	413.354	527.589
29.088	412.990	528.477
30.028	411.798	530.061
28.341	412.907	530.435
28.887	414.487	530.919
29.304	411.792	530.575
28.572	412.436	530.754
29.673	412.738	531.029
28.183	413.509	530.325
28.244	414.246	530.107
27.885	415.913	529.424
27.860	415.055	528.171
28.367	414.145	528.120
30.105	415.090	529.696
28.437	414.708	529.125
28.906	414.923	529.137
28.480	414.347	528.725
28.126	413.121	528.776
29.246	413.275	529.699
27.200	413.928	529.213
28.856	412.663	529.345
28.303	412.803	529.079
28.461	413.770	529.114
29.119	414.036	529.904
28.628	413.351	531.215
30.223	412.956	529.831
29.235	413.680	530.667
28.703	414.979	529.918
27.606	413.971	529.855
28.320	414.625	529.059
29.285	415.867	527.293
28.639	415.097	528.020
28.892	414.156	529.033
28.569	413.393	529.107
29.199	413.958	530.145
28.772	412.628	529.504
29.284	413.621	529.946
28.201	414.507	529.136
28.863	415.516	529.540
28.243	415.578	530.497
27.852	415.424	530.971
28.908	414.171	531.159
27.951	413.943	531.885
28.158	414.204	530.852
28.655	413.525	530.564
27.900	413.828	529.967
28.860	413.537	529.700
28.553	415.778	528.456
28.459	414.914	528.759
29.982	415.331	529.971
28.923	415.973	529.610
27.947	415.543	530.493
28.004	415.110	530.200
28.871	415.496	529.370
28.563	414.273	529.692
28.060	413.195	531.692
28.439	414.111	532.450
28.316	413.083	533.199
28.862	413.475	531.160
28.741	414.251	530.404
28.142	412.697	530.754
27.447	414.245	531.559
28.308	414.040	531.686
28.293	412.907	531.256
28.647	413.519	530.940
28.113	413.803	531.607
27.349	413.105	532.145
27.707	412.524	532.477
28.882	413.185	531.187
29.104	413.295	530.702
28.994	413.010	532.697
28.738	411.899	531.645
28.011	411.947	531.704
28.465	410.604	531.755
28.435	413.184	529.743
29.060	411.423	529.617
29.067	412.124	531.354
28.314	413.017	531.297
28.865	413.591	530.592
28.158	414.645	531.806
28.444	413.632	531.113
27.463	413.811	530.622
28.900	414.885	531.963
27.311	414.808	531.170
28.895	413.424	530.256
29.011	411.021	531.418
28.095	412.090	532.561
28.550	412.035	531.645
28.595	410.887	531.570
28.486	411.302	532.411
28.347	410.643	532.926
28.947	411.314	531.860
28.444	410.685	531.501
29.270	410.106	532.731
28.391	410.862	532.325
28.709	410.472	532.452
30.060	409.295	532.633
28.948	408.567	531.510
29.116	410.947	530.743
28.549	409.554	531.189
28.643	409.935	530.569
29.424	409.872	532.730
28.721	410.899	532.832
29.297	411.085	533.297
29.406	410.685	532.256
28.412	410.913	532.861
28.461	411.812	532.263
28.927	411.358	532.300
28.781	411.832	532.493
28.537	412.801	532.831
27.499	411.818	532.674
27.951	411.502	532.727
27.720	410.207	532.724
28.407	412.314	532.359
28.108	411.766	530.893
28.905	411.838	531.656
29.406	411.551	532.402
28.497	410.991	531.864
28.591	410.369	532.389
28.887	409.532	531.784
30.297	408.918	533.003
28.368	410.595	531.865
28.889	411.033	532.254
28.494	410.034	532.461
28.841	409.632	531.055
29.394	410.862	531.705
28.103	410.448	531.573
28.912	410.400	531.457
29.087	410.054	532.692
27.921	411.472	531.249
29.306	410.082	532.352
29.693	409.148	530.808
28.758	408.484	533.004
28.588	409.346	531.884
29.283	410.821	530.928
28.377	411.031	532.676
28.738	410.388	533.096
28.458	411.441	532.435
28.433	410.754	533.205
28.824	410.452	533.564
28.895	410.609	533.185
27.358	410.317	532.216
28.637	410.323	531.812
29.116	409.657	533.043
29.044	410.151	533.273
28.294	409.976	532.892
28.982	410.444	531.742
28.376	409.682	531.289
28.897	409.479	532.196
29.256	410.962	531.248
28.702	410.201	530.428
29.637	409.679	532.606
29.128	410.643	532.876
28.856	410.780	534.880
27.882	411.653	532.598
28.106	410.926	532.887
29.260	410.524	530.938
28.948	410.319	532.455
27.999	410.041	532.074
28.637	409.465	530.597
28.395	409.819	532.135
29.365	409.269	533.138
28.591	409.321	531.617
28.690	409.409	532.202
29.681	408.758	532.533
29.707	407.359	531.315
29.373	406.697	531.216
28.975	408.180	531.582
28.425	408.865	531.852
30.353	408.623	532.427
29.206	409.534	531.719
29.069	409.680	532.611
29.529	408.521	532.080
28.384	407.748	531.736
29.972	407.435	531.519
29.236	409.411	531.326
29.559	409.557	533.175
28.799	409.758	533.594
28.879	409.805	533.436
29.191	409.313	534.148
29.277	408.671	532.782
29.249	408.137	532.136
30.288	408.420	533.197
29.533	409.418	533.443
29.489	409.246	532.299
28.223	409.715	532.121
29.159	408.221	532.234
29.498	407.292	532.686
28.843	408.629	535.110
29.068	408.266	534.262
29.495	409.082	534.656
28.332	408.222	533.661
28.490	408.636	532.663
28.892	409.566	533.885
28.767	407.303	533.561
28.647	406.512	532.800
30.368	407.939	532.704
29.919	407.121	533.858
27.997	409.889	533.394
29.250	409.490	532.885
28.233	408.452	532.719
29.496	408.297	533.018
29.656	406.982	531.987
28.905	408.484	532.192
28.950	409.494	531.329
29.734	407.492	532.644
29.194	409.814	532.884
28.726	408.468	533.401
29.146	407.163	533.185
30.407	405.162	534.572
28.791	408.114	532.685
29.338	408.123	532.792
28.256	408.557	532.217
29.393	408.961	531.586
28.302	408.352	533.764
28.982	408.215	533.119
29.933	407.942	532.968
29.224	407.149	533.895
28.716	406.388	533.237
29.336	406.855	533.808
30.478	406.693	533.503
30.170	406.155	533.398
28.925	405.385	533.074
29.260	406.545	533.500
30.504	407.511	533.136
28.858	408.700	532.502
29.239	407.843	533.168
28.127	407.946	531.591
30.121	407.924	531.525
30.662	407.607	534.374
28.558	408.495	532.325
29.869	407.429	532.229
29.199	408.546	531.678
27.745	409.351	532.495
29.508	409.148	532.330
28.267	408.054	531.449
28.667	406.348	531.488
29.149	407.739	532.129
29.295	407.988	531.992
29.889	407.083	532.169
29.336	406.359	531.597
29.387	407.379	531.737
28.138	407.752	532.191
28.927	408.479	532.942
29.215	406.962	531.988
28.948	408.533	532.188
27.869	407.183	532.277
29.289	406.738	533.199
30.807	407.153	532.893
28.776	407.577	533.008
29.736	407.222	532.570
29.625	407.798	533.253
29.541	406.899	532.650
29.106	407.258	533.211
28.632	407.200	533.011
28.592	405.849	532.075
29.744	408.197	533.727
28.293	408.276	532.811
29.012	406.393	533.657
29.453	404.369	532.689
30.587	404.594	532.745
29.476	407.522	534.182
29.419	408.370	532.825
29.941	407.377	534.546
29.338	406.888	533.950
29.417	407.138	533.731
29.121	407.451	534.101
28.781	406.549	534.351
30.070	407.410	533.801
30.207	406.704	533.721
29.664	406.318	533.902
30.352	407.383	532.933
29.100	407.706	534.199
28.683	407.146	533.251
30.158	405.579	531.789
29.318	405.111	532.274
29.420	406.565	534.045
29.122	405.610	533.453
29.443	407.290	533.769
29.744	406.323	534.393
29.921	405.422	533.111
29.735	406.345	532.455
29.619	407.075	531.584
29.732	406.479	533.519
29.966	404.579	535.433
31.030	406.110	534.678
28.913	405.037	534.080
29.678	405.794	532.652
29.956	407.589	533.367
28.290	408.340	533.735
29.144	407.854	534.632
29.506	408.863	534.399
29.182	407.293	534.083
29.419	406.357	533.969
29.327	406.012	533.165
30.402	405.815	533.543
29.347	407.232	533.428
29.057	407.947	533.840
29.432	405.767	534.672
30.724	403.945	534.178
29.896	403.996	534.562
30.603	403.806	533.470
29.888	406.494	533.812
29.299	405.787	533.902
30.050	405.129	532.881
30.594	404.870	534.005
28.800	407.323	532.819
29.221	407.508	533.738
29.515	406.632	534.120
29.373	407.209	534.240
30.440	404.441	532.786
30.372	405.713	533.684
30.225	405.333	533.628
29.376	405.152	534.319
29.490	405.209	534.356
29.615	406.350	534.258
29.691	406.838	534.626
30.172	406.071	534.339
30.110	405.352	534.072
30.053	406.542	532.955
29.734	406.931	532.815
29.601	405.093	532.961
30.452	402.886	534.335
30.444	404.534	532.219
31.115	405.215	532.506
29.379	405.251	533.184
30.096	405.174	534.114
28.874	405.138	532.586
29.594	406.720	532.615
29.039	407.480	535.071
30.535	406.396	534.123
29.179	405.299	533.705
30.482	404.572	533.796
29.922	405.180	534.483
30.031	404.806	534.336
29.855	405.623	533.562
30.080	403.752	533.294
29.425	405.706	532.843
29.242	405.273	535.060
29.986	403.852	534.857
31.191	403.844	535.688
30.087	403.907	535.074
29.959	404.638	534.835
30.955	405.903	534.701
30.345	403.920	534.161
30.003	404.454	534.804
31.478	404.363	535.521
30.210	404.564	536.133
30.140	404.776	535.260
30.233	405.526	535.281
29.950	405.262	534.565
30.332	405.375	534.523
29.636	405.430	535.164
30.477	406.124	533.883
30.434	406.117	534.366
30.158	403.473	534.764
30.173	404.341	534.245
29.214	403.731	532.973
29.210	404.658	533.603
30.194	406.024	534.913
30.872	407.027	534.695
30.241	405.373	534.340
29.554	403.984	533.522
30.397	403.934	535.070
30.116	404.567	535.278
30.224	403.292	535.147
30.227	403.651	534.918
29.964	405.952	534.382
30.581	404.700	533.758
30.379	404.892	534.971
29.984	405.756	534.318
29.753	405.245	533.479
30.007	405.346	533.964
30.317	403.841	534.762
29.272	403.017	534.422
30.464	402.905	533.602
30.735	403.039	533.717
30.429	403.071	534.407
30.764	402.614	534.859
30.064	402.424	534.632
30.984	402.128	535.734
30.735	402.409	533.731
30.008	401.366	533.329
30.866	401.368	533.419
30.225	400.789	533.764
29.831	402.085	534.260
29.880	401.681	534.070
29.692	401.591	533.563
30.098	401.972	533.624
31.205	401.331	533.526
30.231	402.096	535.403
31.647	400.926	534.939
30.268	401.331	535.261
30.830	401.438	534.505
31.189	402.555	535.450
29.781	405.206	535.114
29.560	404.857	533.846
29.662	405.039	533.685
29.835	405.141	534.973
30.035	403.659	533.955
30.535	403.724	534.000
30.278	403.862	534.213
29.491	403.983	533.336
30.127	404.284	534.869
30.237	403.746	534.615
29.693	404.987	532.784
29.306	404.547	534.553
30.404	403.048	534.673
30.240	403.159	534.415
29.977	403.955	534.817
30.197	404.059	533.770
29.959	405.053	534.272
30.587	405.111	534.627
30.666	404.145	534.796
30.265	403.871	535.609
31.748	403.631	536.172
31.081	403.945	535.161
29.910	404.232	535.193
29.271	403.811	534.258
29.903	404.637	534.929
30.104	403.516	534.373
29.744	402.976	533.580
31.085	402.869	534.932
30.568	402.301	535.107
30.863	402.897	534.261
29.742	403.000	533.918
30.535	402.746	533.402
29.783	402.309	533.407
30.519	401.926	533.638
31.779	401.995	534.204
30.020	402.861	534.078
29.450	403.179	534.134
31.083	402.202	533.627
29.983	402.584	534.148
30.093	402.955	533.650
30.755	401.997	534.449
30.397	402.039	534.896
31.385	400.920	535.476
30.397	401.487	534.927
30.529	402.333	535.005
31.917	402.486	536.372
31.954	401.335	534.839
31.908	399.709	534.984
30.324	399.824	534.604
31.275	399.469	534.938
31.339	399.046	534.793
30.997	399.739	535.417
29.924	400.800	535.350
30.909	399.707	534.130
30.626	400.548	534.981
31.425	400.047	533.684
30.970	399.090	534.410
31.306	398.568	534.220
31.133	398.287	536.239
31.646	399.296	535.766
31.910	398.619	535.219
30.062	399.153	534.302
30.767	400.499	533.469
30.904	397.294	534.204
30.991	396.894	533.926
31.081	397.946	534.127
32.085	398.202	534.202
30.689	399.399	534.344
30.816	399.415	534.281
31.338	398.943	535.537
31.650	398.807	535.273
30.077	400.162	534.808
30.962	399.285	535.368
31.132	399.525	533.858
30.751	399.693	534.195
30.002	401.347	533.700
31.025	399.742	534.932
31.191	398.549	534.572
30.756	399.119	535.567
30.923	399.052	535.297
30.772	399.016	535.258
30.400	399.526	534.891
30.619	399.010	535.078
31.434	398.117	535.633
29.924	398.994	535.009
30.902	400.057	535.473
30.799	399.920	534.849
29.482	399.339	535.756
31.520	398.500	536.373
31.195	400.396	535.344
30.321	399.235	534.619
30.352	399.214	534.595
31.237	397.905	534.158
31.073	397.630	533.945
31.437	397.466	533.573
30.552	396.981	533.634
30.378	398.928	534.323
30.418	398.537	534.673
31.652	399.257	534.888
31.111	397.886	534.610
31.668	398.620	534.874
30.349	398.502	533.908
31.357	396.510	534.233
30.133	397.509	534.182
31.319	398.659	533.662
29.761	400.134	533.967
30.938	398.668	533.738
31.026	399.078	534.316
30.715	399.103	536.085
31.479	399.066	535.428
30.706	398.246	536.221
31.708	396.599	534.319
31.831	397.033	534.185
30.488	398.448	534.703
31.639	397.710	534.505
30.507	397.828	533.753
30.334	397.104	535.724
31.963	397.736	535.730
32.041	397.316	536.256
31.719	397.906	535.768
31.333	397.544	536.231
30.743	397.230	534.227
31.776	396.819	535.063
31.500	398.293	534.094
31.068	397.315	534.839
31.951	396.421	536.267
31.521	397.203	536.101
31.038	396.607	535.289
31.129	398.571	534.693
30.844	398.240	535.054
31.472	396.883	533.266
31.178	396.443	534.437
32.687	395.452	533.478
30.815	397.064	533.158
30.805	397.217	533.193
31.078	397.999	534.563
30.786	398.307	535.922
31.448	398.231	537.328
32.053	397.370	535.452
31.895	397.244	533.928
30.939	397.146	534.068
31.246	397.966	534.493
31.379	397.256	534.977
31.883	396.550	534.961
31.216	396.505	534.515
31.518	395.895	535.157
31.271	396.881	535.303
32.339	396.107	536.788
31.482	394.615	536.479
30.997	396.940	534.862
31.267	395.450	534.141
30.979	395.699	534.531
31.735	395.051	536.322
31.720	394.899	536.378
31.542	396.337	536.724
31.345	395.992	534.282
30.442	396.157	534.342
29.743	395.198	533.497
31.096	396.761	534.157
31.632	396.830	534.521
31.552	396.752	535.485
30.811	396.955	535.475
32.477	396.079	536.246
31.118	395.437	535.898
31.017	396.495	536.095
31.274	394.755	536.408
32.545	394.653	536.452
31.210	395.724	536.386
31.331	395.342	535.007
31.037	395.768	533.962
31.530	396.567	535.006
31.289	396.145	536.461
31.492	395.724	536.111
31.569	396.201	535.546
31.729	395.646	535.490
32.151	395.967	535.655
31.223	396.721	536.510
31.666	394.926	537.242
31.219	395.768	534.789
31.591	396.592	535.825
32.164	395.780	535.682
31.221	397.195	536.120
31.347	395.983	535.839
31.332	396.045	534.616
31.828	397.359	536.034
30.708	395.729	535.840
31.183	397.467	535.159
31.531	396.938	535.702
30.912	396.570	536.735
31.598	396.432	535.953
32.298	395.686	536.756
31.534	395.704	536.620
31.472	396.072	536.383
32.090	396.279	536.196
31.626	396.643	535.785
32.108	396.963	535.285
30.625	396.943	534.866
30.476	395.748	536.280
32.076	395.606	535.049
31.633	395.984	536.256
32.154	396.827	535.276
30.344	397.088	535.348
31.486	396.015	534.879
31.416	396.261	536.134
31.213	395.981	536.094
30.723	395.961	536.194
31.271	394.676	534.865
30.939	395.702	535.335
31.786	395.018	535.625
30.577	396.340	536.041
31.972	395.129	535.910
31.470	396.330	536.338
30.647	396.088	534.492
31.203	396.115	533.272
30.846	396.435	534.198
30.545	395.341	535.105
30.668	395.593	536.165
30.498	394.230	536.911
31.441	396.295	535.176
30.131	395.905	536.414
30.325	395.814	534.774
31.038	396.266	537.243
31.059	395.825	536.116
31.318	395.372	536.395
30.820	396.244	534.312
30.489	396.519	535.098
31.613	396.595	535.094
30.896	396.377	535.360
31.433	394.815	536.501
31.499	394.678	536.835
30.878	395.179	536.454
30.522	396.811	535.838
30.552	395.199	535.172
30.750	393.939	536.232
30.686	395.426	536.753
31.802	395.185	534.863
29.262	394.529	537.306
30.198	395.164	537.626
31.527	395.160	535.718
30.707	394.468	536.418
31.850	394.841	536.314
30.485	394.875	535.506
31.727	395.378	536.112
30.777	395.111	535.706
31.131	394.873	536.567
30.141	395.183	535.842
31.730	394.988	536.090
30.641	395.227	536.979
32.033	395.151	537.084
31.349	395.086	536.979
31.616	395.329	538.635
31.626	394.377	538.398
30.925	395.621	536.299
30.796	396.029	536.376
31.340	394.999	536.373
31.022	394.272	537.026
31.079	394.402	535.362
30.931	393.860	536.108
30.756	396.476	535.561
31.903	394.378	536.618
31.543	395.109	534.867
30.731	395.305	537.460
30.588	394.519	535.923
30.177	394.825	536.135
31.118	395.490	536.391
30.405	395.008	537.075
31.560	395.336	537.549
31.049	395.669	537.284
