28.236	770.515	578.925
28.418	771.913	580.346
27.083	773.059	583.270
27.849	771.526	581.128
27.780	770.325	581.044
28.817	769.560	583.434
28.123	770.580	580.263
27.886	770.196	580.825
28.449	769.207	580.262
27.497	769.235	580.330
27.735	770.066	579.165
29.284	771.241	579.449
28.166	768.246	581.354
28.264	766.889	581.575
28.806	768.719	582.409
27.284	770.063	584.664
27.588	771.380	587.108
27.561	775.100	586.230
29.987	777.579	587.507
27.859	780.081	591.632
28.966	783.061	595.596
28.786	784.394	595.483
28.674	781.490	593.797
28.393	782.284	591.120
27.939	782.500	594.595
29.263	779.558	596.377
29.097	778.079	597.214
28.988	777.735	595.537
28.771	778.010	595.498
28.748	778.244	595.683
28.711	777.096	598.286
27.476	779.385	594.096
27.823	779.514	598.455
29.105	780.200	594.360
27.889	778.808	594.341
28.426	777.872	595.505
28.282	777.274	596.434
29.004	779.526	594.638
27.348	778.557	597.988
27.345	776.530	600.358
28.775	774.607	600.934
27.522	774.575	602.244
28.878	771.657	599.888
28.242	771.856	598.675
28.505	772.766	600.930
29.537	775.846	596.723
29.555	775.799	593.233
28.609	776.397	592.460
28.905	772.153	593.139
28.431	772.670	591.741
28.734	776.645	592.151
27.296	776.978	591.003
28.902	777.781	593.376
28.838	776.602	592.833
28.140	777.924	594.695
28.201	776.485	595.183
28.757	774.474	595.072
26.798	771.722	600.584
28.874	771.904	599.206
28.560	769.560	597.703
28.520	769.668	601.595
27.795	769.150	604.306
29.001	769.720	603.538
29.384	771.101	603.584
29.430	771.104	607.557
27.750	768.832	608.600
28.841	772.297	605.344
26.748	772.725	603.442
28.945	771.924	607.053
29.596	768.785	604.014
28.551	770.404	602.269
28.482	773.152	603.158
28.594	774.417	600.059
28.314	778.426	599.177
28.848	779.444	600.684
27.609	774.651	603.917
28.378	773.383	605.726
29.783	772.528	606.562
28.263	772.123	611.510
28.599	774.772	613.398
28.663	775.781	615.335
28.053	778.036	614.827
28.159	780.131	612.023
27.201	777.264	616.357
28.681	778.420	613.978
29.542	784.133	614.744
27.234	782.523	620.424
28.360	783.857	623.845
28.142	784.775	626.094
28.826	783.076	625.822
28.609	783.696	625.438
28.283	784.527	621.685
28.344	781.900	625.911
27.174	783.223	625.651
28.438	781.053	623.867
28.899	777.037	624.972
26.660	776.361	627.141
28.195	773.218	625.788
27.270	773.531	626.058
27.337	774.631	630.344
28.418	773.443	630.275
28.742	771.595	630.626
29.478	770.085	631.248
28.965	770.764	629.457
30.318	768.485	625.119
29.138	766.490	626.051
28.538	766.707	626.327
28.716	768.629	626.157
28.707	768.892	626.763
27.785	769.418	629.331
28.571	769.237	629.846
29.212	765.352	629.014
29.304	764.779	626.146
29.596	768.278	624.604
29.641	768.299	621.643
28.618	767.597	622.937
28.649	767.698	622.365
29.850	767.383	622.124
29.185	768.234	624.394
28.150	765.870	626.518
29.232	769.274	627.562
28.067	769.702	628.655
27.574	774.264	626.191
28.925	778.038	623.405
28.492	778.786	622.900
29.289	779.230	621.492
27.368	780.468	625.452
29.913	777.227	624.727
28.211	778.797	628.161
27.631	781.887	626.730
27.860	782.366	624.854
27.254	782.374	619.478
27.100	785.215	616.936
28.132	784.325	616.662
28.023	780.395	621.263
29.983	785.251	618.483
28.169	785.476	622.067
27.601	782.643	625.760
27.291	780.460	627.932
27.917	777.724	632.256
27.299	777.311	633.105
28.020	779.054	635.149
26.778	781.686	637.011
31.693	780.305	632.679
29.365	783.898	629.668
30.122	784.228	627.040
31.517	783.482	624.772
26.801	786.335	628.655
30.094	786.695	627.401
29.468	788.853	627.135
27.925	788.661	631.716
29.614	789.563	633.076
30.339	789.656	632.942
29.214	789.152	637.154
30.414	787.304	635.387
29.745	787.517	634.137
28.586	787.299	634.497
27.262	783.310	637.683
28.254	783.839	638.008
29.800	784.787	636.493
29.074	787.151	638.650
29.384	786.284	635.406
29.460	783.457	632.481
28.840	779.903	634.351
31.270	782.672	634.498
29.315	784.666	633.741
29.498	787.816	632.544
28.449	785.543	634.029
28.520	783.298	633.424
29.479	779.967	631.914
28.719	780.978	628.713
27.509	776.092	632.824
29.178	774.726	636.417
29.507	772.131	635.290
29.102	774.900	634.160
28.661	777.690	636.147
26.744	774.885	639.832
28.071	772.478	640.835
26.625	770.792	638.182
29.385	768.504	636.621
27.562	771.789	633.948
28.231	771.078	635.294
28.073	770.895	634.542
28.402	771.777	632.379
29.154	770.446	636.854
28.386	769.908	640.872
28.165	769.289	644.019
28.720	770.547	643.972
29.381	771.308	643.176
28.856	771.315	640.301
28.296	769.025	637.786
28.182	768.711	636.533
28.171	771.297	639.420
27.465	768.087	642.767
28.250	770.612	640.611
28.162	769.260	641.710
28.753	768.299	640.810
28.207	769.881	643.641
28.415	768.397	647.936
28.564	768.836	644.232
28.903	767.048	644.384
28.145	767.633	643.610
28.672	769.151	644.315
28.899	768.842	647.689
27.943	771.533	648.911
29.027	767.332	651.711
28.365	770.624	652.801
27.845	773.824	650.738
27.148	772.075	651.990
28.090	771.284	650.396
27.670	770.941	648.187
27.066	771.601	652.065
27.112	770.620	650.946
28.868	770.518	645.462
29.506	771.625	648.410
28.962	773.651	646.676
27.766	774.110	650.426
28.445	774.068	653.590
27.140	771.455	652.602
29.614	770.797	651.758
28.111	771.307	653.233
27.617	771.979	654.447
29.453	769.594	655.929
28.013	769.875	653.568
27.984	772.820	653.304
27.330	773.856	654.487
29.319	773.074	655.913
28.393	771.761	656.133
28.821	771.242	655.939
28.246	770.718	657.104
30.241	771.246	653.199
28.316	769.859	654.596
28.473	771.841	653.749
28.736	772.262	656.449
29.794	770.438	654.346
28.179	772.008	653.944
28.735	770.940	654.176
28.742	767.975	653.116
29.184	768.430	655.387
30.117	765.898	654.883
29.575	764.358	656.146
28.405	763.542	655.223
29.058	762.322	657.329
30.077	760.149	660.552
30.190	757.607	661.697
30.844	757.858	660.625
31.441	758.018	662.845
31.384	758.861	661.066
30.551	759.923	660.089
31.934	758.511	657.911
30.744	760.217	657.462
29.951	761.535	656.532
31.103	761.660	659.721
30.270	761.133	661.427
31.682	761.648	658.488
29.702	762.294	655.541
29.865	762.790	657.644
31.788	763.340	655.218
30.111	765.134	655.337
29.212	765.897	654.910
30.754	766.707	652.432
30.429	765.429	654.849
29.280	768.788	652.683
29.122	766.925	655.988
29.470	772.418	652.630
29.593	773.435	648.279
28.515	776.624	648.608
28.766	775.387	647.303
30.472	776.310	647.892
30.409	781.083	644.621
27.749	777.159	644.024
29.302	774.305	641.591
29.276	774.379	643.709
29.711	772.811	641.660
28.622	773.016	642.419
28.182	770.821	639.157
29.870	773.476	638.066
28.595	772.104	642.106
28.755	771.834	642.275
28.569	772.177	642.670
30.111	774.160	643.896
29.237	772.811	641.457
29.713	772.675	642.640
28.811	772.259	644.073
29.371	769.028	641.495
29.007	770.005	637.384
28.086	771.406	635.239
27.706	772.180	633.362
28.457	770.217	636.020
27.033	773.726	635.767
27.726	774.720	629.840
29.831	775.970	632.502
27.616	777.657	629.573
28.160	776.678	629.146
28.087	774.792	630.791
28.403	773.617	633.076
26.546	772.715	634.876
27.551	772.737	636.599
27.238	774.165	639.129
27.896	772.221	635.487
27.937	769.880	633.651
26.716	767.704	633.049
26.843	766.886	634.750
27.464	764.760	634.395
28.015	767.893	635.906
28.954	769.374	638.868
27.807	768.919	640.540
27.842	768.324	639.615
27.737	767.135	641.578
27.531	767.253	642.381
28.089	768.024	640.469
28.322	766.683	639.631
28.681	765.689	637.114
27.513	767.808	636.053
27.045	769.732	639.215
27.003	766.710	640.561
27.556	766.659	640.355
28.132	769.170	640.050
27.419	769.944	639.083
28.036	771.639	639.879
27.981	771.415	642.240
28.380	769.837	641.259
29.161	770.609	637.778
31.506	765.007	630.429
28.801	762.102	627.235
26.743	761.056	631.900
27.958	758.803	630.271
26.447	757.556	635.502
28.977	758.514	636.892
26.612	757.825	638.650
26.168	758.550	645.211
27.251	756.985	648.735
28.625	755.369	648.514
28.471	757.437	651.791
28.891	750.630	654.990
29.264	749.102	650.422
27.904	751.611	647.496
27.530	755.197	646.031
28.365	755.559	646.310
28.715	756.018	648.570
28.860	754.699	648.974
29.986	753.009	647.654
29.603	756.153	648.529
28.869	754.804	650.295
28.009	756.707	651.782
30.293	757.870	648.710
29.241	755.622	652.286
29.183	754.086	655.371
28.861	754.917	653.001
29.086	758.562	653.794
30.649	755.611	653.106
29.072	750.949	652.067
28.409	751.649	649.714
28.589	755.774	647.114
25.892	753.634	650.420
26.697	754.985	653.252
28.961	752.261	654.384
29.105	751.517	657.199
27.574	751.028	658.260
28.062	750.047	655.512
29.407	751.080	656.550
27.461	750.075	656.377
28.077	748.791	653.639
26.904	748.006	652.705
29.211	747.181	654.860
28.536	744.028	653.814
30.064	739.000	654.458
28.270	737.967	656.390
31.600	735.187	654.539
33.699	733.071	649.215
30.931	734.124	651.210
30.987	735.394	651.521
32.934	733.845	648.917
30.596	735.704	648.496
31.213	736.161	645.281
30.867	737.622	644.387
30.397	738.156	643.723
30.506	736.815	643.311
30.656	736.107	644.964
30.601	735.087	644.194
30.654	735.602	643.419
30.676	736.033	644.005
32.130	735.351	642.049
29.995	734.538	643.628
31.333	735.202	646.064
32.265	735.468	644.382
30.773	732.622	646.622
30.013	733.889	648.232
30.195	735.013	645.509
30.739	733.709	643.680
29.383	733.866	644.722
31.128	734.902	641.517
29.304	736.734	642.200
29.994	738.346	642.335
30.231	735.023	643.101
30.969	736.744	642.869
30.371	736.785	642.000
30.758	735.557	644.445
30.328	736.491	646.274
33.467	735.697	645.475
31.180	737.157	643.804
31.413	735.841	643.573
30.193	736.007	644.956
31.793	735.229	644.096
32.502	734.399	646.813
31.282	733.073	648.791
31.811	733.878	650.092
31.091	735.651	649.064
30.678	737.862	646.250
31.123	737.487	649.022
30.206	737.213	651.859
31.720	737.078	652.437
32.554	737.060	653.360
31.175	736.525	654.732
30.400	738.070	652.390
30.962	737.575	654.006
30.369	738.769	652.843
29.287	738.070	649.220
30.997	738.880	647.121
32.403	739.203	645.920
33.000	739.416	645.400
32.085	738.891	646.322
31.292	739.652	646.250
31.468	742.157	644.778
30.536	743.106	646.078
32.231	741.221	646.335
32.330	741.905	646.600
31.311	741.841	645.370
34.578	741.367	644.312
31.341	742.329	645.318
33.199	741.160	644.855
33.673	739.461	645.431
33.360	739.284	643.520
32.404	739.782	643.565
32.640	739.655	645.662
32.941	738.242	646.618
32.463	739.500	646.635
33.663	737.739	645.713
35.278	737.731	645.419
34.111	739.654	646.088
34.647	737.781	643.276
36.062	736.597	642.655
35.820	739.156	645.035
37.588	738.410	641.045
36.403	737.348	641.394
38.119	735.292	638.817
32.043	735.041	639.974
31.022	737.424	643.796
34.360	739.677	641.531
33.533	741.201	644.182
35.093	740.819	642.850
33.288	739.884	645.669
34.627	739.956	646.821
37.188	737.558	642.205
34.862	738.843	640.968
32.402	741.168	639.928
32.901	739.867	635.890
32.226	743.206	631.672
29.329	747.591	633.387
31.973	746.894	631.551
32.376	748.315	631.492
32.289	748.139	632.711
29.212	755.565	628.063
28.193	760.160	623.562
29.315	759.266	621.578
27.968	761.960	621.035
27.579	762.183	620.893
28.400	759.739	623.715
28.841	758.136	624.012
27.588	752.804	628.357
22.514	758.096	634.995
22.025	759.143	639.390
0.000	0.000	0.000
0.000	0.000	0.000
0.000	0.000	0.000
0.000	0.000	0.000
0.000	0.000	0.000
0.000	0.000	0.000
0.000	0.000	0.000
0.000	0.000	0.000
0.000	0.000	0.000
15.745	769.414	630.570
12.166	751.759	651.876
0.000	0.000	0.000
0.000	0.000	0.000
0.000	0.000	0.000
0.000	0.000	0.000
0.000	0.000	0.000
0.000	0.000	0.000
0.000	0.000	0.000
0.000	0.000	0.000
30.567	757.173	653.906
4.338	744.000	630.891
29.073	749.671	631.326
28.729	749.277	632.629
28.256	750.907	637.945
28.625	751.332	641.017
28.862	750.899	644.496
29.441	748.174	643.722
28.771	748.224	646.164
31.543	745.712	643.295
30.198	748.055	641.547
28.692	750.265	641.928
28.418	752.412	640.277
28.562	752.741	642.763
29.032	753.800	643.356
28.283	751.008	645.477
28.075	751.930	648.064
27.060	749.047	649.851
28.689	749.701	651.633
28.928	748.501	654.053
29.128	745.056	655.742
29.897	742.654	656.574
28.587	742.015	655.622
29.218	741.645	658.436
30.420	740.645	660.070
28.219	740.013	660.506
28.401	740.521	660.181
29.915	739.985	660.651
27.140	741.610	660.234
28.001	740.738	661.806
28.222	740.033	661.318
28.386	741.428	662.597
29.473	741.931	664.588
28.397	744.219	668.496
28.097	747.968	671.717
28.342	746.991	672.819
28.888	746.734	668.997
29.160	748.149	666.127
29.689	754.073	666.716
28.487	751.773	667.200
28.198	749.831	667.015
27.848	749.819	666.118
28.394	751.290	660.876
28.282	749.479	661.909
28.888	747.022	662.601
28.598	745.247	662.970
29.411	745.185	660.257
29.101	743.602	662.554
28.477	746.534	664.329
29.232	746.513	662.481
27.689	746.528	664.268
27.565	746.556	663.698
29.170	742.427	661.878
29.694	738.364	657.530
27.141	738.624	657.750
29.208	736.803	656.273
29.812	735.576	656.048
30.496	734.720	659.214
31.354	736.783	657.574
37.137	730.584	651.989
37.017	730.296	651.343
36.855	730.372	649.432
37.354	730.904	647.748
35.810	728.036	649.265
36.813	726.021	650.790
36.250	725.512	650.700
37.348	726.726	650.098
36.739	726.742	649.069
37.461	726.419	649.440
36.367	726.122	648.902
36.691	727.124	647.412
36.768	726.606	647.068
37.179	725.721	646.493
37.149	726.214	645.598
36.470	724.104	646.240
37.111	723.729	645.150
36.406	723.569	644.448
37.531	723.391	643.169
36.994	721.457	644.195
36.789	721.526	643.244
37.220	721.444	643.815
37.136	722.105	644.494
36.167	720.958	644.983
34.818	720.938	644.739
34.993	724.527	642.005
36.131	726.276	639.433
35.396	724.883	639.604
36.958	728.682	635.730
36.252	728.404	636.183
35.293	725.118	637.948
37.254	725.842	636.536
34.360	725.483	636.741
36.837	724.429	637.621
34.339	722.518	637.168
36.222	724.243	635.495
28.313	716.935	632.702
28.651	715.501	631.690
29.206	715.738	631.804
24.349	705.609	629.275
28.294	705.608	630.935
25.388	703.007	629.470
27.662	705.260	629.742
28.440	709.597	631.446
28.716	707.174	635.011
27.367	706.216	637.834
27.870	707.846	635.427
29.034	709.074	636.531
28.140	709.764	637.010
27.482	709.290	635.748
30.413	711.659	639.605
28.296	709.614	637.754
27.650	709.037	640.397
29.124	708.357	642.875
29.293	705.153	645.014
26.357	700.864	646.432
26.230	697.257	646.335
29.109	697.921	646.035
27.214	699.179	644.833
27.884	698.881	644.868
27.356	705.187	645.318
29.077	709.519	647.043
30.904	710.647	648.470
27.762	707.345	650.263
29.012	708.448	650.211
29.500	708.224	651.085
30.356	708.077	648.269
28.320	708.273	648.476
29.103	710.252	647.198
27.787	707.416	646.031
29.097	708.551	647.852
28.509	708.884	648.946
29.291	706.284	649.947
29.632	703.347	651.882
29.153	700.225	652.371
27.556	702.617	653.165
27.234	702.830	652.654
29.430	704.040	652.279
29.346	706.170	653.207
27.378	702.673	654.138
28.831	704.623	653.696
29.222	704.547	657.135
28.024	702.484	658.541
29.390	705.397	659.579
31.277	706.260	662.941
31.933	705.710	662.649
27.036	703.918	660.995
27.926	704.391	661.225
30.009	700.422	660.291
27.786	698.873	661.836
28.111	697.212	661.934
29.097	697.659	663.990
28.983	700.364	661.669
30.265	702.130	662.583
29.010	699.685	663.952
27.327	694.746	666.936
27.521	694.422	670.582
28.496	691.899	674.218
27.345	690.456	674.266
26.931	689.226	680.059
27.699	691.002	678.649
29.096	689.908	679.834
27.585	688.750	677.452
30.183	691.065	678.501
27.057	690.458	677.916
25.817	691.698	672.605
27.907	691.654	673.544
28.502	691.148	675.922
27.813	689.478	678.312
27.676	689.904	680.450
26.274	687.645	679.542
29.716	685.317	682.953
29.429	687.785	684.161
28.598	690.855	686.389
29.108	690.971	687.167
29.848	691.857	687.424
29.095	694.945	683.078
28.422	694.973	683.010
28.919	695.487	684.379
29.948	693.950	684.908
28.032	692.205	686.291
28.580	692.069	685.666
28.392	691.230	691.057
28.940	693.043	690.215
29.832	692.992	690.909
29.093	693.157	689.871
29.562	692.372	693.260
29.772	691.207	694.498
28.943	688.040	694.028
29.202	688.882	694.008
29.765	687.021	695.917
28.540	684.049	693.639
28.304	682.134	695.324
27.963	683.552	688.227
27.867	684.530	690.998
28.313	684.487	690.836
29.183	683.160	693.307
29.956	681.319	693.978
27.591	680.984	689.283
29.018	683.952	685.426
28.364	685.849	684.605
26.363	690.067	682.215
27.518	690.649	685.375
28.274	691.362	685.964
28.282	687.235	687.171
26.816	689.661	686.859
27.097	688.077	686.484
28.301	692.233	686.466
27.933	690.052	688.249
27.707	689.216	687.266
28.283	688.482	689.499
26.018	686.578	689.136
26.173	688.786	684.207
27.238	687.140	686.682
25.915	686.362	684.755
27.871	686.252	685.504
26.164	686.720	682.443
25.859	687.139	681.338
27.763	688.835	681.735
25.527	688.461	681.026
26.273	687.390	682.070
27.247	687.187	684.648
26.767	689.687	683.205
28.115	687.356	686.394
25.814	685.927	685.531
25.534	688.948	681.323
27.192	688.303	683.135
28.214	689.915	684.051
30.421	689.297	686.604
28.678	692.485	687.093
34.712	685.643	695.376
37.220	685.869	696.778
8.035	719.028	695.994
35.642	722.952	692.563
35.170	720.486	693.476
35.426	720.461	690.440
33.273	720.222	685.964
30.670	716.159	687.677
31.077	714.127	687.502
29.259	713.208	684.646
30.271	713.583	682.904
28.939	712.301	682.734
31.015	711.856	684.881
30.005	710.982	682.273
31.625	708.684	682.099
28.921	706.581	680.831
29.593	708.311	681.593
28.760	704.933	680.909
26.348	702.977	679.183
27.526	700.250	680.572
27.501	697.950	681.534
26.904	695.384	682.491
31.973	689.756	688.559
26.564	695.321	686.412
27.025	695.213	684.295
27.012	698.202	684.376
27.519	698.110	681.486
25.850	698.603	680.129
26.749	697.855	679.653
28.057	699.325	678.820
27.203	699.366	679.046
28.831	698.517	683.406
28.366	696.026	684.757
28.887	701.591	682.610
27.788	702.850	681.398
29.304	701.648	683.145
28.421	702.754	684.829
26.826	704.877	680.683
28.029	701.110	683.085
26.992	699.686	681.766
27.810	697.801	683.553
28.448	696.698	684.425
27.121	696.713	682.961
27.563	695.958	681.913
26.146	696.191	679.325
27.663	698.156	677.431
28.766	694.506	682.300
26.650	694.840	683.539
27.003	702.478	682.173
28.576	702.388	681.870
27.798	699.175	683.663
28.104	698.238	683.840
27.477	697.206	684.394
27.249	696.680	683.892
28.141	692.615	686.120
29.145	692.219	685.463
29.743	689.896	682.252
27.773	691.342	677.593
31.277	691.318	682.027
27.130	689.647	676.608
26.672	687.286	676.321
27.136	689.464	676.273
28.588	689.126	676.667
27.426	687.370	680.127
28.778	686.149	680.713
28.529	686.255	682.970
27.054	686.483	679.060
27.844	684.661	675.800
26.388	684.335	676.477
28.119	681.296	679.652
27.929	682.440	679.818
28.068	685.985	676.293
25.945	683.507	675.884
28.322	682.133	676.940
28.837	681.547	679.027
27.914	683.060	679.024
27.701	682.199	679.506
29.658	681.587	677.423
28.210	681.865	674.065
28.395	680.853	673.092
27.151	678.441	674.311
28.290	676.184	672.830
26.615	676.175	672.203
28.311	673.520	675.442
28.929	675.564	675.194
26.330	673.209	674.430
29.457	670.809	677.792
32.462	668.898	682.625
27.428	679.043	675.131
26.437	676.185	676.779
28.129	676.578	674.510
25.984	674.351	673.859
27.992	673.518	677.276
26.536	677.183	674.200
28.831	674.902	675.459
27.776	677.665	675.775
27.807	676.151	673.057
27.262	674.731	669.904
28.148	674.611	672.802
29.145	674.538	674.112
28.334	673.721	676.340
28.444	672.765	673.521
27.346	672.991	672.175
26.340	672.359	670.728
25.305	677.858	669.822
27.167	676.610	668.970
27.861	676.209	666.054
27.283	677.621	664.369
26.709	675.037	665.209
27.280	678.657	662.520
27.983	677.457	662.428
29.137	675.883	662.036
27.986	673.512	663.882
26.439	672.382	662.236
26.655	675.876	656.634
28.081	675.542	658.202
26.622	673.609	661.328
27.631	671.386	661.104
26.728	674.755	656.036
27.207	675.453	653.483
28.788	674.143	656.771
27.825	671.381	660.431
29.806	667.611	662.975
26.499	667.757	656.985
29.176	664.014	658.446
28.442	660.989	658.456
29.332	658.338	661.768
31.868	655.972	664.668
33.621	652.563	669.282
28.767	659.016	660.967
28.405	660.756	654.054
29.692	661.576	653.625
29.513	662.053	657.556
29.844	665.436	657.104
28.911	664.745	656.050
29.830	664.351	656.141
31.351	662.641	663.894
28.815	664.386	677.557
27.405	670.388	668.005
27.724	670.713	665.090
28.494	668.199	665.959
26.800	665.334	663.203
28.050	663.255	664.099
27.390	659.805	663.430
24.797	668.480	658.955
28.642	664.174	662.252
29.841	660.066	662.581
33.357	657.198	664.619
15.508	678.126	668.971
36.415	680.567	666.299
36.340	684.742	662.397
36.512	685.261	661.097
36.965	685.512	659.818
36.866	685.712	659.717
36.786	683.780	661.143
36.122	680.291	664.476
35.854	679.642	663.701
36.896	678.620	664.510
36.246	680.420	663.632
34.582	682.228	662.051
35.116	684.346	659.307
34.938	684.964	656.951
34.442	682.947	657.442
34.546	680.569	661.852
34.541	685.028	655.654
13.941	665.630	647.794
27.088	664.695	657.846
29.366	661.518	661.668
28.352	657.518	662.743
28.462	656.660	660.587
28.245	655.293	664.290
27.796	652.270	668.025
27.879	651.931	665.630
31.007	648.353	673.227
27.451	652.452	677.004
28.353	651.243	672.441
28.348	651.501	671.945
28.260	649.046	677.455
27.233	654.751	674.411
27.975	651.160	675.091
29.033	652.702	676.990
27.902	655.876	678.090
32.335	653.548	684.068
32.993	652.973	686.564
38.653	648.203	694.914
46.394	639.954	704.933
0.000	0.000	0.000
0.000	0.000	0.000
0.000	0.000	0.000
0.000	0.000	0.000
0.000	0.000	0.000
0.000	0.000	0.000
0.000	0.000	0.000
0.000	0.000	0.000
0.000	0.000	0.000
0.000	0.000	0.000
0.000	0.000	0.000
0.000	0.000	0.000
0.000	0.000	0.000
0.000	0.000	0.000
0.000	0.000	0.000
0.000	0.000	0.000
0.000	0.000	0.000
0.000	0.000	0.000
0.000	0.000	0.000
0.000	0.000	0.000
0.000	0.000	0.000
0.000	0.000	0.000
0.000	0.000	0.000
0.000	0.000	0.000
0.000	0.000	0.000
0.000	0.000	0.000
0.000	0.000	0.000
0.000	0.000	0.000
0.000	0.000	0.000
0.000	0.000	0.000
0.000	0.000	0.000
0.000	0.000	0.000
0.000	0.000	0.000
0.000	0.000	0.000
0.000	0.000	0.000
0.000	0.000	0.000
0.000	0.000	0.000
0.000	0.000	0.000
0.000	0.000	0.000
0.000	0.000	0.000
0.000	0.000	0.000
0.000	0.000	0.000
11.398	654.811	692.018
0.000	0.000	0.000
0.000	0.000	0.000
0.000	0.000	0.000
0.000	0.000	0.000
0.000	0.000	0.000
0.000	0.000	0.000
0.000	0.000	0.000
0.000	0.000	0.000
31.562	657.610	689.484
33.522	657.807	685.542
30.103	658.938	681.803
35.309	653.476	688.947
31.360	653.936	686.237
36.135	650.297	689.935
25.577	649.322	677.803
29.490	652.170	675.603
75.575	605.011	673.605
0.000	0.000	0.000
0.000	0.000	0.000
0.000	0.000	0.000
0.000	0.000	0.000
0.000	0.000	0.000
0.000	0.000	0.000
0.000	0.000	0.000
0.000	0.000	0.000
0.000	0.000	0.000
0.000	0.000	0.000
0.000	0.000	0.000
0.000	0.000	0.000
0.000	0.000	0.000
0.000	0.000	0.000
0.000	0.000	0.000
0.000	0.000	0.000
0.000	0.000	0.000
0.000	0.000	0.000
0.000	0.000	0.000
0.000	0.000	0.000
0.000	0.000	0.000
0.000	0.000	0.000
0.000	0.000	0.000
0.000	0.000	0.000
0.000	0.000	0.000
0.000	0.000	0.000
0.000	0.000	0.000
0.000	0.000	0.000
0.000	0.000	0.000
0.000	0.000	0.000
0.000	0.000	0.000
0.000	0.000	0.000
0.000	0.000	0.000
0.000	0.000	0.000
0.000	0.000	0.000
0.000	0.000	0.000
0.000	0.000	0.000
0.000	0.000	0.000
0.000	0.000	0.000
0.000	0.000	0.000
0.000	0.000	0.000
0.000	0.000	0.000
0.000	0.000	0.000
0.000	0.000	0.000
0.000	0.000	0.000
5.681	633.909	666.273
3.782	654.101	670.612
27.305	653.072	669.115
35.096	645.349	677.629
30.965	652.465	681.174
33.806	649.464	685.260
34.096	649.783	684.492
31.188	651.958	677.242
26.225	656.964	665.535
26.452	655.644	661.380
27.806	657.004	660.526
27.091	659.442	657.958
33.643	657.227	667.231
30.929	659.112	670.875
27.632	662.513	666.266
28.417	661.849	660.497
28.862	663.296	660.304
27.419	662.429	663.322
29.238	658.073	668.872
28.182	660.899	663.724
28.106	657.119	669.048
26.081	658.327	669.143
26.995	658.971	664.225
33.126	655.770	667.165
11.462	680.271	673.886
35.912	682.488	671.697
35.037	686.873	667.734
36.675	681.277	672.337
36.818	682.606	669.596
35.609	684.505	668.927
36.052	686.301	668.925
36.819	687.673	667.722
36.634	690.525	664.811
33.608	690.594	663.528
31.622	688.949	664.634
33.732	684.860	667.701
33.885	684.142	667.471
28.075	679.478	666.019
25.850	679.661	663.108
27.320	681.600	665.115
26.706	680.310	666.785
28.417	679.118	669.704
27.207	675.915	670.319
26.001	679.487	672.314
26.982	677.397	670.583
25.315	677.767	669.698
27.272	678.190	669.354
26.129	677.631	665.372
26.871	677.388	666.428
25.261	680.762	664.245
26.433	680.447	664.309
25.878	677.070	666.948
26.000	676.062	666.550
26.329	675.700	670.439
26.894	676.244	671.611
25.892	675.596	673.882
26.995	676.281	671.125
27.124	676.066	673.693
26.792	673.767	675.509
25.581	673.860	673.815
27.506	672.221	676.865
25.236	676.436	667.452
25.643	676.421	665.947
27.754	674.303	669.368
27.814	677.812	667.291
24.966	674.813	672.384
27.069	675.059	675.135
27.300	676.949	677.695
26.285	677.171	679.082
26.658	675.751	678.131
27.173	676.658	675.823
25.746	675.541	677.216
25.772	674.290	678.592
25.393	671.720	679.754
25.228	668.905	679.253
26.036	669.506	678.016
26.191	669.601	678.544
25.430	675.360	674.215
27.499	675.977	678.188
27.041	672.042	678.976
28.090	672.405	678.113
26.322	671.787	682.083
28.517	672.036	684.903
26.521	668.201	686.188
27.352	665.698	687.710
28.102	666.791	688.536
28.651	667.938	690.583
27.878	667.040	692.308
25.813	663.063	692.962
28.068	658.378	691.496
28.094	656.131	692.816
26.761	663.557	690.117
27.517	663.993	692.726
27.398	664.571	693.153
26.773	664.116	692.454
26.987	665.120	688.461
28.048	662.975	686.586
27.512	661.816	686.905
27.493	661.936	685.851
27.789	661.295	686.667
27.565	658.863	686.449
29.437	661.717	687.036
27.712	664.902	688.864
26.677	665.944	690.686
28.102	672.441	687.926
28.362	672.538	689.841
26.232	670.757	690.411
25.878	671.150	690.193
26.336	668.948	690.112
27.740	667.858	689.896
26.805	668.495	688.157
25.584	666.834	685.606
26.814	663.527	688.076
26.204	661.711	688.331
26.219	662.212	691.879
27.160	659.267	691.658
26.541	659.471	689.102
26.765	662.222	684.343
26.566	658.838	684.931
27.509	658.272	690.812
27.081	660.082	688.819
27.174	660.458	688.468
26.869	658.908	688.977
26.646	659.597	686.140
26.799	659.910	686.622
27.329	658.629	688.202
28.628	658.364	689.399
26.989	659.398	689.816
27.053	660.558	691.528
26.852	662.667	690.304
28.557	659.272	692.962
28.200	658.900	691.781
28.254	660.246	692.385
27.593	660.471	692.674
26.378	662.020	694.436
28.341	660.349	695.149
29.886	658.546	695.565
28.601	657.675	691.297
28.679	656.139	698.082
25.803	656.430	696.951
25.821	656.455	696.441
27.640	654.828	695.852
27.040	655.502	694.040
26.193	654.564	699.771
27.070	654.307	694.549
29.065	652.469	692.495
24.816	656.625	696.197
27.906	655.302	696.507
26.784	654.790	697.954
27.919	656.707	696.540
25.506	659.201	696.330
27.353	659.062	693.937
29.015	660.130	695.722
27.213	659.944	695.857
25.632	657.862	695.233
27.225	656.976	694.170
27.187	657.158	692.688
26.733	657.185	698.577
27.294	656.659	694.710
26.178	654.960	698.362
28.492	661.109	693.767
27.205	660.860	693.755
26.321	658.953	696.005
27.250	658.983	695.518
27.657	661.158	696.965
28.193	658.419	697.579
26.517	658.576	696.417
26.680	658.453	697.217
27.459	655.121	698.957
28.798	655.400	700.884
28.559	652.178	698.982
26.758	653.378	693.872
26.951	657.286	692.345
29.084	654.976	691.934
29.895	655.926	692.514
27.224	657.425	687.384
28.239	654.824	689.132
28.495	656.456	688.779
26.369	655.248	687.568
27.703	655.326	686.859
27.249	654.264	686.056
32.542	650.375	691.986
29.084	652.191	690.609
27.568	652.410	689.366
28.688	653.401	683.262
34.896	646.691	689.273
31.938	648.728	684.364
29.840	650.492	680.919
31.358	649.378	685.183
29.848	646.855	682.253
31.419	643.981	683.637
25.195	647.974	672.641
26.491	648.308	672.734
27.531	647.073	675.031
27.408	646.934	666.917
27.181	644.079	665.710
26.677	640.549	668.698
28.132	637.998	669.475
29.464	636.830	671.791
28.412	636.615	674.280
27.586	637.507	675.790
27.328	637.118	676.036
29.715	637.380	678.821
31.202	638.338	678.895
32.472	637.753	681.332
32.042	638.595	681.563
31.180	638.141	680.640
27.026	642.344	676.416
27.820	639.972	671.627
25.525	643.814	667.595
27.014	646.173	665.691
27.329	646.382	665.554
26.803	645.963	665.274
26.223	643.933	667.173
27.201	642.848	666.686
26.833	642.781	669.622
25.747	642.488	668.332
27.110	641.442	668.885
27.732	637.476	670.840
29.442	636.529	671.674
27.926	638.151	674.597
31.650	630.904	680.575
25.367	638.063	671.435
26.498	636.998	669.788
29.204	636.328	669.130
24.814	646.918	668.085
28.044	646.581	668.840
26.904	645.159	668.429
29.915	647.100	667.336
26.209	642.873	679.515
33.567	640.083	685.419
44.505	630.542	689.321
0.000	0.000	0.000
0.000	0.000	0.000
0.000	0.000	0.000
0.000	0.000	0.000
0.000	0.000	0.000
0.000	0.000	0.000
0.000	0.000	0.000
0.000	0.000	0.000
0.000	0.000	0.000
0.000	0.000	0.000
0.000	0.000	0.000
0.000	0.000	0.000
0.000	0.000	0.000
0.000	0.000	0.000
28.165	642.001	679.358
26.253	644.195	678.357
27.844	646.735	673.716
29.526	649.667	670.817
29.766	643.365	674.212
26.183	644.884	673.295
28.261	643.405	673.075
28.081	648.207	667.563
26.935	645.548	665.987
27.422	642.869	671.095
27.260	642.707	669.291
29.243	642.499	673.000
28.070	642.220	673.701
30.995	643.201	676.021
26.596	647.715	674.648
26.080	647.293	671.579
26.639	645.142	669.305
25.712	645.389	667.216
25.923	644.648	664.911
27.243	645.653	660.924
25.083	650.008	661.342
25.566	649.327	661.795
25.157	653.994	655.092
27.488	655.689	655.404
26.023	654.310	655.412
27.204	655.082	659.158
26.012	653.671	660.560
26.604	654.008	659.134
27.363	655.521	662.849
25.745	655.186	662.734
27.745	655.438	666.440
29.171	658.418	664.853
29.744	660.739	663.385
24.614	658.811	677.278
25.137	659.759	674.994
26.763	657.937	677.440
28.977	655.063	680.190
27.973	654.105	677.591
28.269	659.777	678.229
27.506	659.596	679.970
25.941	661.927	678.387
26.119	659.801	679.079
30.071	654.839	682.778
33.544	649.241	689.137
27.906	658.549	688.582
26.029	662.740	682.685
25.931	663.391	681.782
27.287	665.218	678.969
27.292	668.767	678.965
25.958	666.808	678.761
27.323	667.186	679.715
27.527	665.691	681.191
29.618	663.667	686.588
31.309	662.251	692.947
34.374	661.580	699.807
34.799	659.205	703.840
44.541	648.651	709.828
0.000	0.000	0.000
0.000	0.000	0.000
0.000	0.000	0.000
0.000	0.000	0.000
0.000	0.000	0.000
0.000	0.000	0.000
0.000	0.000	0.000
0.000	0.000	0.000
0.000	0.000	0.000
0.000	0.000	0.000
0.000	0.000	0.000
0.000	0.000	0.000
0.000	0.000	0.000
0.000	0.000	0.000
0.000	0.000	0.000
0.000	0.000	0.000
5.365	670.432	690.777
11.730	698.282	685.522
35.100	697.623	686.042
34.364	695.825	687.700
33.309	693.239	690.982
32.190	692.339	692.718
31.291	694.390	692.438
31.060	696.244	694.647
26.112	706.053	688.790
29.606	707.177	690.492
26.929	715.592	691.412
28.439	719.382	689.334
28.646	720.766	690.370
30.217	719.162	685.605
29.275	717.841	682.226
27.864	717.454	679.565
27.655	719.831	678.535
29.236	716.778	675.412
29.434	720.862	674.922
26.948	719.679	677.543
25.485	722.052	677.932
28.372	719.681	676.118
28.549	720.661	678.318
28.699	720.156	676.799
30.415	718.278	671.660
28.652	722.220	668.242
30.711	720.978	666.139
29.862	718.782	663.293
29.088	718.327	665.569
29.968	716.227	663.386
29.074	715.262	663.900
28.567	712.180	663.601
29.195	713.950	665.158
28.517	717.548	664.002
29.993	719.637	661.874
28.712	717.482	664.319
26.646	713.510	664.968
28.671	716.902	661.987
29.150	715.135	662.159
28.214	714.529	660.124
28.076	712.772	657.746
27.699	710.566	657.013
27.649	710.741	655.505
29.503	710.592	653.161
27.327	712.821	655.363
30.091	714.837	650.928
26.288	715.713	657.159
27.571	718.865	656.830
27.543	717.866	661.429
27.854	720.467	665.237
34.230	718.414	657.887
36.057	718.971	655.280
38.040	719.413	650.885
37.543	718.549	650.164
36.004	717.289	650.667
36.395	717.618	650.060
36.408	718.428	650.536
22.000	706.386	643.515
28.056	705.704	645.545
27.959	708.543	642.600
27.323	712.271	644.791
28.290	712.992	644.993
29.033	713.757	648.133
27.842	712.711	648.959
27.731	710.865	649.936
27.113	710.142	652.330
27.298	707.649	653.719
28.846	709.479	652.729
25.518	708.944	656.264
26.134	710.325	658.546
25.931	708.592	653.281
27.278	710.261	655.235
26.517	710.056	656.559
29.585	712.905	660.476
28.559	710.953	660.855
27.359	709.700	662.266
27.779	709.733	660.041
27.815	706.421	659.080
28.184	701.882	660.028
28.009	701.052	660.914
28.982	702.958	662.305
32.461	705.100	662.538
26.352	695.958	670.510
25.414	693.690	671.751
26.368	692.802	671.382
27.567	693.387	671.363
29.206	693.231	672.148
26.785	689.375	672.148
26.499	691.398	677.680
26.052	689.012	675.692
27.480	690.782	676.734
26.286	691.987	677.788
28.257	691.129	687.385
25.442	690.171	681.059
26.758	689.154	681.926
25.724	689.766	678.974
27.004	690.980	682.203
27.365	688.806	685.082
26.839	688.770	685.452
27.750	688.906	683.333
27.628	687.328	682.666
27.163	687.100	683.383
26.382	684.709	684.343
26.624	684.858	687.502
26.710	688.656	687.078
26.433	690.373	686.666
26.727	692.598	684.060
28.301	691.602	687.156
27.806	692.843	691.521
27.988	693.180	693.540
28.913	694.780	692.402
26.504	692.084	693.913
28.883	689.857	692.191
26.929	686.426	690.541
28.776	685.475	693.514
28.461	689.696	691.835
27.985	690.191	692.075
28.123	692.185	694.523
28.652	695.930	693.557
28.917	697.894	696.906
28.581	697.548	693.646
29.298	698.762	695.541
29.136	692.496	694.048
29.233	691.842	694.087
28.621	688.490	692.255
28.138	685.725	693.694
27.521	688.505	693.959
27.947	687.501	692.202
27.723	687.150	693.198
30.174	689.379	692.541
28.021	685.167	692.671
26.756	681.181	692.351
29.356	682.230	693.580
25.446	678.829	693.125
26.769	678.398	692.174
28.866	677.740	694.255
28.240	681.314	692.429
27.543	678.600	693.227
27.211	678.727	689.980
28.144	680.181	688.468
27.348	682.067	686.207
28.035	683.727	685.740
26.992	680.422	686.358
27.733	682.768	685.616
27.815	684.092	685.066
27.671	684.954	685.161
28.568	687.142	686.152
27.441	687.125	685.880
28.401	687.883	686.710
26.895	691.343	682.567
26.383	688.538	681.866
28.824	688.594	683.326
29.162	692.284	682.822
28.183	692.265	684.138
27.527	693.105	683.888
28.108	692.552	686.149
29.463	696.369	684.248
26.901	699.580	683.856
27.414	696.800	682.626
29.559	694.990	682.207
26.991	695.724	680.386
27.624	695.150	677.280
25.426	693.072	673.693
26.394	690.257	672.835
27.168	688.388	673.001
25.341	685.710	672.825
27.051	685.312	672.721
25.910	685.439	675.854
27.077	683.879	676.386
28.725	683.101	676.594
28.198	684.637	673.374
25.897	682.129	672.651
26.347	684.265	665.576
28.331	683.614	664.996
27.925	684.080	668.169
27.892	681.943	671.456
27.095	683.165	669.170
28.629	682.408	669.861
28.192	695.530	661.001
25.338	694.671	669.116
25.894	694.854	664.794
26.569	695.503	664.672
25.775	698.514	666.541
26.649	699.908	665.811
29.437	705.816	662.254
28.827	707.985	659.649
31.594	710.671	663.440
30.084	711.245	662.144
30.623	713.923	663.767
30.904	712.965	667.405
30.381	712.333	670.028
29.119	710.072	670.056
27.761	708.113	672.251
29.950	710.638	673.617
27.962	710.939	670.276
29.063	712.966	668.042
29.827	713.376	668.243
29.393	710.313	669.709
27.622	706.659	670.594
28.204	703.897	672.274
28.357	702.784	672.882
26.688	700.218	671.373
28.175	698.543	673.831
27.903	694.289	675.834
28.159	693.713	672.961
27.429	691.280	669.505
29.713	690.926	672.476
28.431	690.332	676.116
28.075	688.170	678.698
27.774	690.347	681.111
27.363	691.821	679.960
27.880	689.755	681.513
27.487	689.741	681.716
27.488	689.509	682.135
28.620	689.080	684.050
28.042	694.775	683.098
27.234	695.506	686.265
29.158	698.967	685.566
27.737	699.270	684.135
26.555	700.419	681.221
27.764	699.892	682.710
27.969	699.439	684.207
28.398	699.753	686.052
28.237	700.299	686.216
29.692	702.106	688.056
27.143	700.703	687.592
27.375	702.416	685.727
27.738	702.239	683.124
27.904	699.511	683.897
26.973	698.802	683.146
27.299	697.461	682.208
26.964	700.474	680.884
28.228	700.204	684.294
27.932	701.535	682.102
27.413	699.547	685.150
27.215	700.828	680.307
26.214	701.221	681.221
27.555	699.364	680.854
26.891	697.444	681.740
28.002	696.156	683.133
26.628	695.703	680.967
26.756	699.109	682.254
28.553	698.943	686.314
28.210	698.347	686.664
27.046	700.777	689.769
27.858	705.201	688.094
29.558	707.328	687.183
28.495	707.498	689.890
29.446	712.629	687.015
28.872	713.828	684.522
29.589	712.439	683.163
27.820	711.712	684.725
27.614	712.448	682.293
27.210	713.293	679.392
31.125	715.256	679.133
30.875	716.068	680.732
28.882	715.491	680.946
28.599	716.564	684.432
27.374	718.829	682.024
29.904	720.087	684.319
30.935	721.808	688.166
30.171	724.142	686.554
25.950	719.437	692.781
30.794	720.923	692.737
29.904	722.283	693.780
26.934	717.962	693.632
30.614	719.693	691.958
32.162	723.914	694.766
29.100	721.058	692.758
32.151	719.997	689.543
30.155	716.806	690.315
31.475	720.155	688.872
31.364	722.313	688.049
29.942	721.565	687.855
30.120	723.049	691.361
29.853	722.488	693.006
26.140	720.664	697.090
26.531	724.680	700.359
27.692	723.599	699.184
27.868	726.085	699.715
27.338	727.672	701.517
27.257	725.557	703.564
26.470	722.219	704.450
26.401	722.423	703.483
26.169	721.018	703.911
26.884	720.750	704.326
24.839	723.127	700.876
25.689	725.821	695.218
26.838	724.986	696.554
27.680	723.718	694.997
26.742	723.254	692.402
27.316	720.941	686.792
27.708	720.182	683.126
28.158	719.976	683.900
28.604	718.148	683.595
27.360	715.016	685.614
28.845	714.662	686.553
28.059	714.863	684.675
29.415	717.518	683.910
29.253	721.008	685.375
28.757	718.088	684.342
28.139	716.097	685.009
29.391	717.734	685.516
27.830	715.922	684.539
30.356	713.948	684.876
29.699	714.988	682.953
31.135	713.998	685.972
31.271	713.834	690.575
29.300	713.287	691.160
29.133	714.519	691.967
28.771	713.722	692.282
31.088	715.400	692.797
32.728	717.824	695.641
28.612	718.894	694.353
31.868	722.285	695.507
28.333	719.969	699.388
26.596	711.946	698.897
26.916	711.042	694.503
26.994	712.065	693.885
28.987	715.944	691.462
28.832	717.141	687.134
31.803	718.080	690.369
30.591	716.280	688.308
28.315	714.722	685.444
30.762	714.978	686.399
32.608	718.652	685.361
30.980	713.878	687.852
33.563	716.684	691.605
32.694	717.472	690.421
35.562	721.496	691.606
31.498	717.705	690.498
24.834	705.317	686.266
31.135	707.723	686.199
27.082	705.552	689.616
30.637	708.264	688.897
28.316	704.263	687.762
28.132	703.022	686.736
27.795	703.878	689.676
27.795	705.602	691.364
27.699	702.467	692.007
29.620	701.690	691.998
27.503	703.215	689.027
28.865	703.949	686.951
27.885	704.254	687.557
26.625	708.769	683.187
26.655	708.108	681.488
30.171	710.827	680.990
29.847	711.029	682.820
30.990	711.584	684.356
31.743	712.109	687.037
31.120	710.370	689.232
30.874	709.314	688.359
31.862	710.893	689.879
30.873	711.442	692.180
29.043	710.359	693.239
28.171	710.690	690.273
31.374	713.196	689.695
36.622	720.836	693.994
23.554	705.744	693.159
28.423	707.390	690.962
29.322	705.381	690.056
28.299	699.510	687.878
29.280	696.132	687.422
28.971	694.652	688.271
28.206	694.880	691.263
27.959	696.876	692.420
28.402	697.325	691.201
28.489	697.589	690.639
30.544	697.134	690.159
30.086	697.855	693.150
29.685	699.280	693.416
29.169	700.041	692.439
29.649	700.171	694.766
29.655	696.571	696.711
30.053	695.038	691.466
29.051	694.451	690.662
29.859	694.932	691.423
28.760	694.373	688.732
28.927	694.800	687.721
29.140	695.147	689.889
28.840	697.654	691.446
28.635	699.791	690.956
29.157	698.179	693.291
29.365	696.879	692.606
28.744	698.181	693.614
30.200	697.780	694.486
29.103	698.869	693.579
29.420	701.043	693.353
30.480	701.544	693.444
28.920	701.460	693.471
30.755	701.849	694.314
29.705	701.428	692.799
27.513	707.378	693.232
28.346	709.749	690.022
29.652	712.610	685.766
27.587	719.407	681.005
27.653	722.300	682.145
30.976	726.765	682.471
29.853	727.153	682.381
30.674	722.792	684.007
28.630	718.707	685.461
29.141	723.139	686.076
30.934	722.451	687.666
29.659	722.426	689.530
29.662	722.010	689.485
30.379	724.181	689.852
30.304	724.470	686.859
30.823	724.442	687.795
30.370	728.668	686.643
30.966	731.870	686.234
30.093	735.551	683.497
31.283	740.342	683.955
29.946	737.606	684.241
28.669	738.849	686.639
29.153	738.081	687.623
28.816	737.589	687.784
30.218	738.936	686.849
29.883	738.968	685.852
28.739	736.465	689.618
28.982	736.726	690.049
29.404	738.634	690.444
29.090	737.358	687.197
30.937	737.246	687.235
29.044	735.894	691.499
28.832	737.882	688.749
30.067	737.719	687.995
28.837	739.138	689.359
29.233	742.897	688.863
28.032	742.551	689.591
27.857	744.179	685.966
28.804	743.790	686.779
29.763	744.499	685.274
28.765	744.579	686.230
28.134	744.911	688.829
27.830	745.120	692.048
28.619	745.688	691.721
28.252	745.128	694.281
26.754	744.196	692.513
27.432	743.227	692.424
28.316	742.463	693.204
27.298	741.382	688.936
29.121	740.969	688.524
29.755	741.059	688.066
29.555	740.321	688.825
28.496	737.447	689.508
29.600	738.502	690.566
29.056	736.933	691.830
29.271	736.085	692.532
28.388	735.531	693.127
28.956	734.622	691.458
29.508	737.295	689.934
30.005	738.948	688.958
29.359	738.966	689.967
29.912	738.646	689.359
29.566	738.319	687.279
29.442	735.832	688.335
29.117	735.259	686.704
29.355	732.445	687.018
30.120	731.582	685.165
30.036	736.377	683.034
27.824	735.891	677.240
27.719	732.277	678.823
27.889	730.863	675.895
28.805	732.154	674.928
28.917	734.514	677.970
27.855	731.742	681.075
28.558	732.622	679.963
27.958	731.835	680.112
28.625	731.188	680.238
28.729	733.216	679.160
27.935	736.974	680.247
28.214	734.480	683.511
31.053	734.893	683.284
28.876	732.813	681.737
29.668	731.303	683.440
28.016	730.807	682.544
28.266	730.822	682.056
29.766	731.053	683.722
31.867	733.443	685.783
29.059	733.874	682.316
28.865	732.639	682.835
30.566	733.535	684.537
29.219	738.056	682.330
30.360	735.670	682.583
28.352	735.024	682.080
29.274	736.256	683.001
28.761	737.959	681.371
29.157	739.124	680.589
29.901	739.700	684.461
29.585	740.613	685.811
28.168	740.026	685.800
29.553	741.083	683.198
28.423	738.691	682.862
28.341	741.398	684.588
30.062	742.654	686.072
29.977	744.823	685.850
29.258	745.745	687.844
29.070	745.260	688.193
29.503	744.362	686.461
28.385	744.383	687.535
28.336	743.256	687.224
29.279	745.742	688.588
28.235	743.985	690.314
28.760	742.072	691.511
28.992	743.232	692.332
26.440	741.780	696.265
29.353	745.080	698.722
27.228	745.076	702.062
28.745	741.828	701.734
28.776	743.888	699.529
27.729	744.569	699.430
29.061	746.108	698.147
27.930	744.645	698.470
29.462	748.017	698.020
28.852	749.685	697.427
27.498	747.939	700.100
28.820	747.980	699.270
28.634	748.415	695.621
27.437	746.686	690.552
27.591	747.842	690.485
27.708	749.134	688.405
28.393	750.344	688.391
27.417	749.019	689.132
27.376	749.399	688.736
27.833	749.704	687.345
27.226	750.210	685.724
27.232	749.317	686.856
26.644	748.464	687.402
29.061	745.794	684.816
29.943	743.160	685.520
28.338	740.304	685.237
29.134	739.343	683.694
28.298	738.332	682.380
28.736	737.905	680.556
29.487	739.351	682.577
27.852	738.080	684.459
28.559	742.023	683.621
29.235	742.096	684.194
29.915	744.117	684.480
29.386	740.578	683.179
29.558	743.209	680.523
29.504	745.245	683.009
29.269	746.928	682.782
28.184	746.319	685.645
28.005	744.296	685.415
27.814	744.884	684.866
27.475	744.579	684.766
27.171	743.017	686.449
29.439	743.053	684.665
28.259	742.745	685.905
27.866	742.200	689.326
29.497	742.444	687.310
28.232	742.549	686.571
28.844	743.453	686.395
29.557	744.186	688.549
28.933	747.400	688.211
28.321	746.629	687.136
27.670	745.763	687.304
28.336	743.118	689.442
28.450	744.223	686.797
27.869	744.914	687.657
28.695	744.892	689.825
27.834	746.216	690.406
27.757	747.819	691.110
30.196	750.216	687.837
27.383	748.514	695.653
29.513	759.733	684.913
31.307	760.612	687.445
28.103	758.016	687.241
27.595	754.708	689.804
27.441	752.946	688.541
27.087	750.898	687.874
28.349	746.218	686.399
28.400	743.838	683.537
28.641	742.521	686.867
27.935	741.664	687.318
28.533	741.806	686.525
28.792	740.160	687.252
29.133	738.646	690.193
28.133	736.940	691.745
29.521	737.835	692.826
29.609	742.268	692.232
28.780	741.406	693.189
27.169	740.727	691.433
29.522	742.146	689.334
28.403	739.593	689.283
28.373	740.087	688.841
28.250	738.958	691.995
27.034	736.388	693.382
28.863	736.893	692.634
27.991	734.795	694.751
27.683	732.800	698.600
28.905	734.337	699.045
28.847	733.342	700.790
28.129	732.004	704.189
27.951	733.114	703.076
28.332	733.754	702.106
28.264	733.468	703.182
30.957	738.693	700.495
31.278	737.948	704.166
29.772	733.276	706.327
27.184	731.590	708.717
26.374	732.306	704.459
28.080	732.719	700.841
28.016	734.894	698.582
28.384	733.212	701.833
31.567	734.999	697.859
27.201	739.849	694.570
27.761	741.481	694.799
28.377	742.358	694.188
27.030	744.693	692.119
28.285	744.297	691.970
28.362	737.314	694.161
30.510	740.230	694.887
28.906	740.641	694.811
30.001	739.889	696.578
30.301	737.097	695.097
28.909	738.264	693.688
29.007	736.442	694.645
27.292	735.515	698.293
27.384	727.570	700.193
26.580	726.775	698.717
27.296	726.673	702.256
26.552	728.516	702.294
29.069	730.684	697.405
27.857	730.607	698.318
28.190	730.199	697.352
28.793	728.063	696.997
27.526	726.423	698.895
26.089	721.030	706.715
26.077	718.166	709.376
28.885	718.879	710.616
27.351	719.955	709.029
30.050	722.841	708.409
27.589	722.962	710.120
29.022	721.964	713.979
28.746	723.017	717.249
30.257	720.623	715.032
28.032	720.362	716.051
27.091	717.083	713.601
26.194	716.763	709.338
27.795	711.368	710.927
28.765	707.452	713.957
28.395	708.929	711.692
33.976	706.301	715.905
29.973	707.024	716.878
29.980	704.173	715.950
29.148	707.489	717.534
28.720	707.147	722.102
31.837	709.834	720.428
27.782	711.661	718.242
27.547	713.496	719.297
25.921	713.579	723.073
26.544	714.641	720.399
27.300	712.334	724.423
28.003	708.125	721.587
31.388	702.152	729.377
29.930	697.935	733.244
30.191	699.095	738.146
32.701	696.839	741.228
30.702	700.340	738.491
30.787	697.647	735.459
31.918	698.328	734.217
32.557	697.997	736.124
30.359	698.098	733.404
29.375	699.302	730.429
27.966	701.439	723.469
27.728	698.628	725.744
28.398	697.964	730.274
29.925	696.360	734.591
31.134	695.148	738.130
30.171	694.429	738.249
28.720	699.435	735.281
28.566	698.280	736.435
29.994	698.497	739.922
29.565	701.983	739.051
28.909	699.613	739.121
28.562	696.477	740.668
29.518	693.572	739.104
29.387	694.458	740.870
29.606	694.576	740.793
30.483	697.529	743.335
29.320	697.793	742.153
28.933	695.813	740.355
28.286	690.374	741.138
28.034	687.466	743.998
29.073	689.169	742.743
29.307	688.759	745.194
27.581	686.764	748.459
28.494	684.912	748.888
28.350	684.439	750.207
28.068	679.890	749.155
27.893	678.450	752.917
29.350	678.645	753.432
28.377	678.182	756.266
28.290	677.877	752.563
28.373	676.270	753.675
28.339	673.546	752.452
29.157	673.018	750.335
28.874	672.897	747.074
30.038	673.682	748.037
28.914	674.159	745.567
29.001	674.910	745.126
26.854	674.724	744.146
28.975	677.566	746.023
27.559	680.417	745.500
28.576	680.827	746.763
29.155	680.951	749.041
27.778	680.485	747.234
27.454	679.933	746.252
28.380	680.522	744.901
29.005	682.215	746.097
27.653	680.575	750.097
27.845	679.343	747.801
30.279	680.283	743.821
28.434	680.644	741.034
29.715	679.888	739.038
28.290	680.195	736.206
25.534	681.487	730.590
26.516	679.835	729.727
28.151	677.571	724.624
28.083	677.344	724.537
28.064	675.734	726.072
26.752	675.138	726.178
29.068	675.223	726.747
26.805	680.094	723.850
27.886	681.623	722.150
29.145	683.462	719.664
28.986	682.802	722.529
28.580	682.887	724.859
27.161	681.433	723.130
28.665	683.035	723.039
28.270	679.750	724.119
27.453	681.388	722.379
28.350	681.803	719.774
28.132	679.110	722.194
27.153	685.174	717.418
30.520	683.227	717.193
29.441	683.945	720.253
28.519	684.015	722.640
27.881	682.111	722.646
26.716	681.491	724.289
30.178	683.143	724.589
27.859	684.062	725.424
29.041	685.471	727.834
28.484	685.928	727.407
27.834	685.263	724.528
27.387	684.665	724.747
28.619	684.036	727.466
28.790	687.461	725.760
27.995	680.885	724.673
29.304	679.620	722.515
28.535	678.739	721.845
28.157	676.973	723.074
27.974	676.109	722.390
28.499	674.246	722.433
28.839	674.714	722.672
26.694	671.813	724.516
27.527	670.137	725.855
27.620	671.635	720.050
29.662	672.289	716.988
27.671	667.878	718.197
28.733	667.176	719.585
27.891	666.495	715.841
27.667	662.672	717.442
27.387	662.197	718.804
27.501	660.434	720.723
28.533	660.768	720.132
26.651	661.573	719.935
26.491	661.233	723.266
27.688	661.685	720.651
25.421	672.759	716.347
27.379	677.434	715.058
28.006	675.766	711.705
27.994	679.406	713.926
26.914	677.732	715.533
27.503	678.326	715.743
28.180	676.094	718.876
28.203	678.038	714.971
27.816	677.702	717.589
27.942	675.590	715.567
27.864	674.853	713.850
28.339	676.708	711.963
27.698	674.933	715.197
27.363	674.181	713.925
27.417	672.703	712.364
27.576	672.537	714.618
27.525	672.366	712.512
27.796	674.114	714.308
26.695	673.178	716.172
27.456	678.838	715.972
28.557	680.226	714.015
26.980	678.676	716.848
27.678	680.901	715.050
26.989	682.158	712.753
26.883	681.339	711.327
26.639	682.080	706.908
27.113	680.561	707.451
27.153	680.341	707.194
28.294	677.280	708.399
29.139	679.626	705.500
27.736	679.056	707.089
28.236	678.941	707.888
27.252	677.399	705.632
28.189	678.970	704.902
28.637	679.451	705.824
27.581	679.624	702.755
27.808	680.413	702.630
28.545	679.468	702.620
28.603	678.050	704.201
28.125	675.298	704.217
28.642	676.328	704.419
28.626	675.847	705.304
28.142	679.708	702.972
27.868	679.068	702.990
29.058	678.372	706.920
31.027	675.718	713.029
30.432	676.083	715.478
32.436	675.735	717.575
26.360	685.538	714.456
26.664	686.198	713.005
25.847	686.171	712.884
27.658	683.284	718.821
26.473	683.545	722.415
27.487	684.657	722.260
26.880	683.491	723.992
28.542	685.246	724.099
27.927	683.177	725.499
26.306	684.878	724.754
28.634	685.240	724.693
26.921	686.086	725.787
26.489	684.874	726.647
26.611	687.875	727.150
27.713	686.724	728.647
27.574	687.472	728.724
29.414	685.975	730.012
27.067	689.830	724.500
28.298	691.338	722.426
21.778	693.231	733.915
25.670	691.583	729.472
27.567	690.269	732.935
25.070	691.144	732.822
27.087	687.034	732.396
28.091	684.863	732.136
27.132	683.681	732.962
28.201	685.285	736.534
27.003	683.468	735.196
27.690	684.539	734.255
29.117	686.302	738.959
27.539	684.385	739.465
28.003	684.702	737.426
28.180	685.484	734.642
28.273	682.622	735.254
28.243	683.967	730.806
28.019	684.501	730.487
27.999	685.113	733.725
