33.978	529.160	476.009
33.752	530.071	474.684
33.994	529.271	475.558
34.038	528.968	474.888
33.046	529.112	475.679
31.684	528.460	476.300
33.572	528.574	475.486
32.590	529.507	475.307
33.366	530.077	476.396
32.784	530.118	476.014
33.273	530.380	475.823
34.867	530.101	474.209
32.595	528.660	475.003
34.068	530.265	474.925
33.998	529.561	474.247
34.359	529.081	474.030
33.530	528.460	475.566
33.740	528.168	475.677
34.261	528.048	474.092
32.941	528.547	475.222
32.290	528.012	476.337
33.123	529.638	476.115
32.957	529.683	476.113
35.034	530.758	474.184
32.970	530.348	475.081
34.305	529.111	475.010
32.563	528.162	476.270
34.812	528.520	473.862
33.601	528.751	474.078
32.453	528.141	474.904
32.135	528.826	475.882
32.568	527.423	476.581
31.934	526.348	477.347
33.833	525.010	475.283
31.953	525.441	476.167
33.104	525.102	476.250
33.301	524.103	475.162
32.529	523.627	475.247
32.759	525.071	474.883
31.980	524.132	476.080
31.938	523.251	476.008
31.973	522.706	475.961
32.616	525.091	476.145
33.910	525.002	474.786
32.872	524.614	474.904
33.719	525.822	474.761
33.458	525.209	475.167
33.863	524.736	476.169
34.217	526.077	474.537
32.183	525.151	475.822
32.434	523.436	476.299
32.283	522.251	476.705
33.863	524.534	474.426
33.734	524.163	475.255
34.344	525.501	473.635
33.392	526.524	474.082
34.375	527.498	473.404
33.815	527.244	474.587
33.332	526.575	475.172
33.173	526.821	475.458
33.268	526.545	475.658
33.508	528.176	476.769
32.032	527.373	478.016
33.853	528.631	477.275
33.424	527.427	475.363
32.282	525.070	476.889
32.804	524.644	475.061
34.806	524.972	474.851
33.993	525.872	474.692
32.759	525.985	475.643
33.059	526.027	476.412
32.001	525.726	477.267
34.048	527.489	476.467
32.735	527.093	477.430
33.200	526.227	476.462
32.456	525.613	476.749
33.058	527.200	476.305
32.999	527.042	477.773
33.234	527.154	477.716
33.641	527.799	476.829
32.141	528.101	477.941
34.280	529.044	475.749
33.119	528.700	476.522
34.552	530.462	474.607
34.214	531.040	475.317
33.880	530.200	474.878
33.672	530.562	476.893
33.312	530.842	476.173
33.722	531.698	476.317
34.149	532.916	475.311
33.024	531.753	476.731
32.815	529.500	476.416
33.235	530.590	475.230
33.040	529.516	476.507
33.726	530.310	475.903
33.410	528.819	475.984
34.114	530.378	474.226
32.979	528.879	476.186
34.017	530.099	476.049
33.965	530.235	475.825
33.893	529.453	476.134
33.873	528.482	475.818
34.698	527.925	474.274
33.319	528.574	474.716
33.574	527.183	475.794
34.743	528.541	475.289
33.412	529.851	475.087
33.139	529.912	474.831
32.453	529.955	475.664
33.274	528.256	476.885
31.717	527.535	477.773
32.776	528.396	477.424
33.856	528.312	476.408
32.268	527.773	476.775
33.611	528.838	476.055
33.112	529.886	476.496
31.542	528.248	477.730
33.502	528.234	477.276
33.931	529.765	474.606
35.013	530.939	474.766
32.440	529.798	476.729
33.542	529.947	476.643
32.486	528.990	478.467
32.324	527.808	478.938
31.138	526.562	479.654
33.272	526.747	477.920
33.772	528.408	475.563
32.419	527.172	476.614
33.650	527.463	475.104
33.195	527.403	476.079
33.892	527.812	475.351
32.878	527.537	476.314
33.189	528.041	476.741
32.195	528.173	477.688
32.776	528.664	477.084
34.778	530.542	474.878
32.963	529.972	476.412
33.366	530.047	477.835
34.518	531.716	475.947
33.527	530.196	477.409
33.546	529.779	477.040
33.236	530.835	477.481
34.085	530.885	476.551
33.957	531.738	477.046
31.847	531.095	477.379
33.612	531.311	476.943
33.295	531.616	477.176
33.868	532.373	477.676
33.877	531.813	476.225
34.101	532.069	476.059
33.094	530.619	477.596
32.247	529.144	478.614
33.236	529.602	477.396
35.285	530.949	475.852
33.484	531.544	477.123
34.316	532.643	475.755
33.020	532.088	479.154
34.042	531.209	476.758
32.699	529.648	477.795
34.731	530.900	476.381
34.283	530.737	475.733
33.649	530.916	476.396
34.212	531.058	476.129
32.037	528.821	477.962
33.059	528.369	476.812
33.788	528.257	476.995
32.257	528.702	477.729
32.982	529.768	477.821
33.857	530.413	477.860
33.912	530.282	476.163
33.301	527.998	476.935
33.040	529.539	476.787
33.046	529.493	478.949
32.913	529.691	478.030
34.574	530.236	476.946
33.635	529.870	476.268
34.257	530.255	474.471
34.084	528.998	475.089
34.101	530.073	475.026
33.751	530.529	475.705
32.887	531.690	477.637
34.389	532.687	476.944
33.038	531.063	476.857
32.567	531.380	478.286
32.060	529.410	478.143
32.963	528.651	477.403
33.732	529.468	476.012
33.470	530.382	477.258
33.489	529.003	476.568
33.728	529.640	476.472
32.721	529.483	478.259
33.755	530.176	476.770
33.269	529.261	477.446
34.205	528.175	476.727
31.498	528.168	478.594
34.189	528.240	476.912
34.464	529.287	476.156
33.615	528.854	475.548
33.500	530.024	476.984
34.068	529.199	476.313
34.056	530.974	476.590
34.462	532.138	475.283
34.729	532.656	474.401
34.397	532.963	475.107
32.800	532.578	477.631
33.561	532.366	477.017
33.589	531.396	478.112
34.902	530.902	475.977
33.616	530.419	476.331
32.907	529.605	477.116
33.817	530.983	477.048
32.353	531.541	478.593
33.936	532.211	477.846
32.505	529.308	479.572
35.136	530.133	477.095
33.908	530.988	475.945
32.764	531.810	478.573
33.568	532.439	477.682
32.835	530.965	478.749
34.284	531.356	478.085
31.892	531.239	479.225
33.922	530.950	477.894
33.843	531.136	478.319
33.063	531.171	477.783
33.023	531.155	478.360
34.804	531.002	475.866
32.370	531.261	477.398
32.316	529.610	477.800
34.284	529.787	477.451
33.185	529.700	477.213
34.583	529.204	476.369
33.868	529.831	476.800
33.362	530.868	477.176
33.633	531.844	476.746
32.532	529.741	478.951
35.709	531.257	475.750
32.788	531.635	479.441
33.776	531.726	477.892
33.858	531.639	477.865
34.108	532.823	477.939
34.781	532.166	476.977
32.744	532.304	477.416
33.270	531.081	477.687
33.154	531.126	478.177
33.086	531.330	478.234
33.330	530.487	476.597
32.811	529.455	477.860
33.187	528.239	477.614
33.309	528.577	477.671
33.971	528.696	476.621
34.304	528.959	477.064
33.961	529.986	476.371
32.966	529.630	477.495
33.643	529.983	476.887
34.343	529.924	477.231
33.708	530.720	477.801
33.931	530.199	477.075
34.014	529.397	475.702
34.210	528.707	475.317
34.093	528.954	475.775
34.010	529.003	476.743
33.798	529.542	476.913
34.973	532.350	475.078
34.248	532.143	474.980
33.793	532.479	475.468
34.050	532.024	476.473
34.806	533.046	475.368
33.554	533.449	475.856
34.338	532.401	477.132
33.782	531.641	476.320
34.467	531.341	476.334
33.821	531.350	476.285
33.448	531.592	476.983
32.089	531.779	479.096
33.774	530.334	478.348
32.243	529.198	479.121
34.537	529.584	476.536
32.976	529.479	478.109
33.227	528.620	478.685
34.100	528.756	477.037
33.193	529.206	477.650
35.555	529.806	475.757
32.970	529.072	476.958
33.289	526.700	476.837
34.253	528.416	475.908
32.991	528.411	478.022
33.936	528.097	476.696
33.325	528.377	476.257
33.699	527.988	477.361
34.405	528.475	477.072
32.406	526.978	478.027
34.936	527.898	475.820
33.213	527.875	477.752
33.612	527.196	477.981
33.765	527.919	477.001
33.003	527.942	477.189
31.468	527.334	479.018
34.554	528.399	477.368
33.248	528.833	477.790
33.640	529.232	478.173
33.734	529.365	477.238
35.504	531.100	474.770
33.114	530.480	476.266
33.505	530.233	476.791
34.954	531.763	475.352
33.353	531.897	476.318
35.700	532.454	474.825
33.267	532.197	476.853
33.470	531.203	476.662
33.807	530.236	477.114
33.337	528.495	478.250
34.420	529.081	477.164
33.284	529.859	477.969
34.045	530.110	477.933
33.542	529.616	478.021
32.679	529.144	477.788
32.483	529.346	479.555
34.856	529.284	478.303
31.827	527.756	478.876
34.291	528.013	477.777
32.733	528.429	477.720
33.313	528.799	477.098
32.900	529.156	478.089
33.060	529.954	478.043
33.580	530.562	477.843
32.282	530.014	479.542
34.033	530.196	477.894
34.608	530.996	476.980
34.437	531.560	477.186
33.068	532.351	478.314
34.793	532.227	476.909
34.009	533.207	477.646
32.992	531.236	477.372
34.453	530.268	477.300
34.587	531.057	476.540
33.889	531.794	477.717
34.132	531.738	478.760
32.516	531.104	479.554
33.239	530.843	480.769
33.606	530.445	479.142
34.584	530.898	477.199
32.964	529.838	478.394
34.676	530.773	476.140
34.376	531.276	476.298
34.118	531.256	475.778
34.079	531.223	475.649
33.929	530.219	478.292
34.933	531.236	477.161
33.084	532.524	477.200
33.767	532.127	476.747
32.226	531.098	478.846
33.807	530.083	478.779
33.248	528.891	478.058
34.235	529.719	477.369
34.392	530.807	477.779
33.683	530.167	477.881
33.533	529.331	477.696
32.973	528.823	478.510
33.580	530.896	477.025
32.637	530.177	478.852
34.483	530.476	478.200
34.396	530.558	476.972
34.330	531.889	478.224
35.308	532.625	476.449
34.445	531.753	476.581
34.175	532.326	477.051
33.208	531.233	478.496
34.630	531.087	477.435
33.866	531.121	478.000
33.106	531.861	478.555
33.488	530.852	479.051
33.232	529.929	478.645
35.321	530.644	476.283
33.802	531.362	478.066
33.233	529.150	478.111
32.767	529.287	477.965
32.798	528.626	478.093
33.090	528.620	479.129
34.039	529.835	477.756
32.963	529.398	477.359
32.985	528.706	478.384
34.490	529.448	476.847
33.096	528.983	477.184
33.923	530.448	478.490
34.645	529.965	476.879
34.088	530.645	477.444
32.885	530.628	477.674
33.960	531.169	478.397
33.691	533.343	477.671
34.797	531.990	477.852
34.311	532.009	476.865
33.413	531.393	477.922
34.792	531.346	477.193
32.405	530.299	478.009
33.492	531.552	477.897
34.739	533.297	475.655
34.247	533.279	476.983
32.111	531.032	479.850
34.068	530.534	478.218
33.831	531.469	478.402
34.345	532.562	477.407
32.744	531.720	478.292
34.321	532.073	477.194
33.941	532.603	478.038
35.021	532.380	476.513
33.721	531.959	478.130
33.437	531.345	478.193
33.817	530.108	478.346
33.501	530.487	479.019
33.794	529.558	478.162
33.890	530.235	477.049
33.897	529.929	477.851
34.128	530.729	476.373
32.770	530.171	478.030
33.047	529.300	478.408
34.677	530.219	476.943
34.294	530.607	476.197
33.922	531.096	477.292
34.757	531.489	475.807
34.644	532.614	476.614
34.406	533.852	477.091
35.925	533.711	476.916
34.917	533.145	476.642
34.645	533.437	477.415
33.466	532.282	478.493
33.353	531.150	479.245
32.970	529.989	478.428
33.668	530.720	478.088
33.690	531.092	478.016
33.975	531.569	478.204
33.622	530.584	478.069
34.621	532.137	477.066
33.548	531.434	477.742
33.283	530.212	478.574
34.921	530.811	476.667
33.530	530.506	477.941
33.386	529.903	477.828
34.073	529.971	477.923
35.377	530.798	476.896
34.592	531.583	476.273
33.690	531.935	476.759
33.677	533.013	477.124
34.237	532.279	477.669
33.336	532.630	478.324
34.668	533.665	478.077
34.493	533.259	477.637
32.614	530.903	478.945
32.964	530.750	479.668
32.654	528.986	480.175
34.131	528.465	478.199
34.145	526.515	477.153
32.560	526.943	478.486
33.594	528.297	478.080
34.077	529.214	476.714
33.116	529.584	477.711
33.589	529.884	478.782
32.890	529.184	478.151
32.948	529.698	478.477
34.310	529.874	478.349
34.845	530.567	477.342
33.499	530.294	477.989
34.018	529.950	476.764
33.324	530.793	477.966
35.017	531.279	477.234
35.029	531.833	475.895
34.443	532.290	476.349
34.208	533.755	476.161
33.930	532.764	476.955
34.163	532.824	477.170
34.473	533.349	476.931
33.944	531.359	477.944
33.362	530.592	479.237
33.758	531.198	478.853
33.111	530.197	479.410
34.077	530.897	478.382
33.055	529.613	479.551
34.713	530.097	477.682
35.198	530.681	476.744
33.820	533.095	476.438
33.390	532.897	478.062
34.212	532.286	478.442
34.245	531.323	477.696
34.229	531.118	478.991
33.949	532.041	478.054
33.777	532.730	478.512
33.832	532.385	479.211
33.903	531.553	478.083
34.196	531.874	478.010
34.105	532.188	476.835
34.812	532.123	476.601
32.837	532.067	477.997
33.893	532.061	479.349
34.696	531.388	476.088
33.791	529.872	478.432
35.040	529.453	476.889
33.913	529.542	476.656
33.371	529.647	478.724
33.326	530.451	478.929
32.890	529.821	478.767
33.852	529.590	479.761
33.686	529.961	477.940
33.423	530.602	479.033
32.629	528.921	479.989
33.777	529.805	479.368
32.801	530.659	479.172
33.390	530.729	478.334
35.017	531.785	477.257
32.118	529.132	478.227
33.887	530.035	477.150
33.927	529.445	478.103
33.335	529.688	476.768
34.209	529.052	477.496
34.282	528.600	476.506
34.339	529.057	476.838
32.000	528.929	478.290
33.267	528.259	478.557
33.289	527.705	478.729
34.161	529.362	478.074
34.096	530.390	478.481
33.039	529.464	478.693
34.244	529.325	478.448
32.076	526.639	480.138
33.765	528.364	479.107
33.547	529.247	476.859
34.353	529.368	476.943
33.032	528.579	478.189
32.879	528.985	479.106
33.706	530.084	477.941
34.606	530.878	477.498
33.631	530.997	477.844
33.418	530.932	479.946
34.034	531.189	478.456
34.281	532.182	478.182
33.491	531.468	478.541
33.669	531.833	478.160
33.441	530.408	478.121
34.130	530.930	476.846
32.881	529.894	478.234
34.193	530.537	477.200
34.412	531.376	476.566
32.566	530.334	479.539
34.997	530.419	478.310
34.341	530.978	477.853
34.237	530.513	476.429
33.594	531.010	476.401
34.243	530.488	477.444
34.407	529.681	476.518
35.037	531.261	476.312
32.736	530.686	477.810
34.664	531.806	476.485
33.840	532.704	478.528
34.221	533.800	478.785
34.969	533.230	476.750
33.857	532.400	477.333
34.646	532.793	475.915
34.958	533.024	476.851
33.386	533.159	478.283
34.152	532.842	478.480
34.309	532.666	478.977
33.377	531.796	479.209
34.099	532.076	477.692
34.981	532.127	477.016
34.350	532.273	475.955
34.515	531.742	476.884
34.093	530.841	477.432
35.153	531.425	476.869
33.744	531.793	477.348
33.768	531.794	477.880
33.471	531.457	478.357
35.664	532.739	476.757
33.595	532.776	477.469
34.115	533.199	478.093
35.375	533.700	476.684
34.116	533.999	476.743
34.115	533.788	478.100
33.051	533.010	478.368
33.836	531.375	477.661
35.318	532.204	476.608
35.427	532.757	477.133
33.326	532.225	478.181
32.696	530.838	480.694
34.776	530.395	479.375
33.423	528.988	479.752
32.734	529.179	481.251
32.523	530.001	480.449
34.150	530.435	477.961
33.941	530.534	478.410
32.580	529.226	480.258
33.680	529.418	478.991
33.945	529.017	477.889
31.365	526.672	479.450
33.193	526.573	479.475
33.435	527.755	478.097
34.097	529.021	477.016
33.738	528.276	477.014
32.871	526.106	478.951
32.467	526.778	479.840
31.841	527.006	481.589
32.760	526.696	480.943
33.151	526.218	480.044
32.218	526.357	479.892
33.391	526.788	479.069
32.227	527.248	480.050
33.247	528.269	479.606
32.752	527.510	479.437
33.280	527.833	478.873
34.295	528.498	478.860
34.017	528.563	478.797
33.652	529.491	478.468
33.603	528.941	477.875
33.870	528.159	477.952
34.045	528.103	477.357
32.331	526.769	479.408
33.766	527.985	478.024
34.190	528.776	477.366
32.590	529.057	477.684
33.561	529.144	478.343
33.660	529.429	477.756
33.452	527.551	478.475
31.502	527.180	480.295
32.848	528.197	478.710
33.418	526.919	479.172
34.013	529.014	479.198
33.567	530.775	477.848
34.562	531.948	477.963
34.334	531.808	478.518
32.721	531.387	479.469
35.191	532.614	477.645
35.458	533.168	477.107
34.582	533.247	477.229
34.032	532.876	476.973
34.344	532.966	477.409
33.785	532.867	477.495
33.697	532.847	477.983
33.930	532.491	477.859
34.427	531.069	477.535
32.861	530.577	479.601
34.682	531.643	478.296
33.222	531.264	479.962
34.905	532.378	478.243
33.112	532.498	478.149
34.138	532.597	478.470
33.143	532.062	478.357
33.995	532.191	479.039
33.470	531.938	479.534
33.822	532.864	477.631
34.547	534.088	476.868
34.983	532.824	477.070
35.121	533.874	476.516
34.788	535.515	476.206
35.148	536.498	475.866
35.014	535.509	476.563
35.401	535.733	476.968
34.616	535.356	476.847
35.546	534.823	476.044
33.922	533.582	477.047
34.929	534.922	476.909
34.748	534.267	476.731
34.300	532.442	477.433
34.893	531.919	477.578
34.740	532.105	476.941
34.313	532.312	477.872
35.591	532.996	477.360
33.784	532.599	478.207
33.976	533.213	479.372
34.658	531.281	478.958
35.567	532.370	477.709
34.368	531.942	478.501
32.990	531.051	478.981
34.337	530.955	478.570
34.350	531.470	479.273
33.816	532.153	478.077
33.921	532.119	478.733
34.186	531.583	479.905
34.809	532.621	478.452
35.178	533.664	476.219
35.452	535.766	475.945
36.361	536.740	475.489
35.041	536.310	475.404
35.996	537.989	474.485
35.499	538.433	474.578
34.447	535.617	476.419
35.346	536.060	475.968
35.809	537.483	474.564
34.470	536.800	477.616
35.005	537.352	476.742
35.334	537.408	476.222
35.520	536.374	475.533
35.128	535.180	475.296
35.036	535.150	476.065
35.359	535.523	476.494
35.810	535.161	475.013
34.605	534.612	475.819
34.718	534.745	476.253
35.860	535.270	475.890
35.556	535.458	475.779
35.335	533.420	475.175
34.279	532.575	476.448
35.163	532.487	476.095
35.703	532.863	475.420
33.873	534.039	476.694
34.354	534.716	477.669
35.708	535.845	476.788
34.737	535.651	476.963
34.967	535.532	476.052
34.849	535.875	475.261
35.265	535.467	475.497
35.247	534.259	475.649
35.229	534.865	476.771
35.080	534.980	476.799
35.348	535.426	476.411
35.246	534.719	476.171
34.471	534.478	475.919
34.566	533.543	477.013
35.768	534.708	476.480
35.738	535.775	475.513
34.588	536.297	476.312
35.070	534.839	476.896
35.496	535.508	476.709
35.276	536.647	476.163
35.597	537.601	475.867
35.572	537.080	476.467
35.559	536.174	475.335
35.848	535.324	475.942
35.018	534.324	476.976
34.400	533.325	476.905
34.171	533.583	477.433
34.823	532.012	477.219
34.285	533.235	477.658
33.814	533.431	478.062
33.648	532.052	477.649
34.289	531.347	478.147
34.704	531.220	477.464
34.539	532.675	476.916
34.524	532.711	477.774
35.212	533.676	478.304
35.009	534.663	478.332
34.233	535.783	476.559
35.637	536.280	476.759
36.036	536.219	476.186
36.571	536.358	475.301
34.066	534.839	476.307
35.151	534.265	476.160
34.328	533.776	476.764
35.590	534.127	476.850
35.050	533.830	476.311
33.465	534.140	478.292
35.033	534.453	477.736
35.187	534.850	477.657
35.307	535.877	477.008
35.383	535.403	476.941
35.323	535.512	476.832
35.128	536.020	476.481
35.028	535.146	476.559
35.844	536.128	476.966
36.352	536.026	476.202
35.065	535.035	476.197
34.484	535.388	476.757
34.130	534.137	476.450
34.879	535.504	476.986
34.781	535.920	477.205
34.874	535.693	477.347
35.440	536.072	476.401
34.688	537.946	476.234
35.243	537.322	475.323
35.093	536.870	475.692
35.846	537.648	475.788
34.585	536.102	476.420
34.676	536.472	475.999
35.408	536.078	475.607
34.991	536.383	475.941
35.110	535.187	476.322
34.636	534.762	476.078
35.269	534.837	475.266
34.915	534.968	475.925
34.976	534.657	476.599
34.439	535.362	476.210
35.173	534.787	476.111
35.154	535.430	476.738
33.676	534.893	477.912
34.273	533.487	477.391
33.848	534.011	478.452
34.464	534.795	478.809
33.514	532.197	478.450
34.738	533.488	478.185
34.189	532.500	478.710
34.472	532.682	479.216
34.539	533.312	478.819
35.106	533.863	476.496
36.422	535.503	474.641
35.325	536.090	475.339
36.108	537.783	474.148
35.270	538.532	474.677
35.752	539.707	474.948
36.748	540.371	474.595
35.686	539.159	475.824
35.783	538.185	476.355
35.978	537.823	475.524
34.975	537.684	476.057
35.241	537.623	475.478
35.341	538.641	475.491
34.969	539.667	474.934
34.824	538.822	474.969
35.060	537.864	475.177
36.467	538.408	474.102
35.467	536.105	473.876
35.074	537.177	475.589
35.240	537.794	476.712
34.668	537.485	476.400
34.729	536.266	476.364
35.962	535.844	475.940
36.026	537.131	476.234
34.913	537.025	476.844
35.381	536.679	477.415
35.417	536.977	476.541
36.251	537.274	475.550
35.510	537.255	475.830
34.478	536.884	476.621
35.291	537.200	477.463
34.319	535.525	477.688
35.676	535.634	476.595
36.084	536.788	474.895
34.084	536.259	477.573
35.044	535.914	476.974
34.790	535.630	477.519
36.371	536.229	476.767
34.929	536.325	476.409
35.405	536.697	475.968
35.705	536.846	476.194
35.031	536.078	477.497
35.281	536.522	477.723
34.958	536.868	476.629
35.713	537.103	476.981
35.255	536.113	477.591
35.232	535.665	477.043
35.569	535.132	475.723
34.015	534.021	477.627
34.065	533.868	479.020
34.997	534.187	478.827
34.942	533.675	478.327
35.550	534.340	477.772
34.558	533.015	479.235
35.653	534.956	477.870
34.837	534.613	477.773
34.456	534.691	478.018
34.788	535.236	477.538
35.094	535.533	477.747
34.932	536.420	476.703
35.291	536.516	477.483
36.100	537.237	476.788
34.813	535.312	476.781
34.595	535.693	477.160
34.642	535.602	476.629
35.576	536.614	476.094
35.384	537.292	475.903
34.090	535.081	476.482
34.638	533.776	476.986
34.186	533.261	477.657
35.105	533.676	477.253
35.836	535.303	476.222
34.152	533.517	477.590
35.388	534.093	477.231
34.402	534.168	478.845
34.664	532.664	479.874
34.650	532.281	480.017
34.765	530.327	479.100
33.005	528.258	479.610
34.060	527.428	479.980
32.498	527.805	480.972
33.387	528.336	480.125
31.680	526.688	479.407
34.635	527.180	477.920
32.862	525.805	481.470
32.086	525.795	481.387
32.868	525.837	480.140
34.690	527.040	477.715
32.739	525.646	478.895
35.057	525.754	477.422
33.545	524.539	478.055
32.005	525.334	480.076
34.410	525.295	478.945
33.614	523.201	479.616
33.543	522.549	478.280
33.576	524.468	476.907
34.110	521.591	476.319
33.460	520.564	476.787
32.356	520.755	478.734
33.214	522.714	477.487
33.221	521.366	477.525
31.130	520.981	479.410
33.037	521.544	479.232
32.302	522.340	480.233
31.535	522.692	480.403
32.759	524.356	480.262
35.095	524.933	477.715
32.399	523.216	478.959
32.360	524.689	479.911
34.222	526.211	477.922
33.669	526.224	478.367
33.167	524.290	479.286
33.300	523.532	479.784
33.558	524.466	478.381
32.341	523.181	479.104
31.324	523.974	480.755
34.278	526.033	479.837
33.345	525.383	479.313
34.251	526.414	479.110
32.013	526.889	481.310
33.704	527.269	479.805
34.206	528.568	479.371
32.472	527.869	480.897
33.573	529.454	480.242
32.686	528.138	480.968
32.861	528.838	481.129
34.020	531.143	479.489
34.148	530.348	479.297
34.205	531.183	478.721
34.484	530.584	478.611
35.380	530.809	478.676
35.041	530.411	479.091
34.677	530.083	478.821
33.466	530.774	479.285
34.808	532.770	479.162
35.220	533.150	478.355
34.123	532.196	479.006
34.944	531.120	478.365
35.199	531.843	478.118
35.309	531.604	477.976
34.897	532.511	478.648
34.970	532.972	478.222
34.813	531.700	478.279
34.280	530.973	479.230
34.803	530.919	478.184
33.778	530.303	478.780
33.468	530.105	478.529
33.599	528.562	479.362
33.416	528.372	479.664
34.014	528.449	480.315
32.554	526.987	481.918
32.726	526.672	480.698
33.695	527.911	479.799
32.913	528.139	481.140
32.642	527.583	480.979
34.316	529.227	480.798
32.713	527.835	481.348
34.581	529.295	478.974
34.251	529.625	479.482
34.964	532.348	478.840
34.049	530.279	479.799
33.577	528.887	480.875
33.683	528.391	480.009
34.552	528.297	479.780
32.871	527.770	480.043
33.686	528.658	479.323
34.890	528.472	479.309
32.153	528.031	481.096
34.393	528.356	479.473
33.626	528.680	479.858
34.157	527.169	480.065
33.671	526.327	480.539
33.656	526.875	479.800
33.485	527.847	479.748
34.168	529.274	479.628
34.200	528.733	480.876
33.408	528.898	479.544
35.106	529.176	478.707
33.982	528.915	479.604
34.176	529.435	480.185
33.372	528.752	481.009
34.824	529.596	480.514
35.775	530.501	479.337
34.329	530.455	479.445
34.355	531.034	478.913
34.967	531.291	478.255
35.035	531.183	478.116
33.944	529.528	478.573
33.618	528.799	479.515
34.333	528.129	479.336
34.288	527.371	479.020
33.060	525.559	479.422
34.483	525.195	478.424
32.630	523.834	479.538
35.025	523.013	478.834
33.868	523.508	477.880
34.059	524.140	479.564
31.734	522.130	481.109
31.814	522.793	481.459
35.629	524.215	479.134
34.521	525.002	479.771
34.642	526.697	476.821
32.943	526.764	480.046
35.636	527.944	478.742
34.568	528.629	480.063
33.671	528.617	480.728
33.688	529.517	480.418
34.453	530.003	479.547
33.783	531.241	480.635
34.130	529.726	480.372
34.571	531.077	479.555
34.486	529.730	479.536
34.805	529.775	479.669
34.466	530.362	480.941
34.422	529.143	479.219
33.644	528.406	480.584
34.440	528.384	479.581
34.519	527.142	479.248
34.215	527.497	479.482
33.287	525.571	480.126
34.300	526.201	479.256
34.148	525.192	479.407
34.522	526.097	478.646
34.504	526.782	478.657
31.875	525.874	481.366
33.656	523.435	480.840
32.613	523.562	480.672
33.921	522.571	479.853
34.485	524.856	478.925
33.714	523.979	479.750
32.820	524.891	480.463
34.086	524.664	479.895
35.132	525.761	479.143
33.416	525.346	479.854
34.861	526.283	478.438
34.304	525.657	477.935
33.091	524.470	479.689
34.337	524.583	477.376
32.493	523.303	479.708
33.235	523.957	480.090
33.900	525.316	480.069
33.212	524.654	479.994
34.611	525.276	479.118
33.842	523.502	478.352
34.736	524.243	477.774
32.475	522.133	479.132
33.344	521.790	478.682
32.172	520.453	478.572
32.549	520.752	478.570
33.328	521.950	479.398
32.495	521.030	479.389
32.626	522.122	479.530
34.336	523.925	478.475
33.956	524.240	478.760
34.054	524.550	479.506
32.727	526.163	480.063
34.690	526.524	479.079
33.684	526.137	479.269
34.827	526.434	478.597
32.517	525.486	479.878
34.202	525.620	478.435
32.745	524.542	481.080
33.198	525.105	482.195
32.383	525.049	480.930
33.328	524.107	479.363
33.355	521.671	478.445
33.775	520.809	478.177
30.969	520.866	480.271
31.687	520.563	479.641
32.464	521.656	479.487
31.035	520.735	480.567
33.270	522.295	479.651
32.679	521.357	479.035
34.322	523.400	478.506
32.774	521.205	479.030
31.171	520.273	480.870
32.126	521.935	479.934
31.345	522.820	481.982
32.915	524.500	481.385
35.156	525.094	477.600
34.814	524.796	477.427
33.031	520.853	479.487
34.828	523.459	478.901
33.470	524.020	479.377
33.573	524.323	478.275
34.283	524.725	478.471
34.334	524.374	478.057
32.102	522.136	480.973
33.235	522.925	479.453
33.639	524.450	477.684
34.528	523.305	478.580
33.649	523.293	478.815
32.412	524.183	481.875
32.415	524.536	481.491
35.816	526.529	478.422
33.799	526.489	479.404
32.664	524.385	480.766
34.670	524.731	479.787
34.377	525.609	478.290
32.881	523.200	479.766
34.685	523.559	477.306
33.905	522.880	479.025
34.087	523.452	479.423
33.271	521.618	479.623
33.853	524.258	478.922
33.855	522.254	478.568
30.001	521.029	481.236
33.970	523.059	479.209
32.512	522.515	480.638
32.339	525.035	480.916
32.645	524.147	480.425
32.720	524.837	480.103
35.103	525.250	478.367
34.553	524.805	479.337
34.519	525.934	479.193
34.216	524.581	479.513
31.917	521.531	480.636
31.073	520.127	482.120
32.647	521.240	480.253
33.455	523.408	479.498
34.178	524.496	480.144
34.123	524.581	478.882
33.848	523.412	479.649
33.183	523.381	479.149
34.246	523.380	479.392
32.754	523.830	481.012
36.360	527.073	477.882
33.346	526.795	479.277
34.991	527.779	478.593
34.946	527.801	479.533
34.741	527.831	479.239
34.448	527.969	479.537
33.677	526.781	480.433
34.119	526.223	479.620
33.553	525.104	479.888
34.043	526.253	478.183
34.073	526.196	478.632
34.586	525.897	478.821
33.631	524.062	479.339
34.421	524.843	479.412
32.762	525.402	480.675
35.133	525.885	479.015
33.886	524.429	479.848
33.827	523.321	480.533
33.542	522.635	478.853
34.147	523.738	478.949
33.199	524.763	481.057
32.335	524.305	480.872
34.166	525.792	479.034
34.090	524.756	478.749
34.492	524.473	478.240
33.140	524.133	479.369
33.183	523.025	481.092
34.499	523.256	480.153
33.549	523.563	479.791
32.007	522.751	480.281
31.339	521.973	480.159
31.667	522.286	481.312
33.025	523.897	479.661
34.624	524.177	479.274
33.465	522.100	480.991
32.077	521.385	480.980
33.056	523.161	480.672
34.792	524.863	478.263
33.666	522.522	479.690
33.647	525.591	480.728
32.141	525.354	482.804
33.586	525.226	481.139
35.668	526.368	478.951
34.762	525.359	478.468
35.359	525.297	478.388
35.965	525.110	477.544
35.595	525.109	478.231
34.272	524.226	479.549
32.904	522.898	479.853
34.925	524.468	477.708
34.843	523.330	478.423
34.040	521.590	479.551
34.587	523.290	480.215
34.541	524.261	478.908
33.997	523.765	479.554
33.472	524.012	480.733
34.625	524.208	480.266
35.125	524.665	479.129
35.399	525.733	478.288
33.270	524.427	479.666
34.832	524.605	478.948
33.244	522.432	479.808
34.055	523.784	478.722
35.148	524.684	478.388
34.348	524.742	479.858
34.614	525.491	479.081
34.553	524.497	478.451
34.563	522.588	478.084
32.918	522.306	480.011
34.205	522.137	480.234
33.991	523.554	479.367
33.923	523.173	480.337
32.322	521.426	479.162
34.984	523.899	478.851
33.263	521.712	480.734
33.897	522.795	480.202
34.441	524.953	479.275
34.618	524.594	480.567
34.442	523.632	480.949
33.265	522.991	479.880
33.394	522.669	479.246
34.983	520.841	478.578
32.691	521.499	481.800
33.112	524.421	481.258
32.553	524.728	480.377
34.715	526.085	479.085
34.675	523.979	480.622
34.662	524.919	479.580
34.457	525.015	478.690
34.080	524.716	479.421
32.729	523.991	479.696
33.785	523.737	480.963
34.617	524.434	480.047
33.865	524.938	477.879
33.064	522.536	479.901
31.267	520.146	483.225
31.073	521.264	482.526
33.856	522.670	480.395
32.698	522.212	481.084
35.037	523.465	478.624
33.667	522.754	480.283
32.568	524.636	479.801
34.925	524.788	479.923
34.854	524.755	478.646
34.812	526.471	479.890
33.771	526.107	480.120
32.920	522.216	481.195
32.837	522.994	480.701
34.201	525.380	478.081
32.559	522.261	481.088
33.430	522.881	482.684
33.262	523.993	480.484
34.280	524.268	479.277
33.804	522.673	479.105
34.360	522.234	480.464
32.727	522.682	482.763
33.513	524.524	480.553
33.053	524.007	481.143
34.940	525.384	479.721
32.594	522.272	481.768
34.682	522.726	480.349
33.808	523.766	480.737
33.657	524.904	480.859
35.192	526.326	480.762
34.296	524.787	481.265
33.921	525.969	480.426
32.616	523.077	480.723
33.754	525.259	481.110
32.687	522.393	481.689
34.416	524.840	480.447
33.791	523.381	479.699
32.893	523.740	481.037
34.004	525.643	480.378
34.499	525.510	478.217
33.775	524.622	478.709
35.224	524.974	479.779
34.970	525.207	479.988
35.727	523.691	479.468
34.421	523.858	479.720
32.922	523.287	480.141
34.284	525.652	480.143
34.045	526.127	480.746
33.446	524.851	482.352
34.203	525.867	480.410
33.510	524.402	481.540
35.535	525.638	479.990
35.280	525.736	479.237
34.042	526.180	480.174
35.144	526.509	479.121
35.002	526.158	478.992
35.414	525.083	478.528
32.583	524.317	481.543
34.066	525.788	481.024
33.607	524.145	481.009
35.014	525.608	479.641
35.771	525.546	479.656
35.355	525.498	479.791
33.686	523.981	479.149
35.021	523.446	479.610
33.333	522.451	480.449
35.584	522.102	478.851
33.502	524.515	480.974
34.152	523.255	479.504
35.754	524.411	479.142
33.265	523.747	480.957
33.054	522.153	480.499
33.698	524.449	481.100
34.151	523.726	480.737
33.243	524.080	481.502
34.192	524.913	480.769
33.803	524.370	481.982
33.666	524.477	481.497
32.093	523.124	481.235
33.810	524.392	481.029
33.700	521.409	479.823
33.575	522.952	480.523
34.350	524.565	480.452
32.523	524.811	481.879
34.678	525.011	481.010
34.395	523.781	480.135
34.205	523.840	480.279
32.500	521.962	481.111
33.452	522.613	481.071
32.601	522.833	481.953
32.184	524.236	482.229
34.793	525.354	479.939
33.557	523.887	480.726
33.790	524.488	481.614
32.930	524.681	482.582
36.122	525.796	480.239
35.353	526.936	480.316
34.464	524.300	480.162
34.030	523.686	479.808
33.976	524.112	479.680
33.923	523.372	480.070
34.638	522.616	479.715
33.680	523.144	480.457
33.351	522.835	481.013
32.889	524.636	483.193
33.561	525.370	482.864
35.509	526.425	480.225
34.854	523.745	478.868
33.120	523.025	482.047
34.250	523.161	479.869
34.561	524.723	480.258
33.686	526.258	481.720
33.497	525.461	483.268
34.755	526.832	480.862
34.020	525.459	481.877
33.152	524.713	481.544
33.153	524.876	481.317
33.241	525.273	482.670
34.697	525.610	481.926
34.141	525.633	481.466
34.483	527.160	479.159
34.828	525.264	478.921
35.855	523.806	478.545
34.958	522.927	479.062
34.162	523.906	480.101
34.279	525.153	479.387
34.552	524.432	480.395
33.268	526.036	481.321
34.654	525.558	480.924
33.929	525.170	480.705
32.892	523.981	481.171
33.680	524.833	480.613
33.318	524.933	481.970
33.104	525.195	482.511
33.742	526.580	482.020
34.647	526.135	480.106
35.204	525.649	479.193
33.003	523.157	481.332
33.122	524.779	482.000
33.821	524.486	482.161
33.274	523.594	481.992
33.322	525.990	482.704
34.914	526.777	480.228
34.156	525.510	480.621
34.857	526.547	479.953
33.729	526.768	480.685
35.853	526.259	480.031
33.807	524.975	479.996
35.191	526.277	480.121
35.040	524.453	480.541
32.618	523.370	480.459
33.459	524.947	480.079
32.726	524.382	482.728
33.942	525.577	481.567
34.861	526.170	481.194
33.776	525.949	481.343
33.661	525.558	480.853
33.813	526.797	481.208
34.950	525.911	480.073
34.910	526.593	481.548
35.675	526.478	480.416
34.554	524.327	480.134
32.867	521.865	482.066
34.392	523.234	480.544
34.169	526.152	480.895
34.418	526.459	480.147
33.639	525.053	481.306
32.213	522.913	483.024
34.841	525.209	480.305
33.763	524.461	479.188
34.490	524.889	479.640
32.294	523.525	481.975
32.792	523.065	482.301
33.595	525.057	481.834
34.223	525.863	481.653
33.278	524.537	481.807
33.540	523.646	481.395
32.850	521.246	481.158
35.453	523.297	479.019
34.667	522.524	479.937
32.336	523.132	482.500
34.183	524.770	481.425
33.997	523.898	480.906
34.478	522.424	480.514
32.084	523.549	483.285
34.560	525.537	480.719
34.951	525.899	480.605
34.894	525.586	481.241
34.930	525.281	479.317
35.640	527.195	480.469
34.221	524.320	479.821
33.499	523.338	481.484
32.901	520.528	482.152
32.798	523.519	481.908
34.096	526.111	481.468
34.927	526.381	479.923
35.155	525.845	479.822
35.084	525.042	481.199
34.345	525.097	481.276
33.762	525.175	481.603
34.746	526.670	481.436
35.320	526.272	481.234
34.743	526.855	481.322
33.979	526.171	481.757
34.207	526.133	481.162
35.374	526.217	480.749
34.792	526.403	480.500
33.698	526.358	481.280
33.577	525.298	480.886
33.546	524.263	481.197
34.267	524.057	481.528
34.710	524.166	481.361
33.482	523.787	480.858
33.302	523.402	480.803
32.822	524.709	482.084
34.625	525.764	480.713
35.680	528.448	480.572
34.395	527.978	479.972
34.985	528.077	480.826
35.286	527.884	480.013
34.849	527.703	479.573
32.755	525.349	481.060
34.028	525.570	480.683
34.399	524.514	479.910
34.586	524.840	480.834
35.645	525.953	480.142
35.547	526.611	479.187
34.630	527.333	481.566
33.272	525.119	483.144
33.664	524.210	481.451
34.052	524.371	480.696
33.780	524.272	481.801
32.770	522.587	483.099
34.818	524.993	481.519
35.465	525.686	481.464
34.568	525.929	480.714
34.782	525.829	480.677
35.559	526.224	480.273
34.772	526.071	480.644
33.587	524.625	482.207
32.241	523.823	482.910
32.992	523.755	481.904
33.842	524.102	482.063
34.800	523.546	480.954
33.240	524.143	481.781
33.982	524.386	480.953
33.591	523.014	481.818
33.776	524.050	481.807
34.773	524.878	480.556
33.832	524.763	481.807
35.625	524.877	480.594
35.071	525.906	481.601
33.472	524.359	483.174
33.367	523.087	481.361
34.170	523.866	482.091
33.603	524.885	482.022
33.410	523.399	481.518
34.431	523.844	481.296
34.865	522.934	480.080
33.919	524.105	480.675
35.183	525.764	480.372
35.535	525.946	480.109
33.335	524.956	482.095
33.473	524.108	482.072
32.296	523.575	482.309
34.004	525.230	482.634
34.434	523.329	481.039
34.275	523.028	480.704
31.374	520.511	483.919
34.831	525.525	480.658
35.184	525.594	480.713
35.820	526.990	480.690
33.446	525.714	483.145
34.297	527.054	481.634
32.736	525.154	484.133
33.693	527.045	482.346
33.771	526.183	482.680
34.703	526.135	481.870
33.241	525.028	482.534
33.608	525.466	482.856
34.840	526.863	481.931
35.113	526.131	481.475
34.311	526.162	480.949
34.364	526.671	482.935
33.276	525.611	482.292
33.037	524.133	482.823
33.660	524.549	481.917
33.789	524.328	482.336
33.548	524.239	480.997
34.090	524.176	481.323
32.563	523.333	482.430
34.249	523.663	480.978
32.695	522.277	482.655
33.219	523.122	482.159
33.030	525.211	483.389
35.611	527.021	481.878
33.731	526.943	481.814
35.160	525.944	481.390
35.273	525.543	480.961
34.818	524.815	482.195
33.975	525.284	482.450
33.631	525.043	483.374
34.361	526.285	482.296
34.364	524.974	481.957
34.066	525.447	482.340
33.900	525.439	482.852
33.811	525.831	483.262
33.725	527.103	484.021
33.612	527.445	483.034
34.572	527.789	482.503
35.467	527.269	481.743
34.445	525.015	481.146
34.942	522.539	481.234
32.605	522.499	482.510
33.906	524.019	483.051
33.931	525.417	482.641
33.726	525.425	480.791
34.081	525.024	482.559
34.459	524.747	482.294
35.432	525.698	480.923
34.029	525.218	481.583
32.996	524.680	482.301
35.497	527.634	481.674
33.840	526.440	483.491
34.869	526.967	482.711
35.280	527.763	481.238
36.014	527.121	480.467
33.674	526.062	483.172
32.735	525.743	483.443
35.128	523.133	480.156
34.723	525.266	480.649
32.832	524.209	483.840
34.276	526.590	482.831
35.056	526.984	481.070
34.708	527.381	482.374
33.473	526.632	484.213
34.689	527.586	483.491
34.401	526.330	482.360
34.546	527.000	482.776
35.883	527.419	481.020
34.651	526.598	482.359
34.186	526.333	482.841
33.238	526.634	484.219
33.297	526.423	483.248
33.890	526.369	482.907
34.903	526.535	482.229
35.193	525.605	481.880
33.585	525.284	483.053
33.968	525.204	483.358
33.928	525.312	483.098
33.948	526.488	482.846
33.910	526.437	483.116
33.845	526.784	483.288
33.139	526.561	482.984
32.042	525.560	484.165
35.516	527.765	482.428
35.502	527.356	481.572
34.599	527.342	482.289
34.170	526.740	482.964
33.238	527.523	484.094
32.986	526.898	484.066
33.845	525.700	483.435
34.014	527.563	483.817
35.665	529.097	481.465
34.385	528.153	481.743
33.723	528.252	483.626
34.525	527.016	483.277
35.423	527.717	481.508
34.476	528.368	483.160
36.222	529.343	481.626
34.562	529.165	482.618
34.684	529.498	483.209
36.216	529.651	481.056
36.037	530.138	481.470
34.023	529.800	482.957
35.160	529.854	483.186
35.893	529.203	481.866
34.676	527.615	481.699
34.366	528.029	482.384
34.844	528.229	483.425
35.761	528.990	481.292
35.350	529.707	482.282
35.510	531.807	483.256
33.231	531.612	484.668
33.442	530.754	483.606
33.870	529.803	484.777
34.859	530.017	485.601
35.368	531.074	484.885
31.761	529.014	485.449
34.875	529.575	483.792
35.692	528.385	483.502
33.114	527.743	484.519
33.739	527.045	484.257
35.450	530.251	482.598
34.684	529.492	483.647
36.017	529.806	483.336
34.455	528.322	482.565
32.736	526.214	483.700
34.144	527.447	483.130
34.026	527.600	483.649
34.610	529.476	484.305
35.568	527.227	483.175
35.341	527.566	481.936
35.537	529.520	483.476
34.524	528.596	482.954
34.742	527.471	482.722
34.647	529.259	483.483
34.978	528.575	482.664
34.363	528.055	483.020
35.305	529.132	482.429
35.042	528.833	481.868
34.037	530.102	483.234
35.518	529.814	483.239
34.376	530.506	484.073
34.890	530.701	483.748
34.640	529.838	483.382
35.841	530.514	482.442
33.567	529.778	483.819
33.393	529.888	485.275
35.603	531.343	484.337
34.755	529.806	483.198
35.002	528.822	482.455
35.281	529.506	482.724
35.053	528.675	483.965
35.233	529.535	482.993
35.233	528.185	482.524
34.250	527.963	483.139
33.973	526.796	483.799
34.840	527.078	482.245
33.739	525.939	482.350
35.241	526.337	482.070
33.646	524.924	483.068
33.223	526.229	484.560
34.716	527.331	482.980
34.348	526.454	483.574
34.495	524.905	482.561
34.230	525.026	482.482
33.556	525.500	483.219
35.482	528.243	482.108
34.964	528.538	481.378
33.575	528.170	482.991
34.720	527.093	483.597
35.006	527.359	483.084
34.936	527.692	483.677
35.118	528.623	483.180
34.032	528.555	483.663
35.964	528.662	483.151
34.688	528.594	484.026
34.895	527.926	482.633
34.843	527.909	482.876
34.746	527.966	482.534
33.802	527.724	483.448
34.726	527.786	484.229
34.601	529.101	484.479
35.884	529.567	482.858
35.870	530.883	481.374
34.504	532.136	482.634
35.273	531.784	483.439
34.901	529.324	482.574
33.912	528.361	483.279
35.135	528.912	483.092
33.757	528.318	484.352
34.058	528.524	483.860
35.000	527.767	483.070
34.242	529.287	482.858
34.703	527.043	483.680
33.751	527.071	484.688
33.957	526.098	483.865
34.239	527.004	483.362
34.578	525.373	481.792
34.035	524.916	483.881
33.447	525.825	484.658
35.017	528.392	483.106
35.663	529.362	482.298
34.532	529.305	483.644
35.267	528.491	483.189
34.819	528.463	482.530
33.522	526.822	483.755
34.345	526.698	484.018
32.609	524.189	484.621
35.176	526.163	483.265
34.657	527.363	481.158
34.771	526.649	481.650
32.766	523.871	484.013
34.416	526.446	483.173
34.235	527.751	483.038
34.515	527.846	483.797
35.236	529.903	482.958
35.701	530.648	482.548
35.671	531.757	483.146
34.477	530.337	483.002
35.007	529.450	483.890
34.387	528.485	484.937
36.462	530.787	483.480
34.479	528.839	483.869
34.028	527.676	485.391
35.302	529.117	482.893
34.760	528.508	482.711
36.247	529.347	482.307
34.733	531.848	483.471
35.047	531.323	483.842
35.217	529.915	484.271
34.713	527.782	483.989
34.066	528.639	483.824
35.428	529.220	482.684
35.410	529.666	483.183
35.244	529.028	482.408
36.316	530.834	482.841
33.234	526.754	483.616
34.628	526.627	484.083
35.244	528.520	484.241
35.350	530.009	483.797
35.045	528.508	483.736
35.988	529.583	482.118
35.410	530.602	483.926
35.405	529.844	483.326
34.457	530.223	484.257
35.545	530.228	484.239
36.007	528.853	482.637
34.716	527.146	482.666
33.909	527.724	484.144
36.379	530.770	482.763
34.851	529.201	483.777
33.540	528.009	485.378
34.247	528.353	484.078
34.723	527.212	485.061
34.855	528.043	485.178
34.365	526.863	484.766
34.885	530.098	483.643
35.002	530.705	484.151
33.692	530.500	486.532
36.176	532.034	484.278
35.252	532.013	484.849
35.279	531.327	485.096
33.859	530.372	485.568
34.758	527.660	484.361
34.855	527.683	483.996
34.447	528.114	483.737
34.494	527.829	484.280
36.191	530.092	483.753
35.777	529.562	484.654
34.720	528.983	483.878
35.014	528.557	483.937
34.355	527.341	484.490
35.870	528.112	483.427
33.791	528.562	482.716
33.362	527.106	485.228
34.356	529.839	485.814
34.239	528.495	485.524
35.186	529.168	484.935
34.031	529.831	485.624
34.544	530.299	485.537
34.873	529.978	484.185
34.696	529.014	483.726
34.726	526.826	483.503
34.476	529.801	483.765
33.594	529.744	485.794
35.003	529.355	484.051
35.321	530.511	484.146
34.734	530.581	484.577
36.500	531.267	483.094
34.433	531.351	484.005
33.442	528.988	485.726
35.430	529.207	484.497
36.685	529.584	482.674
35.004	529.571	483.687
34.939	530.393	483.191
34.260	529.318	484.649
34.665	528.024	485.184
35.214	527.692	482.818
34.486	527.953	483.429
35.216	529.551	482.693
34.881	531.794	485.088
35.246	531.668	484.710
35.491	532.079	484.431
33.999	529.757	485.578
34.226	530.292	486.642
35.651	531.052	485.775
34.813	529.855	484.564
34.261	528.802	484.347
34.655	529.086	484.478
35.162	527.596	483.268
33.859	528.667	485.049
34.643	529.435	484.629
34.460	529.409	484.442
34.878	528.399	484.691
33.810	527.277	485.573
35.168	528.505	484.416
35.684	529.762	483.831
34.203	530.135	485.903
35.603	528.330	484.103
35.369	528.963	483.200
34.564	529.072	484.194
36.257	530.549	483.840
34.407	531.590	485.143
34.818	532.750	485.266
35.211	532.775	483.871
33.971	530.448	484.984
35.082	527.729	484.035
35.724	528.059	482.683
32.990	527.042	484.990
34.398	529.404	484.730
36.297	531.103	484.985
32.940	528.593	485.119
33.962	527.911	484.142
34.733	528.432	483.577
35.632	528.487	484.551
34.685	528.605	485.512
36.092	531.310	484.095
34.689	530.241	484.678
34.885	530.962	484.650
35.512	529.072	484.174
34.334	527.721	484.794
35.693	529.195	483.469
33.624	528.942	484.546
35.392	528.533	484.459
34.373	527.423	484.605
34.078	526.957	484.238
34.913	529.352	484.681
32.873	528.655	486.220
34.269	528.712	486.685
34.005	530.110	485.723
34.326	529.763	485.004
33.771	529.461	485.202
35.692	527.901	483.551
35.006	528.934	484.340
34.354	527.309	483.794
34.026	526.207	484.755
33.463	525.548	485.111
33.649	530.142	486.716
33.416	528.749	486.076
34.977	529.890	485.385
34.253	529.036	484.811
34.413	528.529	485.367
33.595	527.167	486.544
35.233	528.954	485.216
35.847	530.919	484.392
33.579	529.958	485.486
35.171	529.828	485.639
35.476	530.145	485.300
36.273	529.992	483.373
36.263	530.007	482.860
36.200	531.572	483.690
34.835	532.134	484.949
34.639	532.653	485.898
33.951	533.409	487.856
34.447	531.607	486.676
34.797	530.659	485.400
36.201	530.837	484.280
35.774	530.500	483.481
35.053	530.052	484.566
35.371	529.805	483.731
35.595	529.630	483.540
35.922	530.869	483.257
34.890	530.919	484.610
36.792	531.535	483.649
36.391	532.083	484.381
35.172	532.714	484.912
35.002	533.382	483.273
34.936	535.074	484.348
33.873	534.250	486.344
36.053	532.984	484.769
35.893	533.681	483.972
35.512	532.972	483.442
35.820	533.597	484.375
34.204	532.367	485.625
34.976	531.575	485.841
35.780	532.274	484.237
33.990	530.957	486.420
34.612	530.246	486.180
35.672	530.582	484.811
35.066	530.053	484.215
35.191	530.770	483.990
35.466	530.295	484.331
33.992	529.761	485.578
35.383	530.343	485.922
35.078	529.790	483.863
34.189	528.799	483.914
35.151	529.122	484.569
35.145	529.300	485.424
34.321	529.615	485.482
33.778	529.798	485.471
35.070	529.169	485.729
33.876	528.000	486.683
35.301	527.739	484.576
33.522	529.033	486.435
34.880	530.152	486.477
34.184	528.300	485.320
34.918	530.298	484.422
35.454	529.684	483.571
34.000	529.853	486.373
34.669	530.251	486.033
35.882	530.060	484.386
35.115	529.752	485.127
35.410	530.801	485.410
34.964	530.985	484.778
34.920	530.815	484.743
34.228	530.677	486.104
36.239	530.997	484.343
33.771	527.865	484.609
34.889	529.663	484.130
36.393	530.824	483.226
35.211	531.479	484.022
34.518	530.167	484.477
34.607	530.764	485.643
36.075	531.536	485.147
36.086	532.151	483.705
32.946	530.817	486.269
34.417	530.629	485.969
33.929	530.111	486.582
36.046	531.438	484.832
35.255	530.078	483.756
35.212	530.296	484.007
35.432	530.516	483.689
32.859	529.778	487.236
35.242	531.868	485.450
34.998	532.197	485.623
33.823	531.434	487.037
35.307	531.993	486.270
34.808	533.189	486.284
34.713	532.592	486.068
33.770	531.379	486.413
34.140	530.016	486.627
35.509	529.664	485.575
35.544	529.902	484.078
35.102	529.073	484.373
35.702	530.051	484.093
34.272	529.391	485.572
35.358	529.794	484.743
34.780	530.971	486.321
34.595	530.339	485.793
35.758	529.623	484.293
36.081	531.109	484.298
36.142	532.194	484.378
34.604	533.032	486.359
33.725	531.606	486.565
33.907	530.560	486.700
34.809	530.118	486.728
34.002	530.442	486.770
33.833	529.499	486.536
34.129	529.459	486.904
34.582	528.685	485.477
34.496	529.693	486.653
33.709	529.450	486.867
35.444	529.823	485.654
32.726	530.055	487.488
35.862	530.991	484.846
34.807	531.243	485.480
35.338	530.607	485.105
34.712	531.205	486.819
33.825	530.762	486.555
33.785	531.207	487.910
34.532	529.925	486.187
35.242	529.235	485.418
35.940	531.172	484.999
33.720	529.917	485.651
35.993	530.280	485.128
36.769	532.046	485.298
35.191	531.080	484.755
35.798	530.874	484.684
35.305	531.861	485.399
34.331	531.768	486.153
34.363	529.911	486.191
35.121	531.461	486.321
34.640	530.959	486.562
35.087	531.072	485.218
34.039	530.797	486.440
34.627	529.651	485.981
35.671	529.431	484.735
33.376	528.383	486.678
36.065	529.648	484.959
34.878	530.820	486.638
33.935	530.852	487.372
34.226	531.584	486.378
34.702	531.138	485.016
35.483	531.676	485.100
33.384	530.173	487.825
33.547	529.802	487.576
33.783	530.333	487.112
35.300	530.221	484.874
34.127	530.275	487.159
36.052	531.210	484.938
36.541	531.645	484.290
33.912	531.798	485.919
33.599	529.511	487.247
33.413	528.747	488.400
35.927	530.702	486.265
35.227	529.521	485.175
33.522	529.591	486.332
34.497	530.333	486.849
36.453	530.737	485.891
34.828	529.714	485.130
36.873	530.917	483.457
33.208	529.387	486.529
33.729	529.201	487.834
34.945	530.532	486.154
35.071	530.493	485.977
35.035	528.157	484.861
34.437	528.601	484.884
34.566	530.244	486.779
35.082	530.760	486.925
35.499	530.750	485.048
34.565	530.982	485.351
34.549	530.858	485.872
34.992	531.203	486.137
37.461	532.446	483.975
35.873	532.584	484.490
34.145	532.294	485.375
33.201	530.271	486.340
34.085	529.577	486.960
33.386	529.281	487.185
35.647	529.124	484.804
33.952	528.487	486.889
36.288	529.468	485.521
35.117	529.607	486.085
36.794	530.508	483.352
33.677	530.834	485.525
35.875	531.377	485.825
36.821	531.760	484.206
35.484	532.672	485.197
34.288	531.265	486.438
36.510	532.009	484.532
35.458	530.949	485.542
34.975	531.224	485.821
35.842	530.594	485.054
36.111	532.408	484.590
32.556	529.610	488.773
35.601	530.710	485.892
36.757	532.605	484.705
35.846	531.783	485.436
35.791	532.092	485.346
34.472	531.305	486.497
35.708	531.293	485.427
36.025	532.283	485.296
34.878	532.463	485.757
33.590	529.898	487.240
34.545	529.994	486.061
34.457	530.511	486.901
34.128	530.704	486.733
36.559	532.668	485.148
34.181	532.579	486.357
34.929	532.639	486.008
32.639	531.475	488.036
33.238	532.337	489.309
34.391	532.317	488.609
35.358	531.761	487.665
35.120	532.603	487.012
34.833	531.899	486.127
35.632	532.922	486.576
35.024	533.790	488.201
34.107	532.755	488.499
34.137	532.682	487.417
34.306	533.101	488.066
35.520	532.395	486.892
34.896	532.549	486.794
36.384	532.546	485.352
34.093	532.655	486.147
34.989	534.000	486.857
34.308	531.967	488.071
34.879	531.315	487.525
35.555	531.534	487.129
35.074	531.912	488.432
34.608	533.066	486.850
34.453	531.859	487.212
34.739	532.352	487.913
34.667	530.928	487.388
36.372	531.116	485.417
32.892	528.990	486.565
33.297	528.440	487.804
33.531	527.172	488.362
34.289	528.763	487.190
35.496	530.090	486.004
35.464	530.536	485.087
34.609	530.833	486.622
34.144	529.939	487.906
33.133	530.537	488.036
33.710	530.148	487.729
33.545	530.301	487.355
35.392	530.932	486.854
34.466	531.119	487.115
34.374	531.936	487.697
35.532	532.183	486.981
34.513	530.859	487.160
34.238	530.357	486.738
34.418	529.888	487.215
33.873	529.650	486.989
36.100	530.956	486.197
34.532	531.814	487.818
35.207	532.573	486.933
36.173	532.855	485.691
35.557	533.501	486.119
35.001	532.189	486.709
35.100	532.605	487.456
35.520	534.529	486.012
33.784	533.931	487.658
34.072	532.707	487.982
36.251	533.024	486.307
35.611	532.568	485.964
33.661	531.861	487.155
36.620	533.438	486.083
34.593	533.452	488.055
32.550	531.597	489.484
35.546	531.678	487.631
35.015	532.822	488.471
34.512	533.079	488.419
34.633	531.881	488.093
35.701	533.122	486.878
34.835	531.026	486.035
34.041	530.636	487.440
35.507	532.619	486.103
34.070	530.950	486.608
35.628	531.762	486.268
36.018	530.918	485.254
34.779	531.413	486.208
35.973	531.564	485.423
34.706	532.315	487.423
35.705	533.297	486.653
34.708	533.058	488.239
34.335	531.507	488.171
33.999	532.160	487.518
34.601	530.899	488.253
35.160	530.665	487.505
33.289	530.182	488.684
33.531	530.061	488.419
34.276	531.158	489.375
34.611	529.717	487.904
35.167	533.082	488.245
34.427	532.164	487.116
34.993	531.359	486.509
36.044	533.639	486.484
35.039	535.104	487.206
34.564	536.143	488.744
34.720	535.217	489.459
35.517	534.941	488.135
36.208	535.364	486.906
35.407	535.382	487.075
34.860	533.860	487.747
33.763	532.393	488.948
34.379	531.506	488.800
34.366	530.626	487.755
35.709	529.890	486.524
35.655	530.725	487.279
34.958	530.613	485.964
36.260	531.466	485.531
35.625	533.041	487.243
35.287	533.995	487.198
33.353	531.094	488.831
34.494	531.468	488.206
36.587	532.509	485.974
33.959	534.239	488.440
34.944	533.447	487.980
35.151	532.588	487.909
33.573	532.126	489.497
33.415	529.970	490.081
34.548	533.303	489.159
33.369	532.517	490.403
33.993	531.348	489.768
34.864	531.720	489.128
35.811	532.084	487.039
33.801	531.339	485.933
34.688	531.505	487.810
34.136	532.641	489.936
35.086	532.149	488.105
35.247	531.986	486.843
34.503	531.167	487.683
34.507	530.553	488.797
34.371	531.817	489.547
33.709	531.036	488.914
35.855	531.154	487.894
35.813	530.753	487.088
34.834	531.576	487.637
35.247	531.762	487.385
34.450	531.378	487.507
34.542	533.035	487.819
34.821	532.771	489.121
34.611	532.066	488.444
34.642	532.120	488.260
34.819	533.282	488.162
35.576	534.119	487.687
33.251	531.607	489.205
34.661	532.341	488.614
35.791	533.264	489.065
35.635	531.459	487.154
35.209	531.689	487.643
35.533	531.054	488.025
36.282	533.899	487.160
35.761	534.484	487.553
34.187	532.672	489.138
33.283	532.020	490.606
34.782	532.639	489.387
35.539	533.034	487.640
34.998	531.771	486.570
34.146	531.315	488.134
36.489	531.870	486.589
35.296	532.687	486.607
34.236	531.697	487.449
34.571	531.595	488.600
34.685	532.077	488.212
36.312	532.715	486.456
35.550	533.144	486.251
33.826	532.157	487.028
34.651	531.821	487.594
33.737	531.238	489.689
33.318	531.164	490.247
35.464	530.834	487.839
35.902	532.391	486.030
33.481	533.683	489.270
35.757	533.755	488.920
35.457	533.494	489.767
34.873	531.120	488.700
33.937	530.408	488.774
34.504	532.163	489.420
35.291	530.663	487.736
35.171	532.178	487.531
36.003	533.742	487.685
35.426	533.977	487.989
34.664	532.992	489.042
34.702	530.655	489.119
34.104	532.821	488.959
34.237	532.902	489.179
36.366	534.157	487.372
35.331	533.773	487.571
35.107	534.003	488.459
35.646	532.598	488.002
34.861	532.506	488.899
34.199	532.901	490.010
35.731	533.438	489.283
35.586	533.315	488.258
35.384	532.711	487.470
33.276	532.971	488.910
34.358	531.980	489.037
34.880	531.712	489.092
34.084	531.446	490.708
35.593	532.428	488.628
34.558	531.982	489.196
35.593	532.696	489.147
35.671	533.272	488.698
36.019	532.641	487.538
36.009	533.082	488.057
33.865	532.641	488.813
34.633	531.059	489.236
35.673	532.821	487.576
36.118	533.159	486.783
33.417	531.924	490.134
34.952	532.887	489.164
35.139	532.896	488.630
34.997	531.333	487.640
34.543	531.159	486.845
35.469	533.052	487.132
34.926	532.397	487.109
34.549	530.966	488.226
34.414	533.333	488.697
34.999	532.899	488.653
35.782	532.945	487.985
36.583	533.325	486.058
34.027	533.097	488.002
35.103	533.398	489.037
34.981	532.833	488.491
34.852	532.431	488.336
34.902	533.066	489.101
35.279	533.076	488.557
35.760	533.596	488.895
37.270	534.112	486.660
34.029	530.718	488.507
35.143	532.653	489.219
34.975	532.552	488.338
35.992	533.631	487.999
34.477	534.058	488.585
35.091	534.553	489.779
34.313	533.754	489.594
34.267	534.184	488.876
35.487	533.825	489.089
33.350	532.283	491.250
33.123	532.820	490.275
35.140	533.046	489.379
34.334	533.670	490.678
35.610	534.986	490.812
34.124	535.508	491.949
36.242	535.730	489.933
35.138	535.013	489.884
34.432	535.352	490.328
35.727	534.563	488.814
35.116	535.089	488.977
34.818	535.174	490.105
33.891	532.240	490.372
35.339	532.013	489.978
34.174	531.233	490.217
35.063	532.691	488.643
35.898	533.453	487.477
35.931	533.124	486.860
34.285	532.025	487.840
34.257	532.406	489.936
36.421	533.916	487.491
36.318	534.549	486.710
34.186	535.624	488.673
35.017	535.280	490.123
35.387	533.423	489.077
35.635	532.781	488.908
35.537	533.950	488.880
37.692	534.809	487.381
34.777	534.633	488.722
34.393	532.754	489.465
34.754	532.242	488.677
34.543	532.089	488.803
33.762	531.071	489.511
35.283	531.300	488.321
35.428	533.205	486.836
34.484	533.425	488.314
35.367	532.025	487.594
35.860	534.100	486.984
34.069	533.428	489.990
35.758	534.175	488.511
36.079	534.783	488.485
36.096	536.152	487.940
35.661	535.420	488.477
36.021	534.574	487.861
34.716	534.125	489.536
35.620	534.914	489.900
34.773	534.679	489.981
34.722	534.355	490.291
34.388	532.903	491.232
32.099	532.435	491.987
34.892	533.518	490.001
34.294	533.955	490.219
36.031	534.672	488.298
35.206	534.812	488.223
34.938	533.589	488.546
35.877	533.241	489.069
36.448	535.302	487.532
35.579	533.547	488.755
34.303	534.940	490.092
33.212	532.176	491.559
34.700	533.191	491.034
33.602	534.504	492.203
35.277	533.905	490.220
34.915	536.021	490.337
33.949	535.162	490.176
34.515	536.441	490.935
35.312	536.059	490.417
35.178	534.985	489.190
33.612	533.348	491.196
35.951	534.268	488.935
34.274	534.505	490.326
34.854	534.628	490.371
33.058	532.982	491.220
36.099	534.336	489.450
34.003	532.867	490.436
34.567	532.635	490.139
35.646	534.819	488.949
36.103	536.365	487.135
34.570	538.063	489.081
34.578	536.279	488.893
34.291	534.486	491.245
34.758	534.638	489.437
36.374	535.579	487.994
35.023	535.793	489.630
36.015	535.883	489.281
34.851	535.067	489.473
33.553	533.267	490.293
34.563	532.047	490.016
35.550	533.638	489.071
34.591	534.100	490.445
35.055	534.164	489.441
34.803	532.245	489.092
34.376	531.435	489.297
34.203	530.769	490.614
35.210	532.180	490.080
34.973	534.417	489.578
34.585	532.488	489.877
36.256	534.312	488.627
34.688	534.548	489.573
35.438	535.583	491.108
34.854	534.976	491.699
33.620	533.562	493.542
35.218	534.897	491.947
34.391	536.070	491.025
35.444	535.385	490.301
36.524	535.491	488.573
34.182	534.364	491.256
35.210	534.879	490.887
34.735	534.686	490.975
35.585	533.823	490.883
34.029	534.638	491.303
33.739	533.498	491.385
35.750	534.271	489.841
35.811	535.646	488.934
35.327	535.485	489.279
34.279	535.175	490.264
36.002	534.640	491.046
34.984	535.780	492.255
35.269	535.480	491.852
34.844	535.363	491.604
34.417	535.626	492.282
36.225	536.591	492.370
35.416	537.092	490.304
36.585	535.919	488.423
35.407	536.598	489.294
35.600	535.593	488.541
35.316	534.615	489.370
35.209	534.089	490.186
34.860	532.955	489.324
34.980	533.705	490.815
36.116	534.876	489.440
33.879	534.404	492.126
35.179	535.079	490.271
36.906	534.700	488.691
34.433	535.046	490.235
34.162	532.957	491.358
34.474	533.167	491.804
33.226	531.615	492.153
34.723	534.111	491.485
34.031	535.017	491.930
34.816	535.136	491.285
34.721	534.431	491.101
34.543	534.052	490.741
35.606	535.670	491.018
35.592	535.563	491.215
34.356	534.693	491.273
36.572	536.609	490.453
32.897	534.183	492.181
34.359	534.448	491.840
34.487	535.624	490.471
34.717	534.222	489.760
34.330	533.617	490.844
35.522	533.643	489.588
34.360	532.244	490.089
34.590	531.672	490.439
34.743	533.264	490.494
35.375	533.213	489.262
34.754	533.197	490.258
33.260	530.222	490.653
35.670	533.665	489.181
35.569	535.415	489.697
34.508	533.392	490.465
35.318	533.419	489.814
34.318	532.231	491.262
35.411	533.261	490.573
35.054	534.996	491.197
36.863	535.277	490.009
35.749	536.182	489.392
35.237	537.174	490.080
36.620	537.007	489.806
37.461	537.994	489.071
33.147	535.959	491.814
36.856	536.491	489.806
34.652	533.593	490.356
35.448	533.740	490.369
34.832	534.593	491.085
36.170	536.119	489.693
34.177	534.126	491.325
35.347	534.137	489.957
35.195	534.371	489.815
35.155	533.619	490.142
34.170	533.426	490.602
35.025	532.816	490.437
35.947	535.174	489.234
34.877	534.389	490.327
34.391	532.975	490.531
33.646	532.185	491.421
36.990	533.482	489.347
33.998	534.380	490.417
34.827	534.128	490.557
35.719	534.195	489.642
33.495	533.820	491.083
35.268	534.854	491.575
34.950	535.363	491.197
35.147	534.688	492.049
36.238	536.227	490.315
34.724	535.563	491.993
35.933	535.660	491.582
37.001	535.689	489.682
34.770	535.615	489.586
35.987	536.575	490.300
36.443	536.165	489.493
36.059	535.925	488.897
36.016	536.505	488.782
36.370	537.699	488.826
34.830	536.818	490.697
34.483	536.301	491.964
33.490	536.120	494.532
36.953	537.908	491.663
35.692	537.745	491.583
35.248	537.475	491.665
34.548	536.334	492.508
35.496	538.185	491.202
34.846	536.999	491.023
35.731	536.351	490.034
33.836	534.364	491.862
33.705	533.755	491.878
34.502	535.225	492.039
35.006	535.929	492.833
34.587	535.235	491.778
34.608	534.430	491.580
34.020	533.030	491.784
33.539	533.015	493.634
35.692	535.914	490.418
33.636	534.331	491.227
34.555	534.724	491.991
34.838	534.065	492.144
34.977	535.837	491.921
36.745	535.474	489.340
37.131	535.743	487.845
34.165	536.140	491.031
35.257	535.238	491.118
35.117	533.413	490.868
34.973	533.101	489.849
36.652	534.125	488.361
34.415	532.460	490.205
33.914	533.863	492.056
35.945	535.568	490.761
36.454	536.101	489.809
35.520	535.287	490.320
35.577	535.778	490.549
34.833	536.032	490.496
37.180	536.544	488.966
34.464	535.496	490.476
34.757	533.881	491.614
33.039	535.531	494.251
36.406	536.936	491.381
33.992	535.787	492.403
33.815	534.805	494.553
34.991	536.699	493.153
34.478	536.479	492.986
36.485	536.127	490.823
34.963	535.332	491.543
34.998	536.192	492.666
35.460	535.279	491.616
34.713	535.852	491.867
36.311	536.471	492.053
33.998	535.985	491.833
34.063	535.247	492.772
34.486	538.153	493.942
34.829	538.037	492.924
35.709	539.953	490.909
35.629	539.868	492.622
35.024	538.216	493.353
33.753	539.623	493.365
35.081	540.497	492.724
35.119	539.601	493.667
36.230	540.300	492.041
36.064	541.907	491.105
32.493	539.654	494.060
34.723	540.343	493.915
33.507	538.186	494.970
34.453	538.324	493.940
34.622	536.473	492.791
35.380	535.434	492.706
33.628	534.592	493.425
34.332	536.453	492.767
35.851	536.390	492.073
33.768	535.543	493.722
35.395	536.788	493.060
34.265	537.789	492.614
35.751	538.755	491.923
34.853	538.707	493.171
33.131	538.139	494.953
35.660	538.570	493.936
35.176	540.889	493.656
35.501	542.803	491.835
36.474	544.264	491.461
34.601	546.186	492.531
34.672	547.313	494.055
35.161	549.073	495.397
34.424	548.018	496.485
33.616	547.688	498.169
34.161	548.799	497.322
34.806	548.692	496.877
33.633	550.040	497.854
32.842	548.667	499.607
33.176	547.871	500.367
33.410	548.161	498.399
34.344	547.853	498.715
34.702	550.104	497.509
33.343	551.351	497.539
34.268	552.142	497.727
33.856	551.636	496.795
34.283	550.185	496.005
33.449	548.691	498.392
34.645	550.453	497.650
34.064	549.334	496.297
34.868	549.713	494.894
35.225	550.207	494.743
35.100	550.264	496.018
34.759	549.952	495.000
34.021	548.726	496.408
33.468	546.718	498.642
34.758	547.769	497.632
34.194	548.741	497.443
34.455	549.675	497.049
34.703	551.292	496.426
35.077	552.505	495.691
33.951	551.831	498.167
34.869	551.807	496.929
34.873	552.962	497.090
35.609	555.369	494.627
33.825	553.306	496.206
34.212	553.938	495.558
34.645	552.793	495.875
35.158	552.507	496.433
36.188	554.836	495.596
34.568	554.612	495.812
36.170	556.557	494.518
35.618	556.016	494.943
33.913	554.441	496.823
36.090	554.155	496.531
34.422	551.345	496.461
32.575	549.094	497.843
34.081	549.285	498.192
33.403	548.026	497.623
34.477	548.888	497.504
34.115	548.463	497.752
33.723	549.702	496.528
34.137	549.490	498.763
33.285	547.979	498.263
33.918	547.682	497.904
32.373	547.184	499.904
32.726	547.852	498.805
33.654	548.427	497.719
34.203	547.408	498.369
34.100	547.250	497.493
34.743	547.958	496.209
33.564	547.030	496.014
33.460	547.330	498.168
33.014	547.543	497.759
34.189	548.176	497.235
31.835	546.122	498.773
34.736	546.030	497.233
32.552	546.319	499.086
33.534	546.471	498.536
32.692	546.147	499.523
34.041	547.366	498.850
33.702	544.859	498.389
33.438	545.641	496.669
33.422	547.482	497.138
34.696	548.956	496.507
33.285	548.994	499.256
33.985	548.796	498.507
33.806	549.585	498.923
33.931	550.709	499.378
33.848	550.626	499.134
32.824	547.486	499.706
33.378	546.197	500.028
33.912	546.832	499.310
34.284	547.960	497.144
34.839	548.989	496.356
33.714	547.278	497.373
31.697	546.747	500.406
31.384	544.941	501.204
33.964	546.694	499.452
32.444	544.440	499.072
33.912	543.826	498.899
34.424	543.565	496.666
34.632	546.187	496.018
33.127	545.601	497.493
31.999	544.968	499.957
33.995	546.432	498.984
33.247	545.821	499.344
34.341	546.557	498.251
32.333	545.856	500.154
33.848	546.227	498.548
31.908	545.746	499.146
32.975	546.465	498.105
32.200	545.357	500.033
33.273	544.125	498.879
33.968	544.593	497.352
34.149	545.018	497.561
33.532	545.451	498.470
32.939	544.270	498.047
33.547	544.662	498.777
32.728	545.809	499.072
33.016	544.760	498.738
34.312	546.087	496.940
34.200	546.819	497.801
34.290	547.525	496.984
35.052	549.182	496.863
34.246	548.961	496.596
34.956	549.998	497.737
33.537	551.192	497.363
35.145	551.469	497.128
35.513	550.558	495.681
34.982	552.471	496.170
36.465	553.432	494.608
35.280	552.711	495.098
34.630	553.711	494.965
34.145	553.418	496.009
36.057	554.233	495.775
36.800	558.126	494.214
35.349	558.569	494.785
35.683	558.136	495.798
35.468	557.439	495.754
33.810	556.198	495.944
35.367	555.562	496.495
36.182	557.053	496.017
35.023	557.146	495.965
34.061	556.254	497.372
34.678	553.796	498.233
34.121	552.994	498.392
34.737	553.382	496.204
36.281	555.259	494.744
35.632	555.062	495.293
35.835	557.456	494.997
35.572	557.494	496.000
34.775	555.512	497.934
35.352	556.625	497.224
35.149	556.526	496.774
35.451	556.990	497.192
35.232	557.474	496.461
35.790	557.172	495.487
35.053	556.420	495.193
34.848	554.734	495.956
35.106	554.475	496.072
35.443	554.785	496.411
35.532	554.013	495.574
35.446	553.732	494.967
37.307	556.134	493.667
35.639	556.258	494.677
35.003	556.029	495.087
35.669	556.282	495.339
34.807	556.298	495.481
35.716	556.117	495.787
36.363	558.059	495.202
35.348	559.438	496.325
35.108	556.634	496.508
35.094	557.471	497.113
34.373	554.933	497.880
34.252	554.777	497.892
34.815	555.492	497.309
34.585	555.866	497.617
34.904	556.581	497.771
34.168	557.593	498.173
33.305	555.963	498.320
34.521	556.136	497.446
35.165	554.871	497.356
35.377	557.220	496.569
35.371	555.957	496.675
34.525	554.377	497.599
33.845	554.694	498.661
35.346	555.062	498.418
34.572	555.092	498.709
33.676	555.733	499.301
34.204	555.793	498.258
34.704	556.561	497.462
35.550	557.044	496.355
35.263	558.005	496.625
35.524	559.131	497.346
35.135	558.099	495.518
35.520	559.240	495.863
34.920	558.268	496.191
34.702	557.703	496.894
36.343	559.178	496.433
35.790	559.126	495.603
36.332	560.338	496.111
35.565	560.938	497.486
34.782	558.708	498.265
35.366	557.915	497.196
34.582	556.118	498.473
35.437	555.297	497.318
34.607	555.806	497.815
35.113	557.103	497.765
36.071	557.887	496.786
34.773	557.977	497.610
34.972	556.330	498.623
33.882	554.489	498.949
35.366	553.068	498.143
34.872	551.552	497.807
35.445	551.905	497.838
33.893	553.116	498.546
34.836	553.868	498.523
34.113	552.611	499.066
35.261	555.997	498.577
34.694	556.596	498.955
35.574	558.411	498.357
35.289	556.904	498.316
35.561	555.304	497.562
34.693	554.624	497.856
35.739	555.709	498.246
35.889	557.512	495.879
35.584	558.235	495.314
34.644	558.712	496.048
34.507	558.779	496.860
35.204	557.619	496.929
36.039	560.118	497.571
35.188	559.668	498.515
34.699	559.323	499.166
34.669	557.197	498.917
34.707	555.803	498.974
33.920	555.349	500.415
35.180	555.177	498.584
34.726	553.045	498.685
34.023	553.839	499.848
35.141	554.787	500.333
33.576	555.301	499.571
35.226	555.630	498.974
34.615	554.682	498.060
35.258	553.217	499.411
34.044	552.058	500.258
32.335	551.994	499.353
34.368	552.318	499.187
35.646	551.689	499.112
35.166	552.264	499.900
33.734	554.022	500.445
32.155	553.714	501.329
33.110	553.305	501.453
32.927	551.675	502.205
33.845	551.164	501.177
33.598	551.968	499.542
33.262	550.375	501.038
33.368	550.527	499.886
33.147	550.308	500.096
34.788	551.569	498.269
34.535	552.490	498.433
34.383	551.943	498.183
36.516	553.606	496.826
34.656	554.481	498.570
35.224	555.533	498.294
35.640	556.089	496.796
35.336	556.453	497.094
35.417	556.740	498.670
34.936	558.190	498.977
34.043	557.607	499.417
35.002	556.175	499.018
35.495	556.546	500.193
36.021	556.890	498.812
34.886	555.674	499.744
33.656	555.837	498.577
34.338	554.409	498.478
35.738	555.548	498.608
35.644	555.547	497.989
34.745	557.122	497.365
34.857	557.376	497.598
35.269	555.996	497.593
35.099	557.387	498.310
35.463	558.345	497.445
35.966	558.307	496.806
36.633	558.647	496.708
35.758	558.495	496.973
35.331	557.857	497.056
35.828	557.440	495.856
36.133	557.881	496.542
34.776	557.713	497.944
35.217	557.329	498.025
35.083	557.484	498.057
36.638	557.268	497.628
34.916	556.185	497.806
35.406	556.050	497.840
35.053	555.509	497.922
35.320	555.081	498.437
33.986	554.419	499.900
35.433	554.728	500.156
35.051	556.042	498.757
34.825	555.621	498.672
34.566	555.518	499.440
35.391	555.130	500.448
34.143	555.849	500.507
34.306	555.664	501.993
34.464	554.825	501.265
34.098	554.301	500.930
33.789	553.955	501.221
34.220	555.652	500.013
34.642	555.301	499.502
33.546	554.022	500.325
33.771	551.365	499.348
34.066	551.145	499.258
34.786	550.365	497.334
35.268	552.840	497.030
35.912	554.165	496.340
35.825	554.367	495.642
36.546	556.882	495.062
35.255	557.216	496.085
35.571	557.552	497.205
35.168	556.740	497.141
34.632	557.305	497.424
36.055	558.267	496.283
35.090	557.830	497.569
34.877	559.223	497.928
36.164	559.574	497.818
35.496	559.524	498.011
35.410	559.578	498.129
34.992	559.195	499.192
35.971	558.398	498.824
34.545	556.544	499.243
34.542	557.578	498.764
34.025	557.318	500.167
35.820	555.992	498.807
35.484	555.915	498.472
35.344	556.143	497.955
33.939	555.339	498.873
34.586	554.896	499.623
35.041	554.416	500.032
35.704	555.831	499.192
35.339	555.386	498.747
32.726	554.185	501.767
34.373	553.336	500.258
33.956	554.152	500.559
35.913	554.876	499.521
35.159	556.196	499.113
33.936	556.385	498.826
35.356	556.041	499.140
34.660	556.037	500.023
34.416	556.253	499.339
32.125	556.302	501.343
34.361	553.645	501.256
35.546	552.688	500.671
