36.371	737.970	544.349
35.865	738.662	543.139
36.007	738.998	544.636
36.913	739.272	544.728
36.644	739.201	544.614
36.767	739.845	544.964
36.171	740.215	544.323
36.706	738.796	544.730
35.690	738.108	544.366
36.247	738.808	542.406
36.533	738.404	542.282
36.283	737.442	542.303
35.851	736.449	541.530
36.428	736.352	541.434
36.482	736.211	541.543
36.091	736.304	542.503
36.446	736.640	542.609
36.612	736.960	543.666
35.845	736.709	544.174
36.504	736.405	545.184
35.664	736.258	545.251
35.811	735.382	546.742
36.499	734.168	547.645
35.930	734.387	547.646
35.941	733.667	547.800
36.130	734.612	547.467
36.345	735.646	545.632
36.435	737.471	543.932
36.324	737.893	542.838
36.453	736.928	543.225
36.462	736.473	543.022
36.621	736.080	543.092
36.067	736.886	541.866
36.124	736.237	541.282
36.355	735.417	541.085
36.309	735.237	540.790
36.340	735.398	540.977
36.145	734.693	541.918
36.149	734.089	543.149
36.166	735.267	543.275
36.338	734.849	543.436
36.397	735.250	543.295
36.241	735.141	542.686
36.056	734.648	543.717
35.781	734.976	544.524
36.235	735.512	544.230
36.420	735.995	544.087
36.284	736.362	543.553
35.724	736.128	543.813
36.444	736.726	544.010
36.264	737.005	544.176
35.876	736.246	544.647
36.536	735.269	545.879
35.981	735.250	545.760
36.417	735.789	544.865
36.167	735.998	544.326
36.202	736.090	543.812
36.099	735.865	543.596
37.041	735.174	544.439
36.012	735.781	544.388
36.565	737.117	543.335
36.794	736.650	543.099
36.260	736.005	543.912
36.579	736.580	543.979
36.094	737.228	544.690
36.023	738.030	545.195
36.452	737.113	545.505
35.981	737.800	545.361
36.084	738.240	544.859
36.456	738.568	544.913
36.681	738.160	545.243
36.430	737.622	544.945
36.380	737.582	544.122
36.694	737.561	543.743
36.318	737.570	544.469
36.258	738.312	543.502
36.005	738.268	543.107
36.114	738.053	542.776
35.975	737.761	542.883
35.442	737.318	543.713
35.897	736.150	545.606
36.167	736.784	545.005
36.706	737.037	544.518
36.498	737.110	544.107
36.100	736.753	542.908
36.149	737.586	542.973
36.190	737.932	543.666
35.763	738.484	543.503
36.345	736.719	544.442
35.886	736.564	545.237
36.011	737.208	545.453
35.677	736.751	546.062
36.645	737.319	545.899
35.990	737.228	545.725
35.597	737.706	545.891
35.772	737.321	545.577
36.147	737.539	544.757
36.771	738.000	544.700
36.343	737.777	545.477
36.308	737.734	545.688
36.523	737.919	546.512
36.524	738.128	546.768
36.666	738.083	546.761
36.445	737.413	546.742
35.881	736.734	546.652
35.026	736.840	547.688
35.625	736.001	548.796
35.865	736.405	548.831
36.116	735.713	549.196
35.735	736.033	548.467
36.282	735.866	548.084
36.379	736.464	548.218
35.916	736.448	546.782
36.388	736.975	546.107
36.151	736.359	546.114
36.074	734.762	545.914
36.215	735.707	545.932
36.178	736.754	545.886
36.306	736.383	546.435
35.955	737.012	545.087
36.168	737.801	545.473
36.763	737.300	546.353
36.131	736.722	546.542
35.878	737.416	546.071
36.556	736.944	546.117
35.858	736.275	545.983
36.259	736.173	545.724
36.064	736.042	545.542
36.477	735.675	545.632
36.836	736.298	545.652
36.144	736.734	545.292
36.365	737.510	543.006
36.354	737.502	542.729
36.136	737.616	543.684
36.602	737.451	543.426
36.146	738.089	542.064
36.495	737.912	542.010
36.761	737.295	543.050
36.042	735.615	544.076
35.859	735.139	545.053
35.945	736.083	544.391
36.009	735.888	543.820
35.849	735.396	544.746
35.835	733.953	545.954
35.733	733.969	546.187
35.561	733.312	546.862
36.047	734.346	545.670
36.230	734.511	545.584
35.891	735.155	546.367
36.575	735.722	545.720
36.410	735.892	546.966
36.146	736.282	547.545
35.976	736.315	546.854
36.295	736.399	545.924
36.475	736.054	546.416
35.710	736.079	546.262
36.439	736.877	546.369
36.037	738.167	544.649
36.536	737.510	545.353
35.861	738.464	543.799
35.613	737.354	543.947
36.544	736.935	543.290
36.682	736.601	543.687
36.125	737.172	544.042
35.981	737.732	542.498
36.536	737.742	541.459
36.130	737.451	541.659
36.206	737.156	542.831
36.529	737.373	543.494
36.374	737.268	543.245
35.761	738.235	543.051
36.145	738.257	543.954
36.350	737.449	544.411
35.197	735.685	545.387
36.150	735.773	545.138
36.429	735.610	545.298
36.361	736.582	544.777
36.283	736.178	545.187
36.157	735.526	545.142
36.392	735.512	545.863
36.196	736.934	545.351
36.202	737.625	543.746
36.116	738.303	543.343
36.556	737.284	543.873
35.801	737.055	545.137
36.018	738.298	544.304
36.625	738.198	544.388
35.649	737.970	543.411
36.170	736.513	543.154
35.904	736.962	543.085
36.103	736.799	543.040
36.277	737.118	543.452
36.355	737.049	543.578
36.099	736.800	544.901
36.149	736.889	544.561
36.225	737.646	544.044
36.089	737.931	543.109
36.013	737.852	543.740
36.341	737.162	544.480
36.318	736.427	544.886
36.239	736.672	543.829
36.731	737.563	543.386
35.805	737.620	543.852
36.163	738.025	543.974
36.081	738.019	544.292
36.166	736.661	544.746
35.880	736.392	545.776
35.854	735.878	546.791
36.493	735.501	546.830
35.944	735.873	547.127
36.260	735.696	547.978
36.364	736.897	547.280
36.428	737.773	546.145
35.932	737.217	546.795
36.205	736.820	547.309
36.458	736.766	547.536
36.231	737.420	546.180
35.938	736.526	545.548
35.720	736.133	547.474
36.093	735.506	547.341
35.482	734.159	547.964
36.195	733.888	548.239
36.407	735.561	547.001
36.654	736.480	546.354
36.666	737.049	545.104
36.395	737.098	545.597
35.932	737.291	546.364
36.089	737.436	545.753
36.138	736.397	546.511
36.074	736.248	546.798
35.834	735.622	546.880
34.725	737.007	545.556
34.717	737.666	544.656
34.943	737.647	545.253
34.532	737.212	545.649
34.186	737.320	545.084
35.609	736.864	544.070
35.804	736.315	543.840
36.296	735.207	545.131
35.671	734.881	545.585
36.096	734.708	546.546
36.144	735.722	545.955
36.371	736.239	545.325
36.625	736.432	544.422
35.992	736.617	544.389
35.396	736.861	544.843
36.101	737.018	544.864
36.101	738.210	544.396
36.094	737.756	544.877
36.036	738.227	545.914
36.704	737.838	546.660
36.758	737.874	546.389
36.663	738.932	545.309
36.696	738.758	544.616
36.074	738.281	545.208
36.294	737.837	545.552
36.506	737.795	546.481
36.208	737.952	546.032
36.172	737.980	546.473
36.373	738.191	545.535
36.403	738.613	545.270
36.445	737.669	545.817
35.874	737.397	546.374
35.872	736.521	547.248
35.891	735.974	548.183
35.685	736.565	547.737
36.154	737.779	547.255
36.344	737.979	546.623
36.163	737.963	546.364
36.266	737.841	545.593
36.316	737.693	545.862
36.451	739.184	545.309
36.044	739.255	544.427
36.587	737.653	545.161
36.536	738.768	544.432
36.704	738.706	543.894
36.231	737.909	544.185
36.187	736.990	544.132
36.127	736.781	543.947
36.296	736.658	543.644
36.292	735.469	545.169
36.277	736.002	544.312
35.998	736.452	543.869
35.843	735.879	543.342
36.114	736.532	543.486
36.426	736.312	543.975
36.015	736.063	544.605
36.151	736.090	545.382
35.849	736.118	545.137
35.701	735.678	546.315
35.743	735.795	546.497
35.681	736.207	546.731
35.831	736.225	547.183
36.182	735.771	547.109
36.482	735.424	547.088
36.838	735.351	546.824
35.901	735.495	547.162
35.567	735.000	548.186
36.369	735.738	548.208
36.300	736.721	547.443
35.491	737.855	546.180
36.301	739.075	545.532
36.677	738.965	545.073
36.607	738.839	543.957
36.538	738.539	544.449
36.563	739.137	544.499
36.279	738.817	544.418
36.730	738.376	544.943
36.146	737.840	544.788
36.460	737.239	545.350
36.439	736.818	544.289
35.583	736.196	544.033
36.396	735.896	544.108
36.252	736.240	543.677
36.696	735.409	545.236
35.503	735.421	545.224
35.108	734.708	545.789
36.129	733.999	547.115
35.325	734.055	547.371
36.558	735.409	545.446
36.264	736.144	544.021
36.322	735.967	543.974
36.053	735.230	545.306
36.191	735.957	544.403
35.972	735.305	545.229
36.018	735.492	544.672
36.328	736.230	544.738
36.044	737.411	544.520
36.131	737.764	544.953
36.073	738.039	544.907
36.337	737.234	545.564
36.660	736.927	546.148
36.900	737.359	545.063
36.162	737.619	544.048
36.471	738.844	542.955
36.643	739.421	542.519
36.422	738.455	543.607
36.688	738.053	544.026
36.204	737.414	543.874
36.184	736.358	545.274
36.562	735.823	545.107
36.093	736.507	545.263
35.997	737.671	544.219
36.370	738.245	543.399
36.327	738.054	542.770
36.764	736.760	543.819
36.833	736.574	543.807
36.437	737.438	543.651
36.202	737.089	543.628
36.489	737.646	543.175
36.178	737.490	544.290
36.301	736.854	543.527
36.660	736.246	545.218
35.981	736.235	544.665
36.236	737.376	544.502
36.208	736.604	546.464
36.317	737.537	545.100
36.027	737.884	545.671
35.747	737.842	546.933
36.020	737.580	547.332
36.393	737.787	547.874
36.229	739.133	546.829
36.256	738.670	546.915
36.172	738.369	547.002
36.551	737.529	546.839
36.459	738.032	547.779
36.204	738.001	547.940
36.273	738.289	547.373
36.455	739.188	546.302
36.448	737.749	545.878
36.438	738.383	544.162
35.999	737.254	544.991
35.935	737.773	544.503
36.329	738.418	544.459
36.226	738.462	543.756
36.359	737.921	543.901
36.201	736.581	544.676
35.846	737.618	544.308
36.430	737.737	543.907
36.426	737.171	543.775
36.536	736.088	544.136
36.076	736.269	543.523
36.053	737.052	542.172
36.181	736.039	541.916
35.646	736.020	541.169
36.297	736.270	540.434
36.572	735.717	540.866
36.616	736.144	541.471
36.061	736.102	541.862
36.727	736.008	542.979
36.254	736.253	543.863
35.872	736.335	544.229
35.996	736.456	543.612
35.817	736.185	545.059
35.483	735.270	546.875
36.150	736.072	546.313
36.387	737.054	544.783
36.162	737.722	543.545
36.698	737.753	543.252
36.282	737.578	542.871
36.222	737.106	543.871
36.055	737.880	543.078
36.776	738.199	542.820
36.077	738.101	542.745
36.439	738.218	542.910
36.395	737.634	542.772
36.596	737.677	543.095
36.401	738.077	542.824
36.230	738.449	541.773
36.241	738.003	541.998
35.674	737.832	540.938
36.212	737.088	541.606
36.149	736.283	543.327
35.416	735.147	545.179
36.263	735.332	545.442
35.880	735.434	545.472
35.748	734.925	545.792
36.622	736.200	545.011
36.111	734.548	545.208
35.975	734.935	545.063
36.243	735.187	545.535
36.689	735.577	545.664
36.551	737.470	544.510
36.366	737.925	544.934
36.095	738.696	544.304
36.706	738.434	544.347
36.385	737.179	545.189
35.861	737.670	545.456
36.566	737.756	545.506
36.151	737.495	545.807
35.967	737.070	545.747
36.028	738.203	545.556
36.055	737.222	547.292
36.057	736.548	546.944
36.345	736.099	547.561
36.031	736.592	548.181
35.725	739.175	545.594
36.234	739.084	545.813
36.729	739.795	545.340
36.875	739.592	545.076
36.986	740.370	545.180
36.167	740.203	544.500
36.267	741.411	544.533
36.998	740.745	544.822
35.987	742.280	543.627
36.060	741.596	543.202
36.463	740.928	542.476
35.929	740.478	541.658
36.120	739.503	541.645
36.195	738.700	543.005
36.525	738.014	544.116
36.614	737.247	545.303
35.624	735.971	546.217
35.595	735.194	547.458
36.057	734.701	547.766
35.733	735.793	547.086
35.847	736.376	546.844
36.467	736.870	546.533
36.130	737.196	546.192
36.009	737.347	546.551
36.595	738.009	545.888
35.862	738.448	545.111
36.232	738.808	544.012
36.194	738.855	543.201
36.276	738.440	543.211
36.417	737.328	543.687
35.728	736.279	545.044
35.783	735.970	546.157
35.537	735.761	546.366
35.464	736.375	546.775
36.376	736.479	546.632
35.953	736.444	546.641
36.525	736.972	546.515
36.317	738.488	545.916
36.246	738.346	545.916
36.780	737.050	545.945
36.097	736.430	546.739
35.737	736.067	546.836
36.026	737.332	545.133
36.463	737.371	543.912
36.003	737.755	543.173
36.272	737.481	543.772
36.123	736.599	544.040
35.847	736.652	543.447
36.487	737.063	543.526
36.355	736.386	545.197
36.266	736.829	545.040
36.003	737.725	544.244
36.704	737.097	544.149
35.925	737.561	543.770
36.415	737.141	544.184
36.823	736.588	544.397
36.201	736.805	544.130
36.009	737.299	544.174
36.249	737.697	543.107
35.765	738.078	543.037
36.288	738.100	544.204
36.099	737.424	544.508
36.332	738.076	544.700
35.897	738.870	544.118
35.918	736.715	545.273
35.736	736.788	546.390
36.039	737.046	545.953
36.116	736.414	546.516
35.689	735.855	545.999
36.531	735.625	545.977
35.914	735.221	546.303
35.960	735.112	545.510
36.431	736.660	544.832
36.088	737.710	544.150
36.413	737.385	545.458
36.117	736.526	544.974
36.449	736.434	545.246
35.708	735.689	545.814
36.111	736.399	545.782
36.257	736.638	545.806
35.929	737.368	545.533
36.316	737.251	546.472
36.152	737.404	546.135
36.266	737.282	545.449
36.412	737.524	544.081
35.944	736.329	544.494
35.946	736.524	544.141
35.373	735.612	544.364
36.696	735.286	544.828
35.927	734.638	546.465
35.809	734.565	546.969
35.773	735.266	547.239
35.981	735.703	546.794
36.019	735.686	547.070
36.071	734.987	548.068
36.155	734.444	548.079
35.733	734.427	547.526
36.131	735.030	546.522
36.654	736.123	546.117
36.658	736.485	545.483
36.133	736.069	545.713
36.318	735.990	546.205
35.507	736.584	546.145
35.958	737.120	546.011
36.155	736.952	545.823
36.434	735.085	546.926
36.384	735.378	546.431
36.244	735.104	546.203
35.688	735.266	545.614
36.019	736.746	544.494
36.122	736.101	545.168
36.044	734.762	546.129
36.096	734.536	546.257
36.221	734.922	545.594
35.525	735.554	545.209
35.646	734.831	546.409
35.484	734.669	545.658
36.146	736.223	544.501
35.990	735.949	544.578
36.331	734.807	545.545
36.181	734.583	545.945
36.319	735.080	546.169
35.857	735.381	545.025
36.512	735.303	545.213
36.403	734.836	544.907
36.460	735.224	545.731
36.407	735.676	545.477
35.751	735.913	544.379
36.459	736.580	543.794
36.516	737.107	544.690
35.827	737.024	544.476
36.388	737.485	543.234
35.928	737.157	543.652
35.746	738.170	543.684
36.276	738.620	543.899
36.225	737.763	545.465
35.657	737.260	546.328
35.211	737.839	546.523
36.527	737.942	546.549
36.498	738.594	546.450
36.523	738.841	545.256
36.368	738.567	544.795
36.209	738.898	544.929
36.548	738.973	545.525
36.217	738.692	546.763
36.394	739.239	546.617
36.053	739.928	546.266
36.071	738.676	546.182
36.076	738.039	546.847
36.195	737.066	546.570
36.350	737.665	546.178
36.252	739.184	544.702
35.767	739.660	543.950
36.316	739.590	545.505
36.547	739.503	545.967
36.560	740.106	545.364
36.706	738.936	545.084
36.537	738.571	545.464
36.447	739.071	545.343
36.639	738.307	545.664
35.721	739.533	545.828
36.057	739.554	545.703
36.862	739.547	545.259
36.196	739.145	544.445
36.316	739.268	543.700
36.262	738.692	544.783
36.886	738.974	545.716
35.839	737.376	546.355
35.771	737.013	544.649
36.203	736.101	545.973
35.900	735.022	546.652
35.983	734.434	546.221
36.187	733.636	546.806
36.340	734.133	546.544
36.353	734.352	546.644
36.508	735.751	545.207
36.722	736.081	544.781
36.309	737.418	544.100
36.343	736.505	543.866
36.605	736.232	544.466
35.637	736.247	544.548
36.240	736.925	544.160
36.143	736.990	543.548
35.128	735.517	544.412
35.559	735.723	544.278
35.720	735.715	545.422
35.520	735.010	546.086
36.115	735.018	546.009
36.279	733.635	546.458
36.411	735.346	544.981
36.389	735.047	544.569
35.931	735.704	544.429
36.050	735.956	544.082
36.244	736.688	543.293
36.469	736.081	544.350
36.002	735.993	544.213
35.412	736.665	543.490
36.338	738.547	541.859
36.179	738.960	542.460
36.415	738.863	542.407
36.202	738.645	542.303
36.109	738.100	541.852
36.967	736.594	542.705
36.602	735.939	543.227
36.745	736.206	542.280
36.206	735.597	542.134
35.913	735.857	542.219
36.752	736.148	541.967
36.103	736.327	541.505
35.797	737.604	541.837
35.848	738.101	541.610
36.248	739.017	540.276
35.932	738.831	539.956
35.990	737.518	541.477
36.280	737.437	541.418
36.618	736.808	541.166
36.440	737.926	540.736
36.116	738.572	542.209
36.347	739.346	541.843
36.432	738.161	542.570
36.409	737.758	542.799
35.897	738.234	543.482
36.002	737.766	542.731
35.902	737.246	542.329
36.402	736.526	542.686
36.286	736.930	543.412
36.713	736.066	544.193
36.317	735.829	544.671
35.886	735.920	545.866
35.904	735.985	547.158
36.092	736.157	547.371
36.185	734.612	547.404
35.577	734.461	547.106
35.672	733.824	547.212
36.327	733.829	547.432
35.936	734.090	547.281
36.104	734.550	547.214
36.604	735.964	545.192
36.209	736.105	543.843
36.069	736.347	543.800
36.225	735.778	543.816
36.322	736.784	543.142
36.344	737.201	542.338
36.176	736.978	542.610
36.528	736.611	542.773
36.493	737.581	542.287
36.304	737.862	541.976
36.332	737.379	542.392
36.389	736.821	542.002
35.950	736.981	542.532
35.614	737.464	544.402
36.143	736.943	544.847
35.954	736.326	546.021
36.656	735.487	546.833
35.629	735.305	547.584
36.223	735.891	547.038
34.815	734.849	547.325
35.691	734.559	547.342
36.137	735.841	546.503
36.130	736.556	545.872
35.759	737.877	544.652
36.000	737.424	545.733
35.798	736.613	546.505
36.314	735.972	547.516
35.070	734.854	548.423
36.114	734.551	547.732
36.009	735.244	547.334
36.548	734.773	546.372
36.182	735.085	546.112
35.847	734.237	545.965
35.686	734.669	545.739
36.501	735.936	544.567
35.846	736.248	543.233
35.778	736.230	542.185
36.267	735.989	541.857
36.219	735.944	541.880
35.743	736.430	541.624
36.485	735.601	542.972
36.190	735.670	543.453
36.073	736.367	542.721
35.736	736.091	543.031
36.364	736.604	543.738
36.077	737.128	544.213
36.163	737.086	544.949
35.906	737.030	544.925
36.018	738.239	544.408
36.530	738.389	543.256
36.335	738.997	543.204
35.787	738.384	543.886
36.441	738.038	544.335
36.221	737.143	543.290
36.226	736.773	543.067
36.408	736.539	543.334
36.325	737.120	542.915
36.375	737.324	543.297
36.236	736.270	544.157
35.990	735.432	544.313
36.473	735.411	543.762
36.391	735.703	543.731
36.174	736.874	543.079
36.380	738.297	541.789
36.189	737.059	541.978
36.411	736.790	542.989
36.102	737.135	543.806
35.597	736.428	545.116
35.862	735.956	545.481
36.377	736.905	545.083
36.115	736.825	545.694
36.236	736.750	546.976
35.502	735.655	548.142
35.703	736.120	548.121
35.875	735.198	549.002
35.691	734.325	549.712
35.380	733.420	550.206
36.118	733.580	549.007
35.958	734.706	549.030
36.541	735.564	549.359
36.176	736.313	549.505
36.407	737.661	548.595
36.641	738.112	548.136
36.161	738.072	547.571
35.815	737.671	547.745
36.471	738.419	547.585
36.111	738.079	546.914
36.078	737.189	547.568
36.515	737.973	547.096
36.290	737.712	547.276
36.315	737.393	546.992
36.081	736.689	547.448
36.288	737.191	547.584
35.945	736.442	549.087
35.811	736.740	547.911
36.686	737.741	547.320
36.243	737.357	547.137
36.164	736.890	547.167
36.322	736.751	546.355
35.984	736.595	545.510
36.432	737.551	544.867
36.541	737.540	545.355
35.736	738.068	544.633
36.415	738.673	544.764
36.773	737.572	546.114
35.853	737.680	545.414
36.068	737.225	544.851
36.136	736.474	545.438
36.325	737.221	543.803
36.057	737.220	543.338
36.473	736.425	543.645
36.236	736.318	544.352
36.055	735.218	544.397
35.635	735.714	545.112
36.427	736.264	545.021
36.472	736.942	544.156
36.893	736.992	544.209
36.099	736.510	543.983
36.050	736.083	544.200
36.518	736.024	544.013
35.954	736.165	544.102
36.544	736.552	544.202
36.048	737.601	542.920
36.088	738.617	542.285
36.231	737.815	543.651
36.238	737.717	544.347
36.547	737.968	543.609
36.029	737.124	544.070
36.114	736.648	544.306
36.174	735.613	544.695
36.137	736.287	545.796
36.020	736.890	544.854
35.990	736.915	545.273
36.036	736.171	545.634
36.507	735.531	546.179
36.151	735.959	545.080
35.846	736.301	545.442
34.557	736.235	546.173
36.296	735.113	546.962
36.248	734.965	547.309
36.067	735.122	547.723
35.848	734.980	548.490
35.916	736.357	546.915
35.966	736.926	546.254
35.837	736.458	546.151
36.246	736.638	545.195
36.495	737.585	543.630
35.941	737.708	543.629
36.338	737.691	543.305
35.919	738.629	542.663
36.220	739.313	542.551
36.179	738.935	542.703
36.450	738.391	544.246
36.764	737.422	544.434
36.088	736.667	543.878
36.198	736.388	545.186
35.898	736.180	545.093
36.110	736.132	544.695
36.262	737.517	543.956
36.250	738.081	543.999
36.343	738.101	544.213
36.330	736.737	545.609
36.436	737.567	545.800
36.413	739.281	544.762
36.811	739.009	544.941
36.268	738.318	545.139
36.821	737.265	545.430
36.017	737.535	545.265
36.062	738.068	545.229
36.062	738.211	544.786
36.379	738.228	544.722
36.231	738.179	544.980
36.466	738.481	544.210
36.390	738.332	543.929
35.857	736.910	544.127
35.832	737.158	543.401
36.317	736.455	543.500
36.052	737.292	543.913
36.344	737.743	543.169
36.039	738.521	542.840
36.286	738.521	544.060
36.021	739.240	544.827
36.066	737.949	545.727
36.512	738.385	545.759
36.561	738.988	545.405
36.637	738.541	545.479
36.231	737.809	545.148
35.813	737.576	545.224
36.457	737.504	546.009
36.142	737.845	545.781
36.100	737.542	545.501
36.114	738.015	546.274
36.533	737.780	546.341
36.374	737.884	545.445
36.394	737.170	545.365
36.074	737.870	545.657
36.771	738.232	546.207
36.300	737.800	546.017
36.316	737.643	545.712
36.866	737.295	545.943
36.237	737.289	544.678
36.208	737.555	545.052
36.026	737.637	546.063
36.471	737.126	546.526
36.362	735.266	548.235
35.996	734.751	548.674
35.502	735.844	547.141
36.176	736.113	545.471
36.312	736.455	544.382
36.339	735.429	544.878
36.262	734.763	545.287
36.571	734.806	545.702
36.095	735.602	545.477
35.773	736.093	545.602
36.416	736.278	545.324
36.042	735.889	545.669
36.565	735.938	545.898
36.361	736.067	545.945
35.979	736.730	545.096
36.035	737.750	544.090
36.504	736.973	544.497
36.254	736.378	544.390
35.914	735.266	544.972
36.403	736.305	544.723
35.991	735.683	545.339
35.892	737.627	543.819
36.709	737.604	544.056
36.380	738.043	543.718
36.567	738.249	544.409
36.339	738.127	544.096
36.537	738.398	543.261
36.178	737.535	543.483
36.471	736.786	544.431
35.881	736.712	544.506
36.092	735.950	545.150
35.604	735.945	546.033
36.335	736.456	546.733
35.869	737.197	545.869
36.062	736.528	546.086
36.017	736.382	545.725
36.444	735.890	546.156
36.126	737.038	544.354
36.047	736.856	543.984
36.568	736.797	544.586
36.253	737.000	545.328
36.151	736.918	544.944
35.683	737.032	543.905
35.958	736.721	543.785
36.196	737.035	543.700
36.622	736.522	543.893
36.199	736.947	542.933
36.977	737.508	542.277
36.817	737.167	542.340
36.257	735.228	543.339
36.395	735.012	543.320
36.128	734.658	543.408
35.880	735.560	543.546
35.737	736.509	544.974
36.022	736.891	544.615
36.259	737.365	544.168
36.184	737.494	543.897
36.480	736.882	543.485
35.976	736.148	543.973
35.819	735.338	544.842
35.461	734.696	546.158
35.499	735.301	546.495
35.747	735.768	546.743
35.899	736.320	546.890
36.252	737.039	546.166
36.348	737.138	545.637
36.299	736.290	546.149
35.664	734.681	547.018
36.055	736.039	546.610
36.149	735.902	546.365
35.890	735.888	545.683
35.922	735.141	546.582
36.211	735.672	545.617
36.380	736.923	545.039
36.489	737.379	544.192
36.317	738.297	542.489
36.270	737.824	542.327
35.668	737.929	543.031
36.274	737.903	544.364
36.141	737.432	544.596
36.461	737.744	544.355
36.989	737.528	544.571
36.347	738.322	545.034
36.341	738.304	544.948
36.242	738.843	543.750
36.462	738.108	543.980
36.208	736.489	544.514
36.277	735.877	544.687
35.696	735.822	545.861
35.638	736.692	546.185
36.872	737.968	544.562
35.954	737.267	545.327
36.173	737.176	544.758
35.952	736.186	546.280
35.702	736.573	545.564
35.995	736.508	546.428
35.665	737.048	546.022
36.177	736.470	546.378
36.065	736.090	545.451
36.575	736.457	544.509
35.911	736.015	544.547
35.898	736.093	545.083
35.258	736.010	544.693
36.028	736.005	544.288
35.428	734.649	546.080
36.101	735.076	546.150
36.171	734.320	546.676
36.118	732.833	548.473
36.431	732.287	548.269
35.931	733.365	547.304
36.480	733.970	546.190
35.599	735.399	544.939
35.746	733.897	545.432
35.501	733.692	545.925
35.795	733.836	547.078
36.052	734.570	546.591
36.008	735.496	546.352
35.835	734.487	546.357
35.839	733.686	546.040
35.056	733.317	547.223
35.814	735.050	545.667
36.318	735.658	545.645
36.706	735.835	546.478
35.932	736.121	545.794
36.286	737.575	544.475
36.310	737.910	544.276
36.312	737.576	545.038
35.468	738.188	545.543
35.881	738.590	546.198
36.433	739.204	546.271
36.050	739.063	546.133
36.305	737.860	546.919
36.320	737.380	547.233
36.046	738.048	545.461
36.174	737.563	545.248
35.028	738.305	544.863
36.146	736.612	545.646
35.026	736.608	546.451
34.951	736.262	546.800
34.875	736.161	546.791
35.846	736.561	546.202
35.238	736.636	545.408
35.093	736.334	545.444
36.337	735.686	544.919
36.205	736.538	544.176
35.921	736.446	545.906
35.169	736.498	546.752
35.174	735.995	548.324
35.909	736.335	548.793
36.259	736.424	549.358
35.947	735.917	548.895
35.918	735.702	549.807
35.719	735.806	550.434
36.170	736.229	549.890
36.235	736.503	549.400
36.362	736.958	548.903
36.064	737.267	548.585
36.573	737.116	548.567
36.192	736.421	549.306
35.819	735.825	549.149
36.271	736.388	548.002
36.353	736.029	547.894
36.799	737.635	546.777
36.228	737.442	546.852
36.237	736.999	546.789
36.802	737.162	546.807
36.097	736.561	547.309
36.357	737.515	546.308
36.309	738.358	545.827
36.097	737.366	545.561
36.286	738.160	545.435
36.291	737.953	544.461
35.985	738.141	543.966
36.344	737.300	544.291
35.863	737.347	543.555
36.306	736.718	544.601
35.859	736.640	545.387
36.294	736.166	545.458
36.358	736.134	545.861
35.989	736.214	545.914
35.561	735.709	546.529
35.686	736.484	546.609
35.856	736.814	546.955
36.212	736.372	547.988
35.904	736.284	547.993
36.115	736.897	547.481
35.694	736.148	546.935
35.582	735.111	547.421
36.109	735.361	547.138
36.188	734.391	548.015
36.193	733.842	548.349
36.015	733.457	548.748
35.487	732.954	549.580
35.522	734.060	549.615
35.842	734.800	549.510
36.245	736.660	548.468
36.356	737.670	547.270
36.714	737.145	546.917
36.247	737.724	547.145
36.164	738.093	546.921
36.251	737.861	545.970
36.062	737.453	546.311
36.117	736.539	545.151
35.584	737.069	544.326
36.608	737.136	543.074
36.410	736.198	544.235
35.903	735.975	545.803
36.135	737.008	544.741
36.139	738.078	544.066
35.926	738.135	543.088
36.318	737.852	543.894
36.190	737.575	544.291
36.361	737.834	544.024
35.561	736.656	544.173
35.457	735.887	544.341
36.510	735.623	543.005
36.237	735.986	543.398
35.991	735.894	542.517
36.049	736.212	543.180
35.776	737.031	543.330
36.141	736.622	544.033
35.471	736.826	544.357
36.213	736.208	545.821
36.217	735.702	546.176
35.821	734.461	546.373
36.475	734.898	544.966
35.740	735.339	543.719
36.331	736.138	543.160
36.088	734.624	544.746
36.376	734.911	544.803
35.830	735.864	543.816
35.704	736.217	544.191
36.004	736.920	542.947
36.487	737.438	542.778
35.869	736.864	543.237
36.410	736.576	543.075
36.416	736.144	542.903
35.602	735.895	543.939
35.142	736.708	544.944
35.586	736.964	546.878
36.228	736.211	547.431
36.306	737.480	545.183
36.076	738.136	544.520
36.445	738.519	543.952
36.684	739.574	543.520
36.373	737.983	545.105
36.080	736.872	544.569
35.463	736.013	545.854
36.011	736.026	546.195
36.410	736.348	545.688
36.581	734.464	546.887
35.876	733.199	548.312
36.247	733.787	547.402
35.945	735.449	546.234
36.378	735.686	545.292
36.350	736.760	545.328
35.931	738.124	544.235
36.329	738.349	544.573
36.597	738.515	544.528
36.763	738.110	546.098
36.324	737.914	545.761
36.410	737.347	545.875
35.947	736.092	546.132
36.266	735.664	546.175
35.760	735.403	546.881
36.681	735.774	547.194
36.021	736.671	546.558
35.716	736.384	546.899
35.980	735.943	546.945
35.635	736.025	547.493
35.910	735.581	546.589
36.259	735.800	546.584
36.047	735.853	546.164
36.208	736.079	545.064
36.006	735.523	545.263
35.595	736.667	544.967
35.808	737.504	543.977
36.426	737.522	545.391
36.491	736.040	547.179
36.174	735.928	546.942
36.266	736.565	546.587
36.270	736.749	546.196
36.474	736.870	545.787
36.045	737.239	545.824
36.244	737.408	545.682
36.022	737.059	545.452
36.264	737.257	545.347
35.924	736.323	545.261
35.821	735.644	545.339
35.853	736.086	543.847
35.937	736.968	543.503
36.136	737.039	543.521
36.119	736.702	544.266
36.059	735.653	544.713
35.573	736.784	545.113
35.745	737.127	545.674
36.166	736.979	546.684
36.158	737.739	545.952
36.079	737.073	546.332
35.933	737.833	544.710
36.347	737.754	544.766
36.442	738.048	544.321
36.185	736.986	543.453
36.344	737.371	543.197
36.334	737.295	543.279
36.425	737.378	543.264
36.193	736.694	543.818
36.296	736.945	544.101
36.107	737.459	543.759
35.704	738.039	544.185
36.419	738.292	543.564
35.981	736.987	544.548
35.771	736.024	545.574
35.817	735.732	547.082
35.640	735.060	547.880
34.529	735.206	548.338
33.846	734.937	547.950
34.977	734.857	547.718
36.352	735.398	547.305
35.975	734.372	547.596
36.418	735.398	546.680
36.159	736.171	545.831
35.882	736.962	545.392
35.813	737.481	544.647
35.941	737.325	545.117
36.095	737.283	545.005
36.500	737.521	544.117
35.936	738.039	543.662
35.575	737.006	544.880
36.052	736.139	545.797
35.708	735.726	546.927
35.801	736.334	547.574
35.861	735.848	548.914
35.993	736.436	549.080
36.048	736.566	548.204
35.091	736.945	547.405
36.488	737.388	546.261
36.513	736.964	546.047
35.967	737.713	544.863
36.186	738.249	544.215
35.912	738.659	542.839
36.701	738.354	542.631
36.106	737.385	543.980
35.661	736.210	544.972
36.101	735.733	545.028
36.341	736.531	544.453
36.463	737.232	543.485
36.482	735.188	544.154
35.708	734.259	544.807
35.418	735.211	544.784
35.853	735.900	545.709
35.844	735.851	546.618
36.087	735.798	547.825
35.512	736.088	548.398
35.997	736.463	547.268
36.110	736.817	546.867
35.792	737.692	547.695
36.677	737.314	548.024
36.122	737.597	546.622
36.506	738.364	546.153
36.101	740.369	543.996
36.137	740.681	543.930
36.146	741.108	544.363
36.878	739.530	545.279
36.253	739.403	545.342
36.647	739.164	545.329
37.169	738.500	546.200
35.985	739.410	545.331
36.317	737.905	545.802
36.400	738.149	546.572
36.230	738.438	546.690
36.655	738.385	546.945
36.167	739.017	546.153
36.343	740.050	545.293
36.682	739.425	545.522
36.596	738.873	545.899
36.340	739.261	545.140
35.863	738.043	545.687
35.617	737.220	546.418
35.818	736.744	546.044
36.101	737.173	544.679
36.295	738.133	544.607
36.601	739.161	543.791
36.501	738.059	544.152
36.609	737.286	544.246
36.392	736.548	544.426
36.071	736.596	545.109
36.241	737.776	543.703
36.292	737.581	543.525
36.475	737.702	543.563
36.382	737.634	544.365
35.542	737.266	545.279
35.642	737.572	544.839
36.246	738.070	544.386
36.628	737.435	543.502
35.772	737.398	544.543
36.217	737.552	545.388
36.012	738.441	545.463
36.102	738.777	544.171
36.581	738.951	543.880
36.060	738.719	544.829
36.450	739.135	545.556
35.973	738.974	546.084
35.651	738.179	546.277
36.462	737.769	546.299
36.492	737.478	546.987
35.659	737.503	546.726
36.407	737.989	547.182
36.197	737.569	546.267
36.314	737.136	546.784
36.372	737.486	546.260
36.401	737.028	546.057
36.104	736.683	546.024
36.321	737.330	545.689
35.238	737.213	545.812
35.852	736.996	545.468
36.228	736.797	545.497
35.639	737.190	546.602
36.108	736.504	547.480
35.804	736.368	547.482
36.406	736.529	545.673
36.590	737.724	544.575
36.125	737.411	544.686
35.973	736.775	544.831
35.879	736.093	544.111
36.019	736.165	544.396
36.235	736.711	544.317
36.095	737.266	543.434
36.392	736.503	543.339
36.250	736.939	544.087
36.069	736.879	544.885
36.671	736.699	546.190
35.691	736.682	546.073
35.967	737.181	545.581
36.276	738.032	544.269
36.161	737.714	543.964
36.662	737.367	544.825
36.102	736.948	544.972
36.044	737.672	544.623
36.252	737.887	544.151
36.662	736.826	544.800
35.540	736.906	546.155
36.008	737.940	545.985
36.153	737.559	546.032
35.533	737.217	546.448
35.833	736.135	547.205
35.057	736.346	545.635
36.016	735.930	545.172
35.982	735.906	544.247
36.481	735.358	544.215
35.825	735.421	544.477
35.768	735.662	544.348
35.916	737.218	543.568
36.296	736.374	544.588
35.313	736.182	545.300
36.267	736.102	545.196
36.230	736.468	543.929
36.393	736.032	544.057
36.063	735.077	544.999
35.780	734.215	545.243
36.411	734.355	543.611
36.544	734.686	543.409
36.165	735.381	543.197
35.885	735.164	543.438
36.327	734.969	543.176
35.680	734.720	543.062
35.569	735.463	544.067
36.480	735.758	543.610
36.178	736.516	544.116
36.421	737.221	544.516
35.598	737.206	545.321
36.434	736.741	545.213
36.419	736.524	545.872
35.991	736.669	546.020
36.235	737.229	545.860
36.058	737.261	545.996
36.083	736.283	546.531
36.268	736.066	547.545
35.804	734.943	549.069
36.190	735.991	547.684
36.544	736.719	546.455
35.938	738.409	543.978
36.111	737.805	543.750
36.430	737.789	544.219
36.459	737.622	544.332
36.199	737.962	544.318
36.662	738.279	543.809
36.396	739.217	543.241
36.278	738.917	542.653
36.264	737.944	543.847
36.296	737.383	543.580
36.339	736.995	542.781
36.695	736.955	543.529
35.902	738.416	543.067
36.322	739.319	542.129
35.733	737.567	542.712
36.090	738.117	543.566
36.009	737.611	545.131
36.435	737.944	545.147
36.202	737.136	545.780
35.930	737.355	546.316
36.402	737.969	544.588
36.093	737.416	545.077
35.991	736.623	545.967
36.472	736.918	545.759
36.141	737.855	544.411
36.540	737.782	543.965
36.568	737.995	543.282
36.166	738.173	542.216
35.850	738.733	542.126
35.960	738.191	542.436
35.985	737.259	543.131
36.475	736.080	543.733
36.040	736.233	544.774
36.616	735.828	545.613
36.396	737.028	545.080
36.292	737.420	545.540
36.119	737.886	545.526
36.003	737.378	546.126
36.419	736.221	546.974
35.556	734.763	547.290
35.277	735.476	547.009
35.378	736.465	546.418
35.992	736.772	546.570
36.697	736.966	547.032
35.730	736.610	547.079
36.054	736.917	546.755
35.452	736.402	548.656
35.931	737.029	548.362
36.011	738.288	546.694
36.184	739.161	545.299
36.538	738.667	544.837
37.138	737.418	545.856
36.092	738.194	545.496
37.125	738.713	543.999
35.986	738.830	544.029
36.145	737.718	544.788
36.375	738.148	544.731
36.504	738.739	545.051
36.458	738.465	544.891
36.137	739.013	543.592
36.816	738.849	544.150
36.940	738.759	544.239
35.881	738.436	544.585
36.580	737.533	545.769
36.638	738.409	545.660
36.610	738.374	545.533
36.351	737.494	545.362
36.013	737.084	544.825
36.415	737.531	545.046
36.245	737.467	544.661
36.054	736.812	545.555
36.146	737.019	545.672
36.710	737.663	547.089
36.441	738.054	546.554
36.296	738.482	545.999
35.854	737.233	546.187
36.370	737.656	544.473
36.364	738.470	543.784
36.228	737.105	544.801
35.988	736.630	545.007
36.395	737.245	544.292
36.120	736.415	544.051
36.336	736.207	543.670
35.886	735.475	543.492
36.270	735.401	543.317
35.838	734.603	543.981
35.702	734.817	544.689
35.835	735.294	545.067
35.500	735.659	545.167
35.796	736.155	545.662
36.306	736.259	545.636
35.985	736.798	544.645
36.305	737.324	543.317
36.170	737.046	543.699
35.693	736.286	545.369
35.924	737.183	543.888
36.668	737.019	544.140
36.386	737.235	543.587
36.242	738.434	542.669
36.060	738.967	542.575
36.273	739.027	543.093
36.060	739.685	542.267
36.321	739.502	543.326
35.855	739.204	544.133
35.995	738.198	545.125
35.807	736.988	546.298
36.103	736.980	545.787
35.905	736.304	546.240
35.842	736.340	545.791
36.532	736.146	545.934
36.141	736.314	545.518
36.105	736.149	546.914
36.105	736.758	546.838
36.322	736.711	546.076
36.404	737.356	545.067
36.890	737.095	544.969
36.333	736.226	545.734
35.877	735.813	546.680
36.096	736.744	546.244
36.195	737.328	545.243
35.923	737.415	545.006
35.721	736.642	546.130
35.822	737.522	547.008
35.508	736.411	548.142
36.012	735.888	548.703
36.307	736.452	548.132
36.084	736.169	547.346
35.861	735.776	548.050
36.350	736.841	547.474
35.786	736.919	547.029
36.407	737.184	547.190
36.533	737.162	546.689
36.164	737.365	546.512
36.492	738.190	545.608
36.451	738.304	546.742
36.293	737.303	547.574
36.235	736.750	548.388
35.998	736.896	547.177
35.463	737.246	546.525
36.472	737.484	545.705
35.702	737.388	546.555
35.654	736.827	547.098
35.885	736.347	547.277
35.675	736.122	546.868
35.999	735.572	548.246
36.232	735.804	548.107
36.449	737.176	546.496
36.202	737.733	546.005
35.756	736.400	546.872
36.143	736.897	546.377
36.017	737.599	545.486
36.853	737.165	545.725
36.001	736.782	545.726
36.307	736.288	546.100
36.444	735.888	546.136
35.769	735.755	545.777
36.019	736.829	545.341
36.586	736.647	545.106
36.041	736.905	545.498
35.646	737.599	544.547
35.793	737.376	545.715
35.618	736.538	546.066
36.078	737.400	546.065
36.055	735.906	546.866
35.745	735.917	547.960
36.144	735.924	547.696
36.051	737.092	547.001
36.063	737.145	546.907
35.542	736.400	547.289
36.063	736.063	547.127
35.813	736.410	547.183
35.753	736.385	546.534
36.266	737.144	546.419
36.275	738.207	544.774
35.870	738.441	544.654
36.259	738.370	544.785
36.204	737.839	545.407
36.189	738.899	544.317
35.491	738.932	545.122
36.363	738.757	545.387
36.644	738.005	546.118
35.973	738.524	545.158
36.029	739.059	544.556
36.323	739.071	544.891
36.165	739.249	543.687
36.462	738.861	543.917
36.503	738.039	544.953
36.181	738.892	543.885
36.670	739.045	543.240
35.927	738.292	544.152
36.532	737.410	544.593
36.553	736.989	545.385
36.648	737.945	544.229
35.891	737.314	545.449
35.547	737.145	544.861
35.861	737.122	545.002
36.289	737.751	544.424
35.857	737.888	542.664
36.197	736.948	543.978
36.229	736.913	544.699
35.842	736.161	545.552
36.181	736.738	545.440
36.304	736.300	545.679
36.293	737.468	545.100
36.008	738.267	543.868
36.307	736.974	544.682
35.909	736.989	545.762
36.607	737.306	546.066
36.382	737.422	545.212
36.187	737.511	544.401
36.127	737.803	543.759
36.549	737.046	544.689
36.382	738.266	544.097
36.195	738.047	543.981
36.214	738.051	544.083
36.416	738.659	543.310
36.308	737.680	544.703
35.908	738.127	545.369
35.883	739.466	543.483
36.131	739.321	543.165
35.278	738.637	544.714
36.086	738.782	545.163
35.453	738.580	545.492
36.298	738.815	545.482
36.493	739.272	545.210
36.166	738.613	545.412
35.919	738.525	544.395
36.003	737.837	543.726
36.278	737.780	543.222
36.085	737.466	542.741
36.312	736.704	542.931
36.286	736.809	543.153
35.985	737.641	543.065
36.392	737.284	543.646
35.855	736.407	545.042
35.368	735.970	545.533
36.418	735.891	547.392
36.214	736.833	547.114
36.038	736.199	547.974
36.415	736.257	548.209
35.674	736.737	548.233
35.693	736.395	549.210
35.343	736.684	548.638
35.904	736.364	549.951
36.698	737.845	548.715
36.167	738.607	547.496
36.719	738.943	545.403
36.081	738.848	545.216
36.235	739.119	544.968
36.234	738.799	544.864
36.510	738.560	544.981
36.360	738.763	544.684
36.451	738.835	544.280
36.335	737.917	544.160
36.346	736.703	544.981
35.936	736.810	545.640
35.893	736.465	546.433
35.946	736.476	545.313
35.902	736.375	544.978
36.680	736.386	545.141
36.051	735.095	545.148
35.984	735.764	543.933
35.787	735.874	544.725
35.527	736.465	545.003
35.719	736.388	544.933
35.345	735.862	545.483
35.995	736.260	545.627
36.113	736.046	545.979
35.817	736.795	546.384
36.184	737.421	545.982
35.838	737.393	546.072
36.040	737.522	545.264
35.948	738.195	544.958
36.162	738.835	544.195
36.620	739.888	543.803
36.124	738.934	545.409
36.478	738.763	544.571
36.652	738.918	544.283
35.411	737.716	543.370
36.172	737.829	543.002
36.573	737.961	542.736
36.560	736.754	544.760
36.225	737.782	543.808
36.371	736.966	544.645
35.514	737.064	546.553
35.812	737.446	546.799
36.301	737.220	547.634
36.494	736.823	548.574
36.156	737.729	548.286
36.494	737.751	547.023
36.555	737.735	546.684
36.054	737.855	547.169
36.056	737.572	546.750
35.862	737.843	545.080
35.373	736.600	544.912
34.976	736.531	544.623
35.257	737.030	544.135
36.180	737.244	542.539
35.978	736.910	542.843
36.157	736.646	541.551
36.337	737.563	542.296
36.447	737.664	541.836
36.151	737.742	541.644
36.037	737.709	542.633
36.024	737.568	543.425
36.225	737.253	543.216
36.121	736.725	543.594
36.297	737.154	543.807
36.240	737.373	543.792
36.067	737.129	545.373
36.161	737.213	545.190
36.137	736.527	545.661
36.008	736.449	546.006
36.330	736.608	545.212
36.196	736.371	545.700
35.864	735.621	545.817
35.983	736.299	545.431
35.909	736.842	544.913
35.954	737.709	544.216
36.052	738.231	544.792
35.853	738.577	545.288
35.812	739.136	545.141
36.485	738.138	545.630
35.987	738.061	545.784
36.099	737.184	546.354
35.808	736.314	547.350
35.867	736.726	547.151
35.976	736.878	546.832
35.770	736.801	546.361
35.892	737.319	544.956
36.368	737.049	544.851
36.162	737.519	544.899
36.198	738.931	544.508
36.314	738.631	545.635
36.117	738.777	546.501
36.196	738.874	546.922
36.027	737.948	547.179
36.326	738.330	545.719
36.060	738.325	544.436
36.006	738.387	542.983
36.145	738.065	542.463
36.106	737.413	542.997
36.206	737.546	543.849
36.448	738.037	543.906
35.910	737.230	544.759
36.072	737.326	544.532
35.671	736.071	546.968
36.157	736.865	547.260
35.746	737.805	546.047
35.913	737.895	545.097
35.949	737.708	545.546
35.296	736.783	546.130
35.493	736.206	544.837
36.010	736.529	544.097
35.668	735.829	544.199
35.908	735.990	543.859
35.697	736.140	543.877
35.667	736.025	544.290
35.492	735.098	545.557
36.166	734.335	546.961
36.143	733.698	547.955
36.594	734.618	546.909
35.261	735.796	547.267
36.561	736.785	546.038
35.975	737.380	545.420
36.125	737.469	544.819
35.718	736.865	545.570
36.205	737.056	545.544
36.209	736.813	545.488
35.640	737.095	545.423
36.369	736.506	546.195
36.055	737.149	546.261
36.168	738.162	544.531
36.412	738.724	544.484
36.219	738.030	544.901
36.353	737.150	545.290
35.762	737.895	543.867
36.114	737.762	543.218
36.167	737.328	541.991
36.141	736.777	542.478
36.952	736.276	543.275
36.208	735.901	544.288
36.062	736.161	543.802
35.988	736.034	544.611
35.821	736.051	544.809
35.941	736.285	544.638
36.125	735.930	544.837
35.963	734.384	546.429
35.449	734.239	545.907
35.965	734.458	545.481
35.930	735.349	544.562
36.449	736.978	543.654
36.378	737.571	543.380
36.171	737.610	543.683
36.779	737.776	544.569
36.008	737.035	544.849
36.303	737.789	545.003
35.571	737.529	544.777
36.301	737.805	545.090
36.174	738.558	543.869
36.542	738.722	544.042
36.713	738.205	544.622
36.246	737.753	544.022
36.441	737.519	543.545
36.488	737.433	543.894
35.889	736.498	543.582
35.935	735.413	544.339
36.254	735.387	544.119
35.654	736.014	543.806
36.669	736.006	545.446
35.883	736.806	545.385
35.114	736.535	544.655
34.914	737.070	544.877
35.436	737.143	545.805
35.702	737.490	545.719
35.902	736.538	546.452
35.880	736.216	545.964
35.907	737.295	544.272
36.156	737.367	542.703
36.018	737.791	541.666
36.115	738.254	542.267
35.751	738.333	541.641
35.365	737.794	542.638
36.041	738.082	544.600
35.704	738.488	545.023
35.496	738.146	545.394
36.022	737.399	546.120
35.419	737.146	545.343
35.947	736.978	545.737
35.867	736.412	547.074
35.523	736.831	545.747
35.921	737.820	544.307
35.682	738.056	543.601
36.614	736.584	545.194
36.242	736.725	545.308
36.495	737.805	543.766
36.151	738.380	543.671
36.757	736.927	545.223
35.984	736.902	545.300
35.940	736.338	545.800
35.927	736.009	546.374
36.339	737.421	545.492
36.139	738.081	543.951
35.940	738.380	543.964
35.638	738.444	543.131
36.212	738.299	542.763
35.888	736.850	544.116
35.802	737.712	543.101
36.153	738.423	543.233
35.737	738.564	543.988
35.266	739.003	544.354
35.819	739.247	545.845
36.408	738.617	547.058
36.486	739.049	546.585
35.794	738.994	546.295
36.908	737.855	547.038
36.060	737.389	547.471
36.243	737.870	546.170
36.583	738.076	546.318
36.324	738.073	546.615
35.566	738.437	546.640
36.090	737.412	546.672
36.444	737.337	546.127
35.988	736.912	546.342
35.957	737.764	545.476
36.221	737.472	544.997
35.773	736.659	544.992
36.383	736.693	546.452
35.769	737.885	545.652
36.145	737.632	545.797
36.425	737.482	546.649
35.554	736.902	547.067
35.410	736.452	547.768
35.983	736.269	547.097
36.049	737.349	545.335
36.037	736.849	544.768
35.752	735.967	545.527
36.016	735.671	546.172
36.033	736.135	546.140
36.231	735.873	546.805
36.389	737.146	546.169
36.037	737.713	544.820
36.625	737.616	545.240
36.166	738.636	544.598
35.991	739.132	544.320
36.560	738.308	544.139
36.492	738.234	543.304
36.102	737.893	543.625
36.541	738.082	544.226
36.152	737.546	544.543
36.182	737.645	544.482
36.660	737.313	544.527
36.193	737.545	544.330
36.417	737.992	543.865
36.343	737.828	543.520
36.319	738.354	544.122
36.487	737.241	543.807
35.853	737.257	544.552
36.180	737.444	543.944
36.359	736.892	544.772
35.975	736.328	545.539
36.279	736.146	546.114
35.789	735.773	546.673
35.860	735.572	546.852
35.760	735.377	547.441
35.901	735.517	546.269
35.946	735.282	546.527
36.094	734.966	546.197
36.351	734.916	546.534
35.886	734.802	547.614
35.847	735.020	548.139
36.296	736.215	546.117
36.472	736.850	545.172
35.892	737.548	544.330
36.217	737.335	543.941
35.733	736.943	543.954
36.142	737.142	543.408
36.070	736.756	543.483
36.033	736.937	543.341
35.590	735.887	544.211
35.727	736.213	544.265
36.140	736.410	544.303
36.356	736.768	542.795
35.846	737.093	542.942
35.791	735.960	544.276
35.963	736.846	543.796
36.094	737.303	544.127
35.696	737.008	545.061
35.665	736.386	545.710
35.874	735.812	547.262
35.818	734.868	548.345
35.969	735.073	547.994
35.940	735.687	547.825
36.184	736.525	546.071
35.144	737.067	543.729
35.451	737.342	541.569
36.188	737.084	541.725
36.551	736.602	542.254
36.213	735.465	543.674
36.116	735.573	543.824
36.066	735.997	544.886
35.889	735.804	544.869
35.641	735.346	545.721
36.319	736.055	545.417
36.126	736.964	543.776
35.948	737.482	544.176
35.873	737.788	543.844
35.920	738.103	545.398
36.236	737.463	546.486
35.521	737.685	546.245
35.736	737.863	547.286
36.142	736.382	548.473
35.290	735.813	548.404
35.502	735.695	548.924
36.258	736.027	549.120
36.103	736.190	548.871
36.019	736.731	548.872
36.093	736.754	548.591
36.766	737.663	547.407
36.331	738.333	546.437
36.274	737.766	545.771
36.143	739.056	544.623
36.357	738.943	544.981
35.501	739.360	545.770
36.342	739.844	545.305
36.363	739.629	545.683
36.073	740.229	545.909
36.269	740.339	545.350
35.588	740.091	544.566
36.164	739.819	545.450
35.525	738.177	545.772
36.015	738.042	545.147
36.017	737.910	544.520
36.254	738.493	544.518
35.696	736.889	545.587
35.258	736.603	546.198
35.500	737.575	545.853
35.774	737.832	545.400
36.056	737.919	545.256
35.922	737.637	545.902
36.324	738.331	546.260
36.184	739.444	545.388
36.164	739.119	544.480
36.491	738.631	544.274
36.314	738.510	544.448
35.994	739.368	544.022
35.968	739.682	544.001
35.844	740.174	544.204
36.287	740.181	543.876
36.661	738.872	544.805
35.996	738.532	545.286
36.298	738.823	545.009
36.396	739.070	544.837
36.433	738.942	545.307
36.413	737.825	546.091
36.552	739.258	545.507
36.274	739.666	545.344
36.146	737.766	545.392
36.227	737.512	545.788
36.462	737.902	545.679
36.075	737.041	546.273
35.932	737.669	545.466
35.731	737.949	544.408
35.996	737.664	544.280
35.690	737.392	544.039
36.086	737.297	544.095
35.500	738.193	543.369
35.493	739.179	542.898
36.147	739.593	542.829
36.064	739.811	543.197
36.065	739.430	544.611
36.064	739.098	543.857
36.376	738.260	544.419
36.178	738.912	543.663
36.178	737.909	544.266
35.983	737.580	544.588
35.724	737.438	546.380
35.074	736.684	546.447
34.908	736.356	547.104
35.591	736.506	547.382
36.019	736.830	547.788
36.264	738.692	546.842
35.811	740.288	546.743
35.920	740.636	546.263
35.585	741.387	545.840
36.181	740.103	546.137
36.462	739.892	545.434
36.075	739.342	544.888
36.272	739.002	544.859
36.000	738.460	545.354
36.320	737.049	546.406
36.057	737.890	546.438
35.964	737.977	545.749
35.719	737.244	546.786
35.838	737.011	547.329
36.348	737.090	546.487
36.096	737.069	546.018
36.396	737.430	545.521
35.975	738.732	544.212
36.082	739.504	543.551
36.296	739.661	544.618
36.254	740.042	544.874
36.128	740.671	544.812
35.808	740.604	544.913
35.712	740.193	544.893
36.004	738.879	545.016
36.450	738.349	545.478
36.635	737.746	545.307
35.938	738.040	544.635
35.895	738.869	544.940
36.366	740.221	544.189
36.610	739.978	544.217
36.494	740.034	544.168
35.891	740.223	545.061
35.799	739.884	544.650
35.928	739.531	545.176
36.046	738.124	546.223
36.127	737.633	546.752
35.994	737.827	546.832
36.798	737.481	546.596
36.223	737.921	546.878
35.843	737.426	546.436
35.883	737.189	545.711
36.317	737.453	545.968
35.918	737.365	545.807
35.771	737.614	545.992
36.090	738.076	547.369
36.206	737.849	546.747
35.435	737.400	547.095
35.963	737.589	546.307
35.895	737.689	546.206
35.915	736.832	546.973
35.918	736.466	547.192
35.748	736.539	546.950
36.335	737.313	547.417
35.685	736.983	546.103
35.720	737.146	545.681
35.655	737.419	544.429
36.203	737.268	543.036
35.626	736.649	542.483
36.158	736.502	542.844
35.843	736.693	543.490
35.622	737.376	542.591
35.450	737.256	542.457
36.018	736.598	543.018
36.033	737.243	542.078
35.983	737.576	541.186
35.667	737.877	540.854
35.939	737.435	541.994
35.786	736.715	542.755
35.282	736.594	542.841
35.124	736.182	542.220
35.551	736.176	542.487
35.705	736.760	542.492
35.861	736.856	542.885
36.022	736.796	543.233
36.015	737.344	542.683
35.921	737.609	543.153
36.079	737.544	544.058
35.700	736.888	545.684
35.770	737.548	546.784
35.615	738.177	547.173
36.117	739.174	545.813
35.906	738.386	546.301
35.684	737.835	544.884
35.351	738.746	543.842
36.016	738.091	544.732
36.178	737.079	546.578
35.286	736.648	547.137
35.991	737.153	546.935
36.149	737.690	546.815
36.259	738.261	547.478
36.522	737.812	547.470
36.477	737.424	548.192
36.053	736.877	548.313
36.060	737.301	547.468
36.217	736.669	547.456
36.670	736.079	548.570
36.338	735.414	550.163
36.118	736.178	547.611
36.362	736.591	546.625
36.327	736.585	547.945
35.987	737.698	547.377
36.510	738.932	545.817
37.233	739.375	545.344
36.578	739.356	544.207
36.185	738.035	544.093
35.744	736.423	545.238
35.975	736.552	544.826
35.688	737.088	545.440
35.967	737.241	545.120
35.935	737.690	545.779
36.517	738.033	545.796
35.789	737.905	546.532
35.577	736.222	548.017
35.621	735.829	548.871
35.522	735.920	549.308
36.091	736.177	549.421
36.351	735.933	548.010
36.520	737.254	546.556
35.378	736.322	546.571
36.254	736.578	546.018
35.442	735.460	547.193
35.840	735.421	546.809
36.344	735.736	546.453
35.735	736.117	546.491
35.096	735.822	546.918
35.942	736.293	546.631
35.739	736.045	547.334
36.057	736.078	547.680
35.480	734.782	548.784
35.985	734.629	548.887
35.596	735.625	549.305
35.665	736.567	549.054
35.710	736.878	548.800
36.035	736.662	548.653
36.441	737.124	549.112
36.365	737.273	548.500
36.325	736.805	549.303
36.095	737.063	548.220
35.912	737.794	546.360
35.894	737.798	545.623
35.606	736.931	546.441
36.202	737.170	545.244
36.197	737.300	543.712
36.219	737.989	543.055
36.184	738.802	543.303
36.245	739.246	543.613
36.496	738.642	543.856
36.177	738.827	543.788
35.450	737.900	544.288
35.486	737.221	544.269
36.547	737.190	543.373
35.635	736.771	544.435
35.590	735.932	545.238
35.653	735.648	545.475
36.119	735.602	545.810
36.385	735.843	546.184
35.935	736.241	546.313
35.963	736.427	547.177
36.269	736.703	547.664
36.508	737.142	547.525
36.630	736.779	547.752
36.694	738.662	546.318
36.264	739.443	545.489
36.046	739.579	544.302
36.031	740.043	544.184
35.724	738.987	545.706
36.406	739.374	545.990
35.803	739.873	544.857
35.837	739.680	544.685
36.142	739.693	544.961
36.385	740.061	544.442
36.716	739.367	543.988
36.149	739.111	544.064
36.293	739.060	542.813
36.145	739.125	543.194
35.403	737.656	544.212
36.023	736.799	544.734
35.978	737.317	546.663
35.863	736.420	546.950
35.850	735.820	547.448
35.803	737.070	546.646
36.425	736.831	547.259
35.957	737.901	546.568
36.060	738.882	545.762
36.418	739.540	545.487
36.406	739.935	544.741
36.166	739.966	543.460
36.405	739.394	544.150
36.244	739.637	543.794
36.035	740.190	544.222
35.818	740.310	543.742
35.932	739.056	544.001
35.450	739.740	543.754
35.930	740.495	544.445
36.140	739.579	544.731
36.542	740.263	544.581
36.500	739.952	544.820
35.726	739.935	544.664
36.430	740.370	544.107
35.977	740.137	543.949
36.203	739.776	544.064
36.252	740.096	543.794
35.137	739.063	544.818
35.565	739.178	545.576
35.638	740.009	544.896
35.960	739.811	544.444
35.715	739.945	543.442
35.480	739.817	543.426
35.999	739.975	543.057
36.017	740.742	543.905
35.276	740.822	544.707
34.541	741.713	545.417
34.751	741.421	545.710
34.354	741.718	545.688
33.314	743.703	546.973
33.273	743.871	547.108
32.762	744.998	547.565
31.438	746.248	549.043
31.218	743.997	549.368
31.324	744.021	549.112
32.598	745.174	549.385
32.134	745.827	550.206
31.716	745.760	551.050
32.028	745.199	552.566
30.999	746.195	553.516
31.139	746.021	553.626
30.430	744.824	553.798
31.317	746.154	553.620
30.821	746.468	552.537
30.822	746.251	552.611
31.260	746.698	551.862
31.596	748.509	552.614
31.143	746.547	551.974
31.829	747.593	551.285
31.734	749.138	551.393
31.910	749.227	551.430
31.477	749.915	550.467
31.081	750.245	550.394
31.140	749.305	551.012
31.194	748.774	550.521
31.355	748.174	550.694
32.419	745.885	552.125
34.815	745.576	551.618
34.940	745.519	551.760
35.309	745.247	551.040
35.845	744.860	550.268
35.431	744.663	549.109
35.373	743.862	548.951
35.918	742.994	548.915
35.287	742.473	548.299
33.833	744.107	547.469
34.961	745.135	545.982
35.237	744.501	546.532
35.127	745.049	547.483
34.964	743.233	548.420
35.092	743.078	548.234
34.018	743.348	547.684
34.541	743.312	547.995
34.181	742.965	547.950
34.325	743.744	548.092
34.097	744.111	548.208
35.948	742.892	548.226
36.355	741.414	548.323
36.196	741.281	547.361
36.394	741.365	547.027
35.734	740.490	547.014
35.191	739.596	547.411
35.719	739.359	547.386
36.220	738.681	547.429
36.196	738.470	547.794
36.290	738.033	548.078
35.921	738.291	548.138
36.180	737.737	547.620
36.101	738.315	546.989
36.043	737.379	547.637
35.207	736.600	548.216
34.392	737.051	547.275
35.313	737.190	546.714
36.294	736.974	547.106
36.329	736.888	546.520
36.225	736.825	547.179
35.901	736.877	547.602
36.049	736.903	548.906
36.347	736.694	549.759
36.929	737.046	549.909
36.344	737.554	550.230
36.420	737.792	550.099
36.538	737.634	550.360
36.627	737.386	550.517
36.517	735.606	551.970
37.132	734.400	551.252
37.151	734.467	550.145
37.178	733.791	549.241
36.906	733.955	548.362
36.515	733.617	547.593
37.411	734.230	546.979
37.936	733.923	546.184
37.806	733.096	546.028
37.913	732.395	545.623
37.574	732.434	545.344
38.035	732.475	544.693
36.742	732.871	544.200
36.323	732.798	545.044
37.059	733.110	544.831
37.313	732.814	544.815
37.265	732.532	545.133
37.315	733.022	545.616
37.046	732.256	546.950
36.436	732.244	547.185
36.073	731.551	548.149
36.657	731.171	548.370
36.529	730.654	548.476
37.324	730.834	547.761
36.275	731.996	547.574
35.847	733.455	547.153
35.925	732.419	547.742
36.091	732.444	548.608
35.445	733.298	548.440
34.712	734.124	548.337
35.264	734.797	548.784
34.127	736.363	549.602
35.488	736.238	550.023
35.472	737.950	548.898
35.520	737.187	549.237
36.845	736.475	549.104
37.316	735.824	547.777
37.370	736.225	547.828
36.986	735.898	547.703
35.672	736.341	548.467
35.040	735.996	548.868
36.251	735.831	549.752
35.969	736.213	549.955
36.268	735.753	550.466
36.509	735.512	549.266
37.141	735.576	548.629
37.191	735.880	548.400
37.850	735.315	548.152
37.157	735.315	547.317
36.968	734.571	547.356
37.133	734.248	547.501
37.139	734.056	547.123
37.353	734.515	545.838
37.434	734.021	546.918
36.737	733.483	546.298
37.376	732.063	546.725
37.046	732.558	546.088
36.568	733.592	545.125
37.571	733.766	544.491
37.274	733.937	544.433
36.698	734.565	544.257
36.997	735.186	542.922
37.416	734.100	544.391
37.581	734.233	543.828
37.110	733.678	544.701
37.605	733.158	545.682
36.698	732.347	547.655
37.409	731.303	548.063
36.793	730.907	548.525
35.596	730.969	549.514
36.460	730.681	550.739
36.434	731.510	550.576
37.226	731.882	550.936
36.533	732.890	549.473
37.527	732.632	547.635
37.604	733.392	546.766
37.492	733.039	545.493
37.211	733.744	544.291
35.764	736.185	543.055
35.047	736.871	543.841
36.014	737.519	544.279
36.078	738.158	544.581
36.035	738.045	544.744
35.977	738.877	543.593
35.910	738.570	544.187
35.825	739.272	544.853
35.860	738.978	545.605
36.223	739.847	545.427
35.664	740.903	544.663
35.677	740.970	545.532
35.842	741.773	546.797
35.689	741.696	547.138
34.742	740.885	547.688
33.821	742.091	547.532
34.277	741.163	547.001
35.360	739.779	546.678
35.855	740.129	546.147
36.179	740.259	544.292
35.933	738.712	545.304
36.568	738.019	544.787
35.587	738.486	544.590
35.671	738.030	545.286
35.504	737.428	545.759
35.599	736.785	546.918
36.106	736.617	548.333
35.544	736.461	548.306
35.819	736.657	547.008
35.605	736.773	546.253
35.785	736.754	546.698
35.315	737.097	546.520
35.438	736.687	545.429
35.538	737.293	544.616
35.252	737.593	543.377
35.584	738.152	542.988
35.124	738.491	542.455
35.667	737.294	542.906
35.323	737.824	543.027
35.818	738.710	542.777
36.143	739.325	543.524
35.224	739.621	544.462
35.674	740.097	544.478
36.204	739.271	545.185
35.688	738.920	546.878
35.172	739.935	547.208
35.529	741.288	547.019
34.943	740.997	547.595
35.049	741.644	548.704
34.529	742.118	549.634
33.746	742.029	551.217
32.916	743.597	551.021
33.112	744.010	550.096
33.459	744.106	548.822
33.477	742.960	548.915
33.290	743.783	549.132
32.834	744.305	548.384
33.424	743.752	549.361
33.320	743.937	549.277
33.530	744.009	549.747
32.734	744.798	550.388
32.549	745.101	551.089
32.617	745.645	550.341
31.992	744.878	551.616
33.998	744.155	552.275
32.522	744.042	551.769
33.231	744.050	552.237
34.912	743.717	550.909
32.278	744.512	550.580
32.235	744.604	551.508
33.194	744.695	552.396
33.287	745.148	551.516
33.201	744.982	550.643
33.873	744.150	551.211
33.326	744.432	552.180
32.138	742.697	552.449
33.308	741.275	550.645
33.001	741.105	551.587
33.990	740.646	552.164
34.591	739.242	552.257
34.349	739.248	552.137
34.577	739.046	552.356
32.635	739.435	552.620
34.362	738.394	553.094
36.973	738.104	552.864
36.433	737.497	552.369
35.092	737.350	550.339
36.814	737.492	549.090
36.296	737.951	548.242
36.111	739.133	547.029
36.367	739.369	546.394
36.584	738.740	546.711
36.137	739.047	547.522
35.772	740.146	547.797
35.289	740.544	547.200
35.793	740.372	547.407
35.580	739.695	546.969
34.963	740.756	546.763
35.018	740.897	547.936
35.313	740.925	547.027
35.813	740.395	547.767
35.860	740.034	548.272
35.419	740.311	547.226
34.764	739.424	547.222
35.207	738.948	547.284
35.012	739.745	547.420
36.498	739.363	546.973
35.920	738.369	547.267
36.454	738.509	547.190
34.874	739.678	546.960
34.238	740.688	547.251
34.656	740.360	547.619
36.079	739.137	548.873
36.649	738.593	547.883
37.047	739.296	547.407
36.797	739.325	546.404
36.623	739.379	546.267
36.341	739.336	545.733
36.068	739.253	546.478
36.139	738.083	546.887
36.712	737.090	548.222
36.055	736.390	548.573
36.527	735.747	548.894
36.950	735.799	549.249
36.681	736.415	549.007
36.789	735.188	549.482
36.844	735.870	548.614
37.616	734.313	548.706
37.016	733.630	547.471
37.467	733.074	546.672
37.614	732.498	546.275
37.685	731.818	544.882
38.193	731.666	544.875
37.931	732.021	543.898
37.846	731.971	543.966
37.667	731.110	544.559
37.768	730.160	544.823
37.838	728.903	545.084
37.117	728.857	545.365
36.530	728.028	546.260
36.855	727.802	546.862
36.619	726.232	548.026
37.402	726.510	546.975
37.201	727.025	546.837
36.657	726.409	546.558
35.001	724.955	545.789
35.888	725.007	545.317
36.014	725.599	544.108
35.932	726.322	544.482
34.378	725.473	543.403
34.959	726.036	542.463
31.774	726.470	539.892
30.703	725.285	540.272
31.517	724.912	539.964
33.343	724.373	540.638
31.500	723.289	540.000
32.535	722.168	539.877
32.306	721.368	540.012
31.583	720.941	539.131
31.394	720.240	538.417
32.228	719.339	537.324
32.099	717.673	536.473
32.016	717.663	536.306
31.656	718.204	535.926
31.554	717.801	535.478
30.951	716.654	534.397
30.916	716.694	534.711
30.734	717.128	537.626
30.274	715.499	539.728
31.381	713.225	542.307
32.195	710.138	542.406
32.367	708.948	542.992
32.959	708.021	544.720
33.951	707.448	546.554
34.921	706.435	546.259
34.567	705.924	545.916
34.900	705.699	545.764
35.159	706.342	546.152
34.848	705.321	545.890
35.433	704.599	545.309
35.064	706.485	545.099
34.956	706.288	545.426
34.902	707.151	545.501
34.247	706.462	545.280
34.013	708.072	544.487
33.428	709.654	544.267
33.174	710.049	544.384
32.845	710.463	543.893
33.142	711.457	544.999
33.813	711.358	545.318
33.813	708.701	545.692
33.863	708.263	545.065
33.965	708.810	545.886
34.014	708.295	545.602
34.322	708.086	545.477
33.971	707.838	545.583
34.800	707.012	545.921
33.957	706.623	546.472
34.554	704.683	546.137
34.271	703.706	546.154
34.569	703.913	546.047
34.179	702.956	546.235
34.988	704.429	546.157
34.490	705.985	545.906
34.670	706.127	545.236
34.683	706.776	545.289
34.052	707.572	544.529
35.088	707.028	543.946
33.856	708.001	544.372
34.530	707.529	544.255
33.945	707.374	544.177
34.084	707.003	543.927
33.980	706.272	544.531
34.527	706.508	544.902
34.945	706.102	545.216
34.740	706.248	544.434
34.368	707.264	545.080
34.820	708.079	544.406
33.820	707.763	543.784
34.319	707.626	544.504
34.073	706.921	544.215
34.483	706.255	544.301
33.534	705.992	544.426
33.400	705.955	544.506
34.234	705.580	545.634
33.798	706.680	547.250
34.513	704.861	546.379
34.604	705.100	546.387
34.480	705.744	546.164
34.601	705.407	546.336
34.546	705.095	546.251
34.902	705.358	546.393
33.333	704.875	546.602
35.064	705.014	547.540
34.958	705.050	548.601
34.718	704.699	548.582
34.329	705.684	548.480
34.833	705.740	548.068
35.257	706.405	548.300
35.089	705.609	547.651
35.543	705.262	547.497
35.464	705.696	545.581
35.364	706.812	546.244
34.507	705.330	545.749
34.871	705.520	546.484
34.840	706.523	545.915
34.087	707.057	546.213
34.178	707.606	546.386
34.267	708.401	545.583
34.227	708.381	545.949
34.016	708.075	546.087
34.573	707.604	545.772
35.004	707.361	544.677
34.593	708.424	545.055
33.615	708.713	544.060
33.871	708.268	544.390
33.820	706.757	544.180
34.278	707.491	543.707
34.146	707.756	544.337
34.114	707.515	543.172
33.925	708.415	543.081
33.987	707.477	544.304
33.918	707.370	544.714
34.601	707.604	545.997
35.036	709.005	545.980
35.123	708.333	545.885
34.995	707.783	545.468
34.382	707.843	544.776
34.944	707.356	547.321
34.344	706.799	548.197
35.202	707.143	548.306
34.483	707.209	549.119
34.858	705.684	548.733
34.998	705.850	549.885
34.508	704.980	549.678
35.396	705.695	550.966
34.128	706.451	550.893
33.700	705.980	550.986
34.652	704.945	550.542
35.221	704.564	550.886
34.947	705.882	550.415
34.825	705.108	550.615
35.366	705.837	550.561
35.515	705.233	550.500
35.176	705.021	549.605
35.834	704.387	549.810
35.031	704.658	549.510
35.004	705.337	549.979
35.294	705.034	548.279
34.647	704.348	547.343
34.219	702.438	546.403
34.487	703.084	546.921
34.902	704.674	548.275
34.965	705.787	548.780
34.892	705.308	549.480
35.155	704.672	548.529
34.465	705.460	549.239
35.176	705.466	550.044
34.787	705.779	549.787
35.292	706.467	550.557
35.178	705.957	550.076
35.190	705.780	549.431
34.926	705.251	548.505
35.585	705.052	548.840
34.556	705.550	548.670
34.873	706.116	549.029
35.246	706.412	549.436
35.268	705.864	549.360
34.463	706.594	548.041
35.044	707.964	548.433
35.509	707.993	548.174
34.352	707.343	548.667
34.772	705.894	548.163
34.770	705.744	547.839
35.782	706.992	548.668
35.464	707.060	547.953
35.483	706.450	548.293
35.244	707.382	548.622
34.665	706.025	548.153
33.897	705.596	547.007
33.107	706.240	546.319
32.766	708.200	545.725
32.936	709.584	546.063
32.442	710.207	546.087
32.192	710.903	545.847
32.146	711.323	546.418
32.403	712.070	546.784
32.307	712.178	546.342
32.008	712.883	546.795
32.023	713.787	546.634
32.489	715.006	547.004
33.556	715.378	548.358
32.923	712.932	548.003
33.501	712.864	547.616
33.904	710.639	548.206
33.945	709.837	548.787
33.770	709.516	549.105
34.537	707.498	548.615
34.762	707.124	548.774
34.317	707.120	549.101
33.788	706.911	548.918
34.964	707.594	549.454
34.023	709.331	548.802
34.631	708.401	548.081
34.979	708.705	547.892
34.564	708.655	548.679
35.304	708.771	549.458
34.931	708.418	550.075
35.236	707.642	550.182
34.794	707.669	550.862
34.945	707.010	551.272
35.265	705.947	551.192
34.698	705.858	551.659
35.328	705.795	552.560
34.754	706.364	553.660
35.548	706.323	552.842
35.012	704.808	552.004
35.213	705.308	553.508
35.151	705.434	553.272
34.570	706.830	553.017
34.170	708.412	552.618
34.826	708.226	552.215
34.213	709.283	551.563
34.506	708.167	550.901
34.431	708.773	550.679
34.196	707.884	550.332
34.546	707.989	550.173
34.211	707.368	549.968
34.290	707.729	550.234
34.441	706.198	550.307
33.416	707.011	549.796
33.719	709.062	549.889
35.100	708.110	550.453
34.471	708.387	549.252
34.594	708.612	548.598
34.437	708.687	549.112
34.346	707.435	549.127
33.677	706.619	549.966
34.295	707.821	549.992
34.603	707.610	548.691
34.416	707.134	548.945
34.463	705.858	547.681
34.736	705.953	547.615
34.602	706.216	548.387
34.338	706.973	548.160
33.242	706.736	546.923
32.898	706.737	546.893
33.038	707.686	546.693
33.391	707.672	545.250
33.110	708.329	545.406
32.799	708.393	544.922
32.622	708.618	544.279
32.691	707.950	544.323
33.094	708.834	543.278
32.302	709.262	543.955
31.757	709.888	545.012
32.192	709.407	544.187
31.421	709.735	544.450
33.729	708.304	545.367
34.940	706.690	546.381
33.296	705.851	546.479
35.199	705.362	546.515
35.094	706.075	548.054
35.224	706.239	549.457
35.051	705.594	550.105
35.257	706.097	550.609
35.143	705.702	551.716
35.774	706.929	552.484
34.917	708.843	552.664
34.809	708.463	552.638
34.239	708.393	552.580
34.229	707.836	552.508
34.747	707.682	553.184
34.564	709.228	553.217
34.540	709.261	553.506
34.844	707.585	553.794
34.726	708.631	552.440
35.137	709.511	551.302
35.008	710.372	550.900
35.173	709.565	551.114
34.357	711.925	551.396
34.103	712.344	550.914
33.687	711.136	550.608
33.114	711.800	549.865
33.102	710.435	549.065
33.388	709.362	549.493
33.223	708.023	548.961
33.566	707.902	548.832
33.164	708.444	549.545
33.667	710.158	548.837
32.953	710.037	547.639
33.346	711.282	547.997
32.951	710.492	547.679
33.221	710.115	547.398
32.389	710.402	547.323
33.083	710.072	546.664
32.766	708.637	547.622
32.651	709.007	547.385
32.724	709.319	546.340
32.912	708.090	545.701
32.338	708.842	545.789
31.649	708.726	545.663
32.812	708.698	546.175
32.915	709.476	547.145
33.924	709.513	546.213
32.963	709.131	546.749
33.899	709.374	547.340
32.890	709.611	547.497
33.018	709.828	546.694
32.457	709.077	547.595
33.588	710.779	548.351
33.541	709.760	547.608
33.368	709.393	549.041
34.401	709.938	548.702
33.797	709.571	550.199
34.554	708.684	549.508
34.065	708.971	550.544
34.378	709.568	551.345
34.927	709.120	551.780
34.083	708.164	551.538
34.664	708.145	552.209
35.280	709.262	552.497
34.719	708.920	552.269
34.423	709.040	551.694
33.966	709.516	551.604
34.043	710.438	551.287
33.259	711.732	549.527
33.473	711.430	547.995
33.417	711.304	546.645
33.122	710.518	547.458
33.163	712.533	546.700
33.196	712.442	547.359
33.604	711.963	548.517
32.824	712.137	548.916
33.313	709.809	549.015
32.539	707.479	548.229
32.949	706.402	547.748
33.936	706.241	547.635
34.796	706.537	548.882
34.293	707.295	548.499
33.126	707.133	547.655
33.532	706.654	547.050
33.445	707.401	546.295
33.476	706.744	545.482
33.237	708.352	544.636
32.566	708.211	543.896
33.039	707.707	544.393
32.588	707.770	544.927
32.710	708.681	545.925
33.358	707.790	546.931
33.589	707.209	548.145
33.582	705.665	548.208
32.898	707.429	547.389
33.539	708.368	547.276
34.387	708.159	547.841
35.337	706.748	548.682
35.401	706.813	550.427
35.402	706.398	549.548
35.123	706.672	550.688
35.897	707.081	551.404
34.764	705.038	551.188
34.903	706.076	551.595
35.005	705.931	552.369
35.250	704.169	551.845
34.933	704.697	552.711
35.285	705.047	553.213
35.393	705.255	552.243
35.643	705.932	552.465
35.213	705.952	552.804
35.140	705.417	552.939
35.768	704.313	552.998
35.146	705.376	553.142
35.573	704.140	552.356
34.893	703.741	551.609
35.517	704.234	551.232
35.582	705.025	551.773
34.968	703.794	551.644
35.572	703.800	551.292
34.912	704.216	551.024
34.866	705.292	551.640
35.115	705.169	551.918
34.892	704.237	551.330
35.088	704.605	551.055
35.305	704.095	550.486
35.327	704.949	550.673
34.518	704.466	550.430
34.615	704.513	550.212
34.811	705.842	549.603
34.531	706.099	550.623
34.966	705.565	551.342
35.092	704.799	550.317
35.229	704.475	549.868
35.066	703.123	549.361
35.331	704.229	549.136
35.621	704.923	548.877
35.059	705.677	548.123
34.702	704.690	547.668
34.863	703.974	547.644
34.501	703.840	547.825
35.003	704.493	547.717
34.900	704.900	547.516
34.777	705.484	547.281
34.745	705.188	546.867
35.289	706.822	547.391
34.267	707.143	547.580
34.461	706.955	547.759
34.379	706.362	547.992
34.555	705.488	547.938
34.371	705.033	547.347
33.985	705.788	547.489
34.380	705.439	546.504
34.355	704.739	546.510
34.511	706.183	547.656
34.157	707.292	547.186
34.952	707.269	547.634
34.551	707.684	547.385
34.317	707.413	545.899
34.477	706.049	545.097
34.183	707.477	545.345
34.630	707.528	544.647
34.494	706.839	545.012
33.520	707.434	545.346
33.599	706.297	545.904
33.896	706.001	545.277
34.011	705.622	544.436
33.729	705.826	543.227
33.305	706.388	542.207
32.866	707.434	542.225
32.646	705.862	541.754
33.431	705.902	542.137
34.142	706.173	542.213
33.557	706.096	541.333
32.868	706.273	541.614
33.144	706.164	543.063
33.541	705.135	542.778
33.511	705.470	545.099
34.195	704.626	545.764
34.366	704.816	545.669
34.976	704.683	545.590
34.279	703.680	546.542
34.320	703.937	546.753
34.725	704.460	548.558
35.569	704.854	549.420
34.403	703.911	549.194
34.335	703.552	548.651
34.930	705.060	549.191
34.717	704.995	548.508
35.910	704.797	549.496
34.657	704.197	549.594
35.298	703.588	549.903
34.663	703.444	549.250
35.078	703.673	549.583
34.611	704.401	550.746
35.243	705.125	550.519
34.796	704.971	551.063
35.167	705.224	550.937
35.473	704.732	549.896
34.399	705.398	549.746
34.509	706.131	549.479
34.387	705.617	547.714
34.783	706.638	548.262
34.608	706.752	547.472
33.717	705.430	545.654
34.583	705.349	547.138
34.735	705.094	548.322
35.147	704.262	547.367
34.643	703.445	546.577
35.001	703.880	548.629
34.940	704.612	549.946
35.850	704.778	549.323
35.199	705.459	548.989
35.511	705.778	549.051
34.742	705.905	549.105
35.084	705.215	549.414
34.975	704.849	548.197
35.226	705.512	548.776
35.238	706.300	548.213
35.412	705.269	547.694
35.285	705.690	548.790
34.796	704.677	549.380
35.197	705.087	548.593
35.168	704.301	549.082
35.070	704.589	548.956
34.746	704.443	548.884
35.069	704.934	550.513
35.247	704.996	550.134
35.181	705.099	550.006
34.759	705.586	550.790
35.284	706.280	551.413
35.836	706.220	551.031
35.436	706.271	551.142
34.972	706.718	550.368
34.660	706.001	549.887
35.204	706.415	549.648
35.038	706.887	549.887
34.949	707.710	549.331
34.618	706.947	548.533
34.095	704.691	548.663
35.476	704.685	548.545
35.419	704.985	548.427
34.661	706.324	548.485
34.828	705.665	547.543
34.666	705.208	547.368
34.321	704.828	548.378
34.177	704.528	548.287
34.656	704.416	548.509
35.248	703.404	548.126
35.291	704.097	548.423
34.554	703.684	548.209
34.450	704.522	548.047
35.021	704.193	547.988
34.516	703.881	548.436
34.797	704.783	547.474
34.939	704.280	546.236
34.507	703.710	546.437
34.585	704.677	548.257
35.382	704.386	547.944
35.423	704.407	548.627
35.142	703.407	548.525
35.705	702.940	549.651
35.847	702.764	549.980
35.597	704.078	550.068
34.990	704.087	549.977
35.229	703.337	549.842
34.819	704.009	549.588
35.439	704.915	550.107
35.033	704.276	549.534
34.440	702.789	549.676
35.334	702.810	549.901
35.168	704.641	549.367
34.768	704.881	548.068
34.656	704.850	548.335
34.008	705.101	547.719
34.460	704.592	548.086
34.778	704.414	548.532
34.999	704.266	549.569
35.378	704.471	549.903
35.779	704.382	550.439
35.356	703.529	549.554
34.903	704.163	550.218
35.442	703.877	550.018
35.257	703.939	550.386
34.087	704.921	549.657
34.040	706.245	548.937
33.511	705.750	548.291
33.398	707.267	548.938
32.827	709.413	547.651
32.446	711.433	547.079
31.656	712.554	546.044
31.584	714.765	546.486
31.742	714.772	545.688
31.462	714.640	544.691
32.146	715.069	545.320
32.259	715.558	544.496
32.884	714.557	544.229
31.369	714.833	544.192
32.538	714.137	544.688
32.821	713.847	544.830
32.601	712.924	544.822
31.891	713.995	544.985
32.556	713.079	544.218
32.478	712.602	544.904
32.220	712.560	545.275
31.700	713.349	544.964
31.487	712.406	544.138
31.757	712.740	545.628
31.510	713.488	545.431
31.657	712.822	546.047
32.340	713.308	545.579
32.149	713.533	545.425
32.025	712.475	546.593
31.839	712.681	547.440
32.151	712.237	546.155
31.369	713.613	545.593
31.658	712.873	545.705
32.158	711.360	546.505
32.472	710.433	547.660
33.767	707.449	547.147
33.655	705.422	547.911
35.140	704.430	547.876
34.468	704.739	547.410
34.397	704.570	548.041
34.036	704.944	547.696
34.876	704.858	548.088
34.227	705.750	547.971
34.481	706.218	548.192
34.043	706.502	548.004
33.845	708.393	547.720
33.856	708.067	547.346
33.728	708.222	546.757
34.148	706.961	547.433
34.123	707.107	546.503
34.710	706.401	546.552
34.142	706.779	546.037
33.918	707.531	545.418
34.151	706.602	544.378
33.401	707.148	543.317
32.374	706.234	543.909
32.797	705.494	543.054
32.798	705.561	542.127
32.367	706.505	542.714
32.522	705.972	542.661
32.762	706.318	543.164
33.220	706.966	542.424
32.156	707.948	540.453
32.054	708.872	538.820
31.733	707.802	537.958
31.600	707.874	537.214
31.936	707.083	535.930
32.161	706.195	535.875
31.235	705.728	535.697
32.112	705.875	535.949
30.813	705.625	537.282
31.478	705.970	537.099
31.002	706.627	538.602
31.685	707.401	540.101
32.059	707.699	540.541
32.788	706.922	541.059
32.904	707.148	541.212
33.779	706.661	541.065
33.367	706.863	542.322
33.629	706.116	543.479
32.619	705.797	544.699
34.547	705.319	546.829
35.003	705.268	549.256
33.897	705.316	548.768
34.892	704.553	548.778
35.081	704.618	548.225
34.899	705.555	548.864
35.095	705.891	548.219
35.643	706.591	547.755
34.958	706.133	547.218
35.200	705.832	546.820
35.051	705.392	546.011
34.850	705.062	546.173
35.456	705.775	546.658
34.771	705.801	547.192
35.210	705.232	547.682
35.025	706.440	550.176
34.922	706.117	549.120
34.231	705.560	548.292
33.101	708.824	548.740
34.248	709.141	549.221
34.043	709.013	548.593
33.991	708.667	548.711
33.762	708.066	549.227
32.975	708.266	548.682
33.505	707.894	549.427
33.536	708.064	549.278
33.277	707.531	548.726
33.600	708.195	549.752
34.266	707.995	549.912
33.541	706.910	548.430
33.856	706.976	548.210
33.620	707.742	548.302
33.556	708.497	548.536
34.002	707.296	548.648
34.577	706.110	549.065
34.509	705.704	549.148
33.728	706.237	549.597
33.621	705.843	548.873
33.406	705.992	549.382
33.553	705.411	549.393
33.507	705.710	549.883
34.586	705.665	550.146
33.743	705.711	550.342
33.888	706.670	550.600
34.015	707.441	551.078
34.119	706.788	550.625
34.896	705.775	551.058
34.243	705.158	550.319
33.914	705.594	549.745
33.923	706.688	550.150
33.611	705.934	550.159
33.845	706.037	549.178
33.282	704.718	549.523
33.393	704.610	550.382
33.371	705.115	551.042
33.952	704.882	551.761
34.179	705.102	552.412
33.942	706.295	551.912
33.751	707.827	552.172
33.587	707.841	552.338
33.518	708.512	550.731
33.933	708.647	550.609
33.355	710.034	550.941
33.806	709.322	549.856
33.739	708.649	549.411
34.260	707.931	547.510
33.600	709.609	548.657
33.041	710.447	549.248
33.182	713.026	548.344
31.700	713.449	547.666
31.978	713.942	547.379
32.622	712.950	546.787
31.748	711.455	547.255
32.244	710.851	546.925
31.586	711.336	546.290
31.632	709.271	545.801
33.141	706.834	545.721
33.996	705.381	546.476
34.013	703.198	546.160
33.953	704.280	547.428
33.683	705.356	549.247
34.855	704.504	549.805
34.673	705.303	550.192
35.029	705.286	549.081
34.629	705.854	548.958
33.574	709.346	547.042
32.753	710.546	546.386
32.963	710.357	546.155
32.288	710.936	547.116
32.751	712.875	547.062
32.476	712.421	547.437
33.153	709.429	546.536
31.997	707.580	546.466
32.129	706.523	546.289
32.791	705.644	546.374
32.466	706.282	546.880
33.979	705.567	547.119
33.593	706.769	548.683
34.270	707.482	549.203
33.698	704.632	548.486
33.027	705.055	548.269
33.567	705.493	548.130
33.576	705.128	547.106
33.373	705.944	548.145
33.622	706.101	548.999
33.564	706.442	549.553
33.969	705.653	550.052
34.345	705.935	549.799
34.761	706.276	549.220
33.172	706.129	549.261
33.750	706.531	550.043
34.444	706.933	548.676
33.792	707.131	549.262
32.981	708.510	549.784
32.892	707.809	549.416
33.028	708.461	549.229
34.004	710.115	548.714
33.343	710.825	548.505
34.235	712.608	547.803
32.776	712.875	546.445
33.201	711.525	545.356
32.571	711.877	544.508
32.371	710.386	545.265
33.897	707.788	546.246
34.498	706.638	546.750
34.845	706.978	547.595
35.312	708.083	547.452
34.979	707.807	546.494
34.509	708.302	546.276
34.777	707.529	546.642
35.106	705.580	546.169
34.151	705.326	547.031
33.843	703.561	548.026
34.045	704.356	548.922
34.860	703.951	548.992
34.965	704.954	549.339
34.535	705.489	549.032
35.154	704.649	548.922
34.539	705.543	549.053
34.135	705.725	549.019
34.994	704.457	547.948
34.170	705.328	548.037
35.226	706.897	548.456
34.569	706.847	547.819
34.981	707.738	548.806
35.380	706.828	548.702
34.837	706.139	548.966
34.861	705.235	549.110
34.554	705.427	548.657
34.852	704.843	547.880
34.718	705.626	547.675
35.533	706.025	547.469
34.982	705.471	547.232
34.592	704.985	547.348
34.024	704.214	547.301
34.940	704.170	546.735
34.119	704.975	547.783
34.106	704.385	547.689
34.680	704.622	548.114
34.258	703.347	548.159
34.675	703.537	548.995
34.828	704.586	547.984
35.044	704.822	548.354
34.488	705.309	547.844
35.108	704.825	548.341
34.923	704.879	548.042
34.948	705.478	548.464
34.858	705.596	548.566
34.900	705.371	548.863
35.502	705.357	549.431
35.213	705.031	548.692
35.270	705.552	547.665
34.939	705.384	548.120
34.738	705.307	548.385
35.474	705.385	547.493
34.476	705.768	546.596
34.218	705.472	547.387
33.700	705.478	547.545
34.787	706.000	548.427
34.635	704.604	547.696
34.743	704.608	548.153
34.889	705.193	548.129
34.894	704.673	548.081
34.908	704.218	547.441
35.162	705.111	548.370
34.939	706.151	548.163
34.933	706.574	547.328
35.174	706.744	547.337
35.315	706.581	546.909
34.649	705.976	546.858
35.085	705.763	546.475
34.842	705.996	546.116
34.589	704.689	546.578
34.962	704.917	546.624
35.054	705.525	546.301
34.404	705.530	547.201
33.941	705.805	546.304
33.505	706.256	546.874
32.413	708.370	546.273
31.828	708.791	546.365
31.849	709.152	545.713
32.310	709.984	546.668
32.091	709.371	546.436
31.878	709.345	545.544
31.415	709.913	545.959
31.791	710.334	545.773
31.843	710.762	546.796
