36.205	726.208	550.656
35.993	727.109	550.781
36.749	726.946	551.572
36.270	727.609	551.389
36.031	727.848	550.042
35.995	729.073	549.076
36.221	729.581	548.186
35.620	729.988	548.649
36.031	730.449	549.174
35.897	730.975	548.508
35.456	732.475	548.981
35.876	733.008	548.874
35.243	733.350	549.763
35.614	733.140	550.985
36.079	732.297	551.693
35.823	732.311	552.654
35.627	733.213	551.093
35.897	732.624	551.419
35.780	733.124	550.857
35.779	732.696	551.519
35.365	732.299	552.159
35.705	732.073	550.625
35.573	731.925	550.359
34.622	731.735	549.363
35.678	730.987	549.538
35.728	730.844	549.421
35.619	730.574	549.690
35.598	730.354	550.666
35.729	729.348	550.961
36.079	728.593	550.702
36.072	728.059	551.669
36.396	727.592	552.346
36.084	727.544	552.257
36.656	726.899	552.242
36.353	726.981	551.473
36.162	726.911	551.427
36.382	726.653	551.829
36.594	726.307	551.477
36.223	724.909	551.000
36.229	723.738	550.951
36.268	724.850	549.645
36.392	725.259	550.206
36.683	724.719	550.000
36.595	724.372	550.669
36.847	723.631	551.276
36.411	723.824	550.881
36.084	724.538	550.618
35.339	726.504	550.199
35.190	727.628	550.560
35.690	729.532	550.515
35.753	730.440	550.274
35.763	730.585	549.613
35.379	732.109	550.248
35.631	731.985	550.231
35.313	732.598	550.448
35.239	733.058	550.747
35.438	733.108	551.411
35.717	732.612	551.824
35.957	732.345	552.632
35.783	732.111	552.583
35.850	731.423	553.302
35.539	730.442	553.081
35.738	729.127	553.466
36.255	727.987	553.073
36.393	727.368	553.358
36.521	726.271	553.571
36.632	724.988	553.395
36.601	724.010	552.407
36.921	722.944	551.644
36.735	723.090	551.156
36.432	723.315	550.274
35.917	723.266	550.255
35.579	723.752	550.299
35.531	725.074	549.935
36.718	724.637	551.391
36.194	725.115	551.320
36.249	723.913	552.045
36.482	725.440	550.217
36.060	727.240	548.000
36.608	727.345	547.929
35.947	726.896	549.099
35.975	727.390	549.487
36.297	727.137	549.104
36.203	726.446	549.417
35.818	726.484	548.938
35.822	726.977	548.525
35.587	727.557	549.630
35.294	728.613	550.776
35.066	729.916	550.761
35.710	729.939	551.634
36.024	729.647	552.233
35.904	729.335	552.979
35.824	729.376	553.040
35.919	728.766	553.126
35.968	727.919	553.632
36.273	728.776	554.338
35.934	728.992	553.492
35.854	729.590	552.661
35.554	730.041	553.437
35.577	729.324	552.894
35.786	728.949	553.830
35.989	728.844	553.981
35.477	729.817	553.566
35.677	730.429	552.643
35.835	730.318	552.773
36.107	730.021	553.039
35.557	729.661	553.670
35.899	729.808	554.085
35.895	729.358	553.651
35.684	729.486	552.590
36.345	729.247	551.042
35.886	729.600	550.338
35.905	731.003	549.198
35.812	731.217	549.498
35.848	730.892	549.354
35.986	731.420	549.521
35.365	731.623	550.165
34.881	732.123	550.515
35.522	731.043	551.679
35.715	730.392	552.327
36.031	730.599	550.479
35.655	730.457	550.600
36.042	729.854	551.024
35.493	729.974	551.019
36.195	728.842	552.024
35.994	729.394	551.415
36.069	728.642	551.491
36.241	728.695	551.032
36.208	729.596	550.220
36.122	731.094	548.878
35.577	730.674	549.488
35.487	731.020	549.517
35.532	731.055	550.647
35.706	731.416	551.533
35.642	732.113	551.786
36.040	731.859	551.027
36.433	733.219	550.414
35.628	732.407	550.047
35.848	731.456	550.476
35.726	730.426	550.644
36.017	730.065	551.489
35.737	732.081	549.247
35.933	732.904	548.653
35.559	732.073	549.718
35.736	731.357	550.347
35.856	729.648	550.641
36.156	728.965	551.640
35.604	729.102	551.479
35.426	727.978	550.712
36.403	727.133	551.568
36.545	726.840	551.894
36.228	727.713	550.981
35.953	729.001	549.991
35.958	729.312	550.261
36.346	728.890	549.967
35.839	729.092	550.622
35.708	728.962	551.378
36.010	729.243	551.349
36.217	728.558	551.261
36.086	728.395	551.122
36.083	728.246	550.559
36.660	727.833	551.292
36.213	728.059	550.700
36.339	728.216	550.947
36.182	728.468	551.195
36.254	728.180	551.320
35.966	728.591	550.650
35.689	730.009	549.677
35.680	730.049	549.950
35.753	730.662	549.469
35.449	731.876	548.891
35.725	732.714	549.692
35.985	732.947	549.974
35.773	732.717	550.183
35.564	732.992	550.850
35.766	732.485	550.859
35.669	732.019	551.624
35.679	732.641	551.413
35.484	732.438	551.136
35.869	731.983	551.659
35.758	731.711	551.513
35.971	731.881	550.858
35.534	732.403	550.687
35.921	731.945	551.533
36.020	731.800	552.287
35.643	730.594	553.151
35.458	730.596	553.600
35.690	730.158	554.178
36.241	730.181	553.512
36.113	730.423	552.531
35.834	731.403	552.131
35.565	731.347	551.789
35.718	730.803	552.267
35.969	730.733	552.280
36.079	731.332	551.396
35.563	731.910	549.739
35.364	732.562	548.809
35.605	732.372	549.606
35.631	732.003	550.277
35.553	731.124	550.448
35.677	730.856	550.889
35.333	731.273	551.609
35.875	731.144	552.130
36.017	732.232	551.332
35.983	733.042	549.845
35.696	733.767	548.785
36.107	733.802	547.721
35.720	733.139	548.249
35.695	732.436	548.950
35.129	731.840	549.233
35.621	730.891	549.537
35.561	730.161	550.889
35.993	728.649	552.189
36.057	728.526	552.471
36.141	728.602	552.114
35.583	730.380	550.690
36.107	730.276	550.027
35.499	729.771	549.616
35.601	729.794	550.092
35.900	730.063	550.512
36.036	730.333	550.859
36.175	729.423	551.334
35.442	729.884	550.319
35.674	730.841	550.272
35.398	730.589	551.143
35.429	731.284	550.899
35.806	731.802	550.754
35.633	732.091	551.442
35.449	732.423	551.026
35.946	731.251	552.132
36.181	731.843	551.442
35.655	731.351	551.973
35.741	730.625	552.605
35.858	731.123	552.284
35.684	731.410	550.548
35.309	731.579	549.754
34.532	731.391	550.199
35.693	730.214	549.516
35.475	730.037	550.617
35.598	730.700	551.023
35.584	730.154	551.747
36.176	729.478	552.275
35.909	728.800	552.301
35.975	729.952	551.265
35.613	729.979	551.632
36.175	730.170	552.543
35.602	730.434	552.778
35.791	731.476	551.737
35.876	732.311	550.636
35.653	732.029	550.579
36.225	731.461	550.631
35.940	731.788	550.593
35.461	732.070	550.482
35.413	731.561	550.264
35.763	731.143	549.435
35.881	730.563	549.251
35.827	730.851	549.878
35.578	730.901	551.121
35.745	730.741	551.006
35.805	731.037	551.800
35.984	730.327	552.515
35.980	729.759	552.496
35.984	729.714	551.915
35.715	730.523	551.661
35.987	730.729	552.712
35.559	730.565	553.509
35.020	730.278	552.677
35.674	729.972	552.132
35.941	729.865	551.979
36.010	729.950	552.580
35.614	730.359	552.122
35.849	730.574	550.997
36.053	729.903	550.874
36.218	729.211	550.871
35.901	729.585	550.103
35.717	730.035	549.629
35.914	730.466	548.189
36.088	730.383	547.510
35.786	730.438	547.141
36.222	731.069	546.794
35.735	731.256	547.525
35.782	731.234	548.592
35.510	731.855	548.936
35.982	732.265	549.093
35.548	731.707	549.576
35.667	731.650	550.191
35.732	731.163	551.103
35.223	731.373	550.241
35.605	730.922	549.597
35.377	729.935	550.226
35.864	729.416	550.525
35.882	729.565	551.578
35.693	730.672	551.505
36.061	729.232	552.986
35.876	729.973	551.280
35.802	730.624	550.121
36.067	729.399	550.744
36.029	728.164	551.492
35.485	727.145	550.366
35.958	725.692	550.544
36.273	724.882	550.580
36.097	725.542	550.493
36.431	726.368	549.223
35.332	726.815	548.648
35.280	728.093	549.196
35.057	729.367	549.239
35.680	729.248	549.395
35.861	729.997	548.230
35.683	729.056	549.501
35.994	728.644	550.407
35.885	729.544	549.350
36.067	730.648	548.740
35.640	731.213	549.792
35.114	731.330	551.086
35.838	731.502	550.468
35.186	731.268	550.870
35.578	731.550	550.993
35.429	732.579	551.084
35.485	732.764	551.706
35.695	733.062	552.064
35.807	733.596	550.874
35.769	733.865	550.534
35.780	733.141	551.388
35.473	732.664	551.161
35.555	732.074	551.853
35.768	732.190	552.188
35.409	732.149	551.128
36.113	730.996	551.208
35.370	730.483	551.766
35.875	731.012	551.530
35.764	732.364	550.263
35.913	732.492	549.454
35.774	732.813	548.293
35.744	732.303	548.791
35.371	731.580	549.494
35.652	731.047	549.815
35.886	730.641	550.267
35.739	731.302	550.378
35.720	731.295	550.557
35.811	730.760	550.849
35.720	730.829	550.747
35.792	730.933	550.456
35.661	730.945	550.058
35.640	731.478	549.957
36.002	730.956	549.407
35.384	730.057	549.842
35.960	728.670	550.390
35.701	727.715	550.352
35.737	727.120	551.107
36.553	726.529	551.128
36.358	726.622	550.753
36.367	727.213	550.143
36.353	725.865	550.414
36.275	725.813	550.491
35.445	726.880	550.082
35.969	727.164	549.982
36.139	726.418	550.660
36.180	727.452	549.829
35.845	728.295	549.054
35.690	728.596	549.138
35.734	728.602	549.554
35.510	729.589	550.104
35.243	730.489	550.729
35.588	730.124	551.896
35.697	729.701	552.058
36.309	728.756	552.298
36.338	728.071	552.383
36.050	727.282	551.418
36.606	726.429	551.441
36.245	726.242	552.046
36.382	726.086	552.047
36.412	725.624	552.076
36.425	725.615	552.304
36.392	725.510	552.117
36.223	725.304	552.182
35.814	725.377	551.729
36.786	724.821	551.734
36.636	725.173	551.417
36.207	725.142	551.142
35.702	725.473	550.843
35.901	725.299	551.121
35.594	725.099	551.310
36.211	725.737	550.983
36.368	726.249	550.753
36.411	725.873	551.311
36.345	726.063	551.221
35.551	726.033	551.515
36.239	726.065	551.515
36.353	725.858	552.209
35.960	726.503	551.268
36.029	727.131	551.127
35.267	728.050	551.103
35.773	727.850	551.925
36.071	727.824	552.088
35.922	728.153	551.935
35.900	728.658	552.053
35.982	729.286	552.188
35.974	729.649	551.967
35.427	730.574	551.587
35.661	731.360	552.038
35.639	731.589	551.213
35.333	732.831	549.597
35.345	733.369	549.775
35.751	733.535	549.290
35.663	733.285	548.915
34.829	731.844	548.867
35.663	731.496	549.552
35.667	730.890	550.147
35.581	731.545	549.235
35.663	732.324	549.044
35.562	732.014	548.954
34.799	731.076	550.299
35.820	731.257	550.652
35.839	731.925	551.192
36.363	732.177	550.403
35.780	731.710	550.203
35.792	732.495	549.488
35.235	732.107	549.692
35.883	732.445	550.926
34.986	732.363	551.707
35.162	732.256	552.307
35.947	732.174	552.407
35.748	731.769	551.824
35.064	731.681	550.868
35.364	731.672	550.185
35.373	732.484	549.513
35.487	731.703	550.051
36.011	731.937	550.114
35.551	732.653	549.272
36.022	732.757	548.759
35.719	731.934	549.498
35.673	731.903	549.529
35.867	731.728	550.764
36.004	731.623	551.164
36.029	732.290	550.084
35.523	731.020	550.888
35.584	729.719	551.913
35.923	730.035	551.660
35.520	730.656	552.016
35.701	730.556	552.724
35.775	730.736	553.793
35.605	731.087	553.780
35.737	731.642	553.288
35.321	731.621	552.461
35.174	731.422	552.280
35.488	730.031	552.227
35.989	729.628	551.689
35.614	730.234	551.193
35.582	729.717	551.207
35.780	729.580	550.584
35.562	730.643	549.629
35.367	730.285	549.613
35.794	729.447	550.600
36.055	728.730	551.068
35.499	728.692	549.898
35.809	729.837	548.897
35.925	730.348	549.055
35.847	729.897	549.391
36.037	730.569	548.185
36.014	731.306	547.869
35.959	731.431	547.499
35.273	730.396	547.466
35.863	730.565	546.895
35.929	730.990	546.453
35.444	731.373	546.150
35.624	729.074	547.965
35.629	728.188	548.703
36.061	727.416	549.127
35.910	726.357	548.413
35.997	726.350	547.649
36.275	726.042	548.448
35.671	726.252	548.769
35.639	726.122	549.606
36.195	724.821	551.625
36.247	723.854	551.354
36.012	723.452	551.312
36.252	722.438	551.130
35.277	722.615	551.217
35.186	723.470	551.367
35.619	724.108	550.591
35.649	725.157	550.033
36.221	724.753	550.581
35.512	725.827	550.930
36.025	726.931	551.127
36.397	725.981	551.508
36.395	725.994	552.060
36.236	725.946	551.176
36.217	725.718	551.113
35.944	726.521	550.806
36.190	727.510	551.224
36.391	727.668	551.011
36.140	728.300	550.371
36.129	728.170	549.167
35.473	727.656	550.251
35.865	728.040	550.155
36.087	728.722	549.137
35.715	730.059	548.781
35.606	730.681	549.016
35.645	731.861	547.878
35.486	731.359	548.827
35.769	730.686	550.071
35.312	731.919	550.932
35.665	732.879	550.697
36.111	733.355	550.483
35.956	733.959	549.177
35.960	733.975	549.193
35.894	732.849	549.777
35.610	733.355	550.349
36.044	733.062	550.753
35.722	732.797	551.138
35.680	733.518	550.690
35.943	733.796	551.266
35.616	734.156	550.357
36.160	734.016	550.161
36.291	735.236	549.224
35.957	735.866	548.119
35.520	735.691	549.027
35.359	734.935	549.750
36.077	733.918	549.657
35.811	733.779	550.305
35.776	733.964	549.749
35.603	734.131	549.821
35.206	732.720	550.586
35.360	732.106	551.718
35.574	731.218	552.265
35.554	729.896	552.114
35.504	730.295	550.694
36.043	729.691	551.219
35.640	729.803	551.183
36.260	730.246	550.876
35.743	730.127	551.034
35.653	730.602	551.068
35.754	731.826	551.098
34.957	732.134	551.743
35.776	732.152	552.478
35.334	732.246	551.591
35.843	731.577	552.113
35.568	731.447	551.887
35.995	731.303	551.983
35.480	730.819	551.359
35.790	731.172	550.367
35.565	730.223	550.701
35.783	729.235	550.945
35.524	728.054	550.390
36.525	727.036	549.965
36.319	726.402	549.792
35.512	727.574	548.888
36.074	727.336	549.888
36.374	726.168	549.962
36.117	726.938	549.120
35.691	727.376	549.518
35.925	727.262	550.538
36.108	727.813	551.197
35.955	728.874	551.232
36.352	729.747	550.864
35.777	730.025	551.552
36.001	730.416	552.238
36.173	729.704	552.507
35.526	730.291	551.716
35.535	729.945	551.241
35.964	729.149	551.673
35.700	729.891	550.922
36.063	729.946	550.065
36.076	729.266	549.773
35.594	729.276	549.249
35.804	728.674	549.420
35.758	729.109	549.015
35.587	728.677	549.476
36.078	728.460	549.245
35.809	728.283	548.220
36.161	727.873	548.172
35.484	728.954	548.562
35.885	729.552	548.661
35.534	729.567	549.930
36.122	729.279	549.946
36.119	728.949	550.255
35.870	728.856	549.985
36.203	729.883	548.791
35.287	729.699	550.202
35.993	729.756	550.423
35.724	730.633	550.051
35.187	731.508	550.868
35.659	731.681	552.526
35.931	731.955	552.732
35.667	731.481	552.980
36.108	731.003	553.426
35.753	730.704	553.149
35.586	731.090	553.561
35.889	731.100	553.536
35.737	731.397	553.957
35.443	731.623	553.370
35.801	731.188	552.743
35.487	732.313	551.973
35.641	733.009	550.307
35.827	732.846	549.474
35.670	732.984	549.544
34.989	732.974	548.894
35.787	732.594	548.927
35.323	731.265	549.902
35.960	729.988	550.551
35.711	729.146	550.764
35.975	728.960	550.204
35.548	729.760	549.544
35.778	729.983	549.922
35.991	730.660	548.833
35.760	730.493	549.502
35.887	730.284	549.917
35.644	730.214	549.964
35.644	730.376	549.173
35.907	729.807	548.941
36.205	728.488	549.878
36.054	727.583	550.457
36.146	727.911	549.941
35.649	728.054	550.500
35.838	728.045	550.654
35.874	728.523	550.163
36.147	729.720	549.290
35.719	729.711	549.308
35.862	729.878	549.829
35.432	729.517	550.067
36.065	729.236	549.798
35.767	728.882	550.359
35.635	729.165	549.256
36.127	728.999	548.935
35.825	729.453	548.607
36.081	728.177	549.212
36.281	727.098	550.570
36.186	727.464	551.150
35.735	728.181	550.846
35.102	728.689	552.064
35.478	728.565	552.983
36.011	728.581	553.395
36.165	728.901	553.883
36.260	729.157	553.277
35.862	728.757	553.165
35.879	728.471	552.346
36.060	728.229	551.533
36.405	727.919	551.800
36.003	729.049	551.707
35.578	730.498	549.996
35.709	731.070	550.344
34.952	732.060	550.344
35.477	732.045	551.219
35.728	732.639	551.107
35.605	733.063	551.106
35.651	732.753	550.919
35.592	732.850	550.625
35.695	732.298	551.610
35.846	731.612	552.726
35.803	731.945	552.814
35.777	731.138	553.997
35.166	729.970	554.916
35.974	729.418	554.715
36.064	728.075	555.988
36.006	727.562	555.669
35.742	728.246	554.955
36.085	728.923	553.793
35.844	729.292	552.878
36.006	728.616	552.659
35.626	729.991	551.815
35.894	728.850	552.408
36.198	728.245	552.429
35.409	729.220	551.028
35.856	729.319	550.295
35.684	729.139	549.418
36.248	728.086	550.025
35.943	727.850	550.401
35.866	727.332	550.508
35.650	727.982	551.008
36.112	727.577	551.469
36.085	728.896	551.043
35.867	729.343	550.212
35.826	730.166	549.543
35.691	730.044	550.577
35.637	729.793	551.469
35.407	731.119	550.891
35.525	730.865	551.079
35.360	731.813	551.194
35.786	732.901	550.453
35.633	733.415	549.833
35.425	733.072	549.812
35.409	733.070	550.446
35.489	733.293	550.594
35.432	732.828	551.737
35.507	733.126	552.700
35.574	733.056	552.694
35.776	733.723	551.494
35.234	733.251	550.245
35.649	732.350	550.082
35.393	732.189	549.466
35.789	733.145	547.497
35.858	733.158	547.495
35.461	732.450	547.909
35.248	730.905	549.018
35.712	730.144	549.753
35.551	729.332	549.626
36.295	728.567	549.921
36.234	728.602	550.159
35.707	728.686	550.029
35.959	729.042	549.813
35.362	729.991	549.489
35.463	730.362	549.332
35.478	730.589	549.231
35.841	730.609	549.654
35.393	731.725	550.363
35.368	732.504	550.060
35.669	733.973	549.048
35.547	734.078	548.935
35.630	733.548	549.759
35.515	732.692	551.278
34.712	731.865	551.594
35.520	730.952	552.776
35.675	730.962	553.680
35.901	730.357	554.770
36.132	729.661	555.607
36.196	729.174	555.658
35.781	729.107	554.549
35.977	729.702	554.513
35.827	730.392	554.833
35.911	729.773	554.543
36.063	729.974	554.761
35.967	731.063	554.096
35.640	732.037	553.230
35.595	732.149	552.735
35.566	731.847	552.219
35.798	731.023	552.631
35.701	731.285	552.696
35.772	729.974	554.076
35.784	729.936	554.267
35.650	731.144	552.891
35.851	731.159	553.967
35.690	732.014	554.061
36.000	732.222	553.982
35.743	732.378	553.479
35.801	732.695	552.925
35.590	732.256	553.481
35.735	732.049	552.149
35.353	731.530	551.917
35.346	732.560	551.253
35.340	732.587	550.742
35.222	732.859	549.992
35.575	733.557	549.167
35.640	732.953	550.213
35.561	733.617	549.671
35.425	732.735	550.287
35.756	731.685	551.372
35.550	732.025	550.832
35.698	731.270	551.616
35.795	731.126	552.160
35.447	730.706	551.779
35.926	731.725	551.465
35.614	732.768	550.946
36.074	733.664	550.674
35.777	733.411	551.854
35.550	734.234	551.474
35.889	734.548	551.583
35.934	734.478	551.808
35.816	734.429	551.917
35.855	734.284	551.932
35.540	732.929	552.071
36.082	732.430	552.974
35.655	732.608	552.098
35.997	732.489	552.467
35.888	731.857	552.705
35.730	731.663	552.843
35.654	731.395	552.648
35.834	730.423	552.837
35.774	729.470	553.145
35.778	729.386	552.048
36.055	728.738	551.044
36.363	728.387	551.255
35.910	727.811	551.301
36.064	728.013	550.924
35.539	729.116	551.076
35.520	728.755	551.380
35.860	729.005	551.877
35.903	729.384	551.750
35.622	729.568	551.242
35.624	729.661	551.290
35.544	729.837	550.417
35.501	729.714	549.464
35.933	729.735	549.319
35.164	728.277	549.325
35.892	727.147	549.983
36.357	726.559	550.691
36.473	725.973	551.525
36.320	725.223	552.498
35.637	725.645	552.111
35.499	726.531	551.944
35.636	728.472	551.980
35.883	729.186	550.907
35.619	730.094	550.034
35.446	730.784	550.016
35.457	731.087	550.487
35.752	731.661	549.762
35.900	731.522	550.370
35.391	731.234	550.433
35.530	730.330	550.915
35.519	729.904	550.806
35.716	730.025	551.184
35.412	730.620	550.720
35.715	731.112	550.904
35.423	730.506	550.497
35.611	730.573	550.134
35.696	729.726	551.097
35.482	729.509	550.644
35.547	729.667	550.665
35.836	730.885	548.716
35.528	730.896	548.663
35.732	730.617	548.857
35.743	730.720	549.337
35.272	729.535	549.130
35.636	729.368	549.880
36.056	728.809	550.435
35.641	728.689	550.629
35.889	729.312	550.548
35.541	729.534	551.441
35.509	730.644	551.683
35.680	731.672	552.538
35.603	731.969	552.926
35.885	732.386	552.787
35.733	732.924	551.981
35.453	733.783	551.461
35.611	733.899	551.980
35.434	734.767	552.633
35.592	733.733	553.328
35.581	733.061	553.330
35.182	732.299	553.436
35.760	731.833	552.867
35.899	731.591	554.026
35.548	731.877	554.015
35.739	731.343	553.892
35.811	730.548	553.724
35.173	731.879	553.224
35.740	732.168	552.471
35.603	731.677	552.109
35.583	731.238	551.420
35.715	730.807	551.406
35.847	729.864	551.098
35.590	729.792	551.406
35.753	729.548	551.665
35.748	729.895	551.360
35.636	729.868	550.550
35.569	730.769	550.393
35.554	731.464	549.920
35.812	731.173	550.524
35.402	731.150	550.776
35.499	730.651	551.412
35.190	731.132	550.642
35.580	730.460	550.353
35.958	729.560	549.905
35.513	730.494	548.268
35.747	730.604	548.977
35.547	731.357	550.013
35.347	732.419	549.267
35.681	732.582	548.930
36.006	733.408	548.725
35.327	732.180	550.404
35.752	731.719	550.773
35.624	731.061	552.035
35.707	730.872	552.070
35.672	731.023	551.660
35.756	730.790	552.146
35.150	730.272	552.070
36.084	729.051	552.620
35.692	728.996	552.613
35.856	728.625	552.526
35.560	727.902	552.851
36.118	727.407	552.287
36.091	726.381	551.686
35.915	727.206	550.799
36.000	727.526	549.867
35.735	728.373	549.165
35.532	728.636	548.315
35.547	729.310	548.247
35.423	729.989	547.808
35.562	730.835	548.763
35.458	731.688	549.584
35.390	732.647	550.641
35.549	732.969	551.907
35.824	732.901	551.703
35.435	732.922	552.355
35.706	732.747	552.058
35.527	732.307	552.583
35.622	731.896	552.570
35.720	731.444	552.836
35.547	731.828	551.674
35.745	732.141	551.982
35.724	731.659	552.755
35.981	732.796	552.713
35.769	732.473	553.524
35.560	731.117	554.048
36.102	730.837	554.083
35.786	730.880	553.910
35.842	730.404	554.966
36.131	729.804	554.825
35.012	730.443	553.627
35.786	731.038	552.326
35.508	731.396	551.130
35.334	731.183	551.205
35.711	731.211	551.468
35.694	731.012	551.702
35.542	730.564	552.235
35.757	730.367	552.723
35.626	730.616	553.091
35.412	730.667	553.184
35.601	731.029	551.842
35.554	730.046	552.485
35.483	729.780	551.628
35.531	729.249	552.706
36.043	729.592	552.314
35.022	729.323	550.892
35.435	728.187	550.465
35.587	728.106	549.390
36.372	727.343	549.549
36.301	726.965	550.319
35.996	727.195	550.316
35.644	727.921	550.442
35.653	727.736	550.663
36.281	728.546	550.879
35.313	730.064	550.543
35.694	730.234	551.122
35.383	729.945	551.903
35.310	730.575	551.790
35.521	731.491	551.927
35.707	731.141	552.768
35.326	731.102	552.775
35.634	730.361	552.873
35.644	730.475	552.401
35.312	730.312	551.506
36.018	730.889	550.265
35.753	731.199	550.410
35.834	731.020	550.701
35.522	732.400	550.681
35.625	732.353	551.217
35.384	731.577	551.454
35.726	731.671	552.288
35.788	731.777	551.701
35.318	731.350	552.625
35.587	731.428	552.239
35.227	731.024	551.482
35.173	731.199	551.000
35.805	730.537	551.347
35.640	731.068	551.023
35.655	730.923	551.352
35.463	730.728	551.885
35.517	730.349	552.390
35.687	729.772	551.835
35.778	730.054	551.976
35.787	730.303	551.840
35.722	730.231	551.482
35.260	730.981	551.479
35.198	730.989	551.186
35.172	730.354	550.725
35.587	729.637	551.046
35.656	729.059	551.443
35.933	727.542	551.789
35.876	727.572	551.975
36.205	727.355	551.966
36.171	726.792	552.036
35.982	726.931	550.919
36.428	726.497	551.034
35.737	727.010	549.785
35.594	727.386	549.780
35.390	728.430	550.015
36.126	728.440	549.676
35.773	727.547	550.841
35.992	727.923	551.699
35.662	728.005	551.395
35.963	728.055	550.987
35.945	728.061	551.022
36.046	727.828	551.995
36.037	728.037	553.165
35.947	728.581	552.781
35.285	729.555	551.814
35.523	729.824	552.180
35.624	730.998	550.457
35.683	732.117	548.875
35.599	732.115	549.079
35.561	732.430	549.578
35.209	732.008	551.280
35.127	731.292	552.103
35.638	730.382	552.980
35.755	729.912	553.221
35.625	729.505	553.209
35.288	730.374	551.801
35.661	730.533	551.224
35.725	730.856	551.151
35.358	730.246	550.463
35.516	729.584	549.653
35.445	731.168	548.973
35.650	732.455	548.988
35.754	732.859	549.107
35.462	732.943	549.117
34.920	731.906	549.573
35.154	730.800	550.990
35.842	730.431	550.805
35.767	728.971	550.466
35.713	728.056	551.129
36.096	727.375	551.715
35.778	727.489	551.248
36.131	727.240	551.412
36.176	726.128	550.802
35.920	726.433	551.019
35.837	726.698	551.270
36.018	726.209	552.297
35.919	725.845	551.627
36.625	725.646	551.709
36.027	726.354	551.940
36.092	726.119	551.543
36.627	725.460	551.791
35.392	726.226	550.878
36.102	726.558	551.303
36.169	727.257	550.930
36.083	727.001	550.353
35.728	727.772	549.586
35.964	728.980	548.417
35.579	728.322	549.035
36.063	727.591	549.529
35.746	727.921	550.244
36.066	728.049	549.378
35.750	728.418	548.859
35.525	728.065	549.835
35.416	729.014	549.568
35.695	730.128	549.292
35.475	730.737	548.641
35.767	731.473	549.062
35.517	731.010	549.440
35.388	731.402	549.727
35.399	731.449	549.588
35.393	730.887	549.800
35.613	730.346	549.647
35.939	729.443	549.698
35.963	728.811	550.293
35.538	730.110	549.671
35.953	729.881	549.993
35.690	729.673	549.832
35.435	729.977	550.235
35.431	731.323	548.929
35.439	731.385	548.848
35.558	731.883	548.698
35.214	732.315	549.355
35.092	732.466	549.677
35.390	731.410	550.725
35.966	731.664	550.837
35.377	732.426	550.804
35.698	732.124	550.750
36.127	732.218	550.774
35.659	731.435	550.740
35.163	732.023	548.921
35.708	731.974	548.887
35.704	731.475	548.830
35.763	731.094	549.066
35.415	730.651	550.080
35.689	730.105	550.460
35.686	729.593	550.857
35.605	729.756	550.157
35.930	729.950	549.446
35.490	729.170	549.224
36.169	728.465	549.125
35.390	727.644	550.483
35.779	727.828	550.181
35.874	728.131	549.860
35.767	728.406	549.979
35.564	728.787	549.463
34.986	729.613	549.617
35.879	730.594	549.784
35.239	730.529	551.010
35.551	730.955	551.240
35.455	731.361	551.608
35.644	730.767	552.072
35.465	731.163	551.914
35.549	731.295	552.283
35.620	732.002	551.015
35.497	732.157	551.375
35.487	730.977	552.129
35.437	730.577	551.952
35.150	731.291	551.052
35.892	731.052	550.493
35.465	730.384	550.408
35.855	729.643	550.607
35.933	728.969	551.833
36.010	727.893	552.147
35.850	726.678	552.133
36.318	726.855	551.558
36.179	727.040	551.291
35.826	727.596	550.524
36.146	727.743	550.917
36.177	728.172	551.072
35.792	728.607	550.675
35.844	728.275	550.409
36.047	727.770	550.069
35.663	727.869	549.873
35.652	727.780	549.486
35.616	727.758	549.170
35.483	727.889	548.377
35.547	728.963	548.371
35.479	730.294	548.076
35.842	730.042	548.099
35.451	730.022	549.226
35.048	730.185	549.996
35.218	730.275	550.792
35.706	730.301	551.498
35.562	729.810	551.644
35.611	730.674	552.178
35.227	731.523	552.634
35.462	732.704	552.530
35.101	733.496	551.884
35.532	733.430	551.949
35.736	732.932	552.014
35.246	733.545	551.425
35.567	732.989	551.368
35.755	732.476	552.223
36.063	731.845	551.993
35.357	731.530	552.452
35.426	731.098	552.246
35.195	731.024	551.342
35.725	730.850	550.629
35.594	730.386	551.587
35.548	729.836	552.026
35.450	730.423	551.807
35.441	730.591	551.862
35.197	731.311	552.275
35.560	732.794	551.727
35.630	732.304	553.001
35.286	732.295	552.687
35.662	731.490	552.552
35.322	731.266	552.115
35.689	729.784	552.535
34.925	728.828	552.941
35.652	727.888	552.102
35.992	727.882	551.703
36.524	727.522	551.771
35.766	728.377	551.939
35.846	727.535	551.627
36.187	727.522	550.994
36.186	727.799	551.048
35.959	727.599	550.196
35.816	728.153	550.016
35.662	728.012	550.025
35.168	729.207	549.942
35.726	729.702	550.292
35.050	730.657	550.740
35.631	731.548	551.353
35.421	732.249	551.438
35.959	732.346	551.757
35.617	732.443	552.622
35.626	731.664	553.654
35.793	731.506	552.955
35.494	731.753	552.430
35.628	732.480	551.754
35.657	732.289	551.199
35.672	732.305	550.591
35.528	733.408	549.171
35.825	733.438	549.111
35.365	733.424	549.292
35.612	732.640	549.136
35.688	732.814	548.944
35.919	732.376	549.254
35.550	732.264	548.696
35.640	731.891	549.303
35.759	732.443	549.806
35.327	732.090	551.169
35.527	731.035	552.167
35.897	730.546	552.961
35.845	730.817	552.748
35.427	730.466	552.610
35.608	729.725	552.102
35.438	729.213	551.952
36.011	728.079	552.145
36.392	727.025	552.839
36.440	726.155	553.453
36.339	725.134	552.801
36.740	724.342	553.162
36.451	723.654	552.372
36.026	723.720	552.459
36.068	724.056	551.773
36.005	723.554	551.937
36.213	723.468	551.661
36.572	722.711	551.368
35.978	724.048	549.570
36.240	723.617	550.424
35.677	724.180	550.327
35.143	724.354	550.656
35.543	724.801	550.799
35.321	726.634	550.721
35.697	728.095	550.675
35.623	728.786	550.269
35.651	729.174	549.895
35.494	729.368	550.383
35.623	728.942	550.461
35.478	728.664	549.966
35.779	729.021	550.782
35.587	729.700	550.361
35.568	730.088	550.133
35.488	730.056	550.183
35.033	731.136	549.786
35.548	730.864	550.733
35.393	731.881	550.693
35.527	731.648	551.319
35.648	730.991	552.077
35.712	730.941	552.988
35.661	731.177	553.227
35.623	730.991	553.488
35.648	730.531	552.561
35.832	731.937	551.447
35.606	732.867	549.696
35.041	732.343	549.297
35.335	731.940	548.411
35.387	731.733	549.067
35.809	732.899	548.624
35.908	733.465	548.321
35.444	732.389	548.273
35.475	731.198	548.388
35.395	729.852	548.178
35.195	728.951	548.769
35.948	728.087	548.855
35.391	728.903	549.147
35.430	729.219	549.803
35.653	728.818	550.797
36.356	728.041	551.923
36.180	728.198	552.041
35.545	729.490	551.431
35.594	729.202	551.491
35.840	728.621	551.449
35.659	728.373	551.614
36.473	727.643	552.133
36.325	726.934	552.732
36.138	726.813	553.031
35.682	727.561	552.857
35.770	728.653	551.355
35.422	728.858	550.711
35.627	729.214	551.173
35.790	728.235	552.141
35.726	728.641	551.803
35.221	729.328	551.981
35.401	729.973	551.137
35.457	730.222	549.955
35.431	730.485	549.724
35.623	729.979	549.775
35.593	730.002	549.882
35.494	729.557	550.667
35.572	729.156	551.808
35.859	729.429	551.300
35.615	729.224	550.866
35.818	729.570	550.977
35.698	730.387	550.919
35.718	730.171	551.188
35.731	730.008	552.323
35.502	730.758	551.706
35.285	731.605	551.795
35.478	731.935	551.709
35.180	731.031	552.346
35.725	731.115	552.466
35.695	731.240	552.588
35.828	730.952	553.644
35.893	730.616	554.384
35.355	730.534	553.994
35.479	731.762	553.947
34.793	732.021	553.076
35.005	731.588	552.178
35.043	730.897	552.622
34.919	730.837	551.793
35.156	730.871	550.919
35.123	730.860	551.117
35.243	730.949	551.244
35.970	730.372	551.751
35.978	730.353	551.676
35.261	730.984	551.741
35.287	731.541	551.261
35.608	731.395	550.842
35.527	731.954	550.873
35.386	732.349	551.542
35.401	732.157	551.091
35.356	731.790	550.571
35.275	731.821	550.994
35.279	731.886	550.652
34.981	730.825	550.604
35.624	730.430	551.233
35.725	729.907	550.378
35.367	729.919	549.575
35.603	728.967	549.748
36.082	728.069	550.454
35.562	728.476	550.609
36.011	727.808	550.564
35.763	728.781	550.454
35.783	729.210	549.641
35.431	730.131	548.676
35.932	729.897	548.965
35.847	729.516	549.500
35.694	729.695	550.425
35.812	729.875	549.911
35.767	729.844	549.714
35.077	730.182	549.483
35.696	729.475	549.638
35.431	729.188	550.772
35.443	730.940	549.518
35.574	730.858	550.475
35.527	730.772	551.042
35.508	731.638	550.707
35.328	732.269	551.045
35.562	731.012	551.839
35.403	731.756	551.377
35.247	732.568	550.424
35.465	732.193	550.651
35.171	731.953	551.312
35.837	732.078	551.166
35.366	731.204	551.899
35.034	730.974	551.626
35.328	730.532	551.711
35.576	730.399	552.721
35.525	729.422	553.437
35.769	728.867	552.837
36.069	728.330	553.182
35.882	727.854	552.998
36.402	727.214	553.313
35.913	727.907	552.590
35.495	729.908	551.255
35.059	730.352	549.281
35.674	730.306	548.782
35.670	729.584	549.949
35.486	730.843	550.386
35.679	730.599	550.890
35.681	730.350	551.407
35.606	729.803	551.085
35.356	730.225	551.453
35.289	730.602	551.992
35.754	730.673	552.452
35.282	731.153	552.333
35.177	731.769	552.484
35.582	732.170	552.717
35.214	731.665	553.234
35.520	732.242	552.995
35.114	731.631	552.348
35.230	732.224	551.117
35.471	731.014	551.126
35.270	731.912	549.976
35.555	732.206	549.795
35.328	730.887	550.286
35.107	731.321	549.748
35.232	731.127	549.653
35.862	731.870	549.519
35.601	731.203	550.467
35.711	730.215	550.196
35.569	729.636	550.398
35.227	729.972	550.958
35.278	730.689	551.107
35.349	731.273	550.812
35.542	732.377	550.657
35.225	732.075	551.551
35.695	732.039	553.182
35.784	732.807	553.122
35.691	733.206	552.730
35.662	733.707	552.452
35.283	732.606	553.126
35.062	732.090	552.804
35.343	732.457	551.158
35.770	731.492	552.061
35.502	731.158	551.900
35.311	731.653	551.397
35.997	730.580	551.045
35.242	730.219	550.635
35.420	730.150	550.513
36.074	729.450	551.437
35.698	729.512	550.715
35.387	729.726	550.615
35.574	729.701	550.861
35.516	730.748	551.116
35.801	731.021	550.923
35.482	730.598	551.224
35.301	730.625	551.755
35.241	731.893	551.560
35.644	733.339	551.555
35.642	732.885	552.559
35.942	732.662	553.548
35.572	732.447	553.523
35.584	731.889	554.480
35.415	731.778	553.312
35.119	731.878	552.634
35.626	731.598	553.219
35.590	731.138	553.627
35.965	731.633	553.519
35.985	732.971	552.767
35.198	733.527	552.044
34.972	733.063	550.862
35.147	732.762	550.018
34.970	732.464	550.408
35.578	731.704	550.724
35.650	731.917	552.181
35.476	732.014	553.240
35.518	731.634	552.844
35.307	731.028	553.149
35.398	730.615	552.859
35.334	731.693	552.383
35.722	730.881	552.833
35.139	731.142	552.565
35.777	730.311	553.382
35.670	730.049	552.781
35.647	730.011	553.103
35.615	729.986	553.204
35.832	730.542	552.477
35.691	730.648	552.070
35.748	731.305	552.463
35.330	732.200	551.936
35.416	733.070	551.000
35.224	732.582	550.643
35.141	733.230	550.785
35.873	733.166	551.689
35.471	732.821	552.004
35.521	733.630	551.410
35.434	734.153	550.483
35.435	734.122	549.204
35.211	732.901	549.840
35.447	733.075	549.927
35.701	733.844	549.304
35.744	733.693	549.486
35.484	733.704	550.095
35.595	733.871	550.614
35.662	734.257	551.494
35.580	734.304	550.705
35.703	733.769	550.349
35.310	732.274	550.815
35.690	731.029	551.349
35.646	730.205	550.679
35.673	729.023	551.508
35.704	728.240	551.470
35.925	727.432	550.520
35.854	727.577	550.220
36.474	727.127	550.876
36.592	726.597	551.498
36.269	727.081	551.104
35.662	727.746	550.387
35.946	727.741	550.362
35.767	728.166	550.319
35.904	729.397	548.686
35.851	729.812	548.526
35.908	729.708	550.101
35.322	729.728	550.886
35.613	729.529	551.817
35.463	729.089	552.287
35.926	728.587	552.163
35.588	727.796	551.713
35.680	727.115	552.156
36.305	726.770	551.870
36.173	727.186	551.599
35.278	728.049	551.333
35.555	728.339	551.063
35.645	728.199	551.169
35.674	728.928	551.092
36.094	728.212	550.950
35.525	728.352	550.966
35.437	728.499	551.603
35.782	728.037	551.967
35.816	729.137	551.693
35.456	729.850	551.318
35.728	729.558	551.725
35.804	729.725	552.188
35.592	730.061	551.548
35.718	730.193	551.172
35.787	730.013	550.583
35.364	729.973	551.018
35.468	729.673	550.903
35.655	730.665	550.358
35.178	730.943	549.664
35.364	731.356	550.413
35.341	730.788	550.131
35.336	730.847	550.392
35.757	730.593	549.943
35.062	731.373	550.156
35.201	732.301	550.281
35.561	732.084	550.425
34.937	731.578	551.086
35.378	732.836	550.679
34.858	732.155	551.006
35.386	732.864	550.856
35.465	732.879	551.069
34.423	732.139	550.240
35.480	731.198	549.490
35.215	730.669	549.157
35.431	729.888	549.804
35.367	730.251	549.967
35.388	730.924	549.708
35.340	730.953	551.387
35.153	731.405	551.394
35.395	731.412	551.877
35.469	731.447	552.456
35.435	730.803	552.450
35.371	731.135	552.653
35.434	731.200	553.648
35.467	732.014	553.384
35.044	732.220	552.166
35.051	732.610	551.503
35.093	733.007	552.326
35.622	732.992	552.554
35.372	733.027	553.476
35.462	732.454	552.768
35.666	732.485	552.144
35.030	732.327	550.669
35.478	731.774	550.294
35.291	731.143	550.744
35.205	731.554	549.745
35.342	730.964	551.233
35.757	730.140	550.974
35.469	729.960	551.144
35.774	729.888	550.776
35.480	729.387	551.541
35.452	728.533	551.145
35.464	728.561	550.281
35.569	727.984	550.856
36.053	727.978	551.464
35.490	728.276	550.781
35.234	728.296	550.445
35.483	728.802	549.819
35.241	728.985	549.429
35.141	728.473	550.479
35.369	728.343	550.146
35.401	728.657	550.378
35.360	728.778	551.000
35.911	728.782	551.131
35.653	728.400	552.237
35.504	729.145	551.300
35.327	729.576	550.501
35.537	730.548	550.635
35.391	731.866	551.001
35.120	732.613	551.491
35.580	733.238	550.890
35.170	732.329	551.313
35.455	730.511	551.387
35.827	730.739	551.344
35.522	730.871	552.062
35.386	730.220	552.912
35.729	729.911	553.780
35.673	730.302	552.821
35.280	729.957	552.548
35.239	731.043	551.552
34.578	730.376	550.663
35.628	730.245	550.652
35.307	730.773	550.897
35.396	732.541	549.884
35.057	733.118	550.417
35.484	733.569	549.696
35.165	733.341	550.986
35.557	732.816	551.061
35.242	732.823	551.865
35.584	731.929	552.565
34.719	730.709	552.220
35.040	730.827	551.036
35.385	729.811	550.520
35.849	728.233	551.052
35.660	726.944	551.298
35.988	726.026	551.181
35.929	726.294	551.118
35.149	727.335	550.011
35.158	727.844	549.893
34.962	729.459	550.390
35.487	729.503	550.280
35.370	730.648	548.767
35.353	731.000	548.194
35.421	730.890	549.182
35.111	730.954	549.457
35.259	731.313	549.566
35.212	731.151	550.865
35.092	731.180	550.956
35.797	730.855	550.941
35.109	731.317	549.422
35.574	730.600	549.364
35.692	730.050	550.029
35.341	730.134	551.391
35.436	729.789	551.370
35.151	730.261	551.267
35.481	730.806	550.691
35.108	730.943	550.839
35.484	731.597	551.166
35.075	731.919	550.504
35.422	732.104	551.226
34.875	732.507	552.012
35.313	733.279	552.408
35.555	733.172	552.806
35.557	733.143	553.066
35.489	733.921	551.960
35.678	734.486	550.847
35.292	734.548	551.310
35.122	734.783	550.675
35.404	734.415	551.259
35.475	733.747	552.325
35.435	734.106	551.698
35.433	733.825	552.575
35.466	734.333	552.158
35.068	733.367	552.083
35.330	732.427	551.766
35.184	730.899	551.704
35.501	731.174	552.178
35.497	732.007	551.371
34.999	732.250	551.408
35.039	731.820	550.297
35.270	731.796	549.519
35.121	732.445	549.423
35.522	731.251	550.151
35.405	731.356	550.806
35.542	732.066	550.457
35.477	731.751	550.990
35.550	732.390	551.435
35.305	732.822	551.115
35.111	733.107	550.672
35.437	733.263	550.107
35.303	732.229	550.431
35.057	731.793	550.357
35.748	731.513	550.097
35.211	731.561	550.210
35.509	731.059	550.599
35.536	731.004	550.818
35.309	730.794	549.508
35.390	731.263	549.585
35.258	730.487	549.594
35.275	729.712	549.933
35.311	730.034	549.927
35.202	731.603	549.084
35.413	732.069	549.571
35.450	732.039	550.399
35.188	732.229	549.879
35.377	731.862	550.625
35.322	732.135	551.382
35.260	732.337	551.224
35.195	731.619	551.539
35.134	731.366	551.612
35.214	732.658	549.741
35.102	731.884	549.747
35.204	731.634	550.188
35.205	732.267	550.073
35.430	731.445	550.544
35.455	731.050	551.156
34.901	730.080	550.673
35.380	729.707	550.479
35.056	730.270	550.436
35.119	730.386	549.443
35.700	730.130	549.042
35.162	730.983	548.827
35.234	731.313	549.457
34.986	730.974	549.719
35.459	730.557	551.115
35.509	729.543	551.842
35.437	729.528	551.724
34.790	729.765	551.365
35.166	729.562	550.192
35.901	729.270	550.582
35.692	728.665	551.079
35.944	729.292	550.865
35.507	729.391	551.344
36.010	727.969	551.230
36.264	726.512	551.445
35.985	726.577	551.150
35.706	727.033	550.315
35.911	727.246	550.051
35.235	728.215	548.557
35.308	727.613	548.180
35.861	727.948	548.103
35.708	727.883	548.174
35.593	728.014	548.688
35.728	728.354	549.767
35.687	728.769	549.717
35.422	730.038	549.774
35.470	730.780	549.247
35.841	731.036	549.621
35.283	731.569	550.898
35.220	731.571	550.876
35.315	732.504	551.258
35.188	732.929	550.593
35.537	734.088	549.073
35.534	734.002	549.006
35.072	733.320	549.698
35.146	733.200	550.393
35.212	731.687	551.046
35.065	731.900	551.221
35.523	731.952	551.337
35.302	731.488	551.930
35.527	732.091	550.790
35.036	732.424	551.455
35.306	731.495	552.242
35.036	729.959	552.503
35.420	730.340	552.230
35.074	730.745	550.251
35.461	729.774	550.876
35.670	729.479	550.972
35.381	728.880	550.988
35.382	727.945	550.940
36.021	727.186	550.672
35.616	727.462	550.522
35.517	727.506	549.966
35.687	728.528	549.885
35.686	730.092	548.912
35.213	730.702	548.393
35.218	730.537	549.256
35.063	732.010	549.230
35.352	732.685	549.555
35.409	731.180	551.635
35.530	730.646	552.746
34.939	730.247	552.767
35.708	728.978	552.430
35.662	728.470	551.739
35.902	727.129	551.483
35.573	725.477	551.033
36.167	723.843	551.170
36.125	723.503	550.322
35.863	725.167	548.577
35.465	725.836	548.128
35.034	726.763	548.270
35.200	728.238	548.469
35.227	729.191	547.937
35.241	729.829	548.488
35.395	729.831	549.264
35.153	729.668	550.196
35.587	729.919	549.998
35.597	729.988	550.297
34.824	729.753	550.020
35.488	729.075	551.019
35.999	728.628	551.255
35.386	728.769	551.728
35.578	729.301	551.387
35.985	728.398	550.563
35.745	728.039	551.044
35.507	729.463	550.446
35.262	729.285	550.038
35.470	728.700	551.003
35.165	729.162	551.158
35.564	729.102	550.171
35.408	729.073	550.364
35.751	727.995	551.316
35.964	727.595	551.286
35.409	727.307	551.594
35.606	726.518	551.333
36.196	727.205	551.214
35.721	727.949	550.760
36.045	727.610	550.960
36.084	728.190	550.734
35.862	728.803	549.836
35.290	729.437	549.178
35.498	729.893	548.859
35.482	729.577	549.465
35.587	729.888	548.591
35.528	729.288	549.495
35.656	729.257	549.525
35.149	728.871	551.020
35.652	729.314	552.005
35.771	729.504	551.208
35.255	729.870	551.687
35.791	729.664	551.598
35.287	729.547	551.839
35.202	729.381	551.361
35.639	728.138	551.065
36.157	727.180	551.057
35.728	726.783	550.684
35.734	726.562	551.014
35.360	727.746	550.878
35.892	727.977	550.395
35.735	728.018	550.572
35.361	728.554	550.786
35.595	731.679	548.877
35.211	732.661	548.991
35.626	733.291	549.157
35.191	732.363	548.985
35.377	731.743	549.252
35.047	731.355	549.919
34.871	731.974	550.401
35.241	732.094	551.269
35.656	733.115	550.318
35.039	732.446	551.044
34.913	732.912	550.930
35.024	731.966	551.379
35.091	731.807	550.642
35.512	731.395	551.624
34.983	729.928	552.113
35.386	729.571	551.328
35.720	729.406	550.981
35.292	728.902	550.971
35.428	728.807	549.612
35.392	729.112	548.829
35.543	728.014	549.167
35.491	727.872	548.590
35.753	728.202	549.236
34.999	728.847	549.422
34.873	729.743	549.597
35.204	730.423	551.256
35.003	730.843	551.138
35.305	731.745	550.916
35.053	733.018	551.369
35.660	733.201	551.028
35.423	732.639	550.921
34.773	731.603	551.424
35.383	731.736	551.238
35.102	732.003	551.365
35.451	731.361	551.591
35.360	731.689	551.737
35.777	731.786	553.037
35.763	731.562	553.683
34.770	731.338	552.877
35.176	729.996	551.708
35.173	729.564	550.335
35.302	729.919	548.752
35.217	729.973	549.095
35.599	729.366	550.323
35.496	728.557	550.916
35.313	728.947	552.030
35.123	729.633	552.144
35.693	730.497	551.819
35.377	729.759	552.250
35.445	730.137	551.037
35.238	729.953	550.499
34.841	729.831	549.211
35.423	730.567	549.086
35.332	731.423	549.112
35.243	731.191	549.036
35.115	730.914	549.662
35.293	730.802	550.024
35.121	730.281	550.594
35.474	729.877	550.829
35.486	730.396	550.236
35.174	730.447	550.355
35.547	730.952	550.233
35.341	730.627	550.206
35.191	730.359	550.810
34.997	730.294	550.649
35.194	730.669	551.227
35.409	732.087	550.698
35.281	732.174	551.053
35.032	732.404	550.840
35.507	731.768	551.104
35.405	733.307	550.062
34.852	732.715	549.256
35.207	731.596	550.011
35.103	730.914	550.936
34.893	730.714	549.933
35.240	730.625	549.720
35.545	731.245	549.420
35.494	729.922	549.982
35.275	729.936	550.619
35.209	730.027	551.477
35.286	730.747	551.080
35.094	731.450	550.909
35.031	731.565	551.237
35.481	731.567	551.759
35.088	731.998	551.504
35.179	731.541	551.685
35.426	731.515	551.989
35.213	731.940	551.796
34.827	731.957	551.409
34.945	731.516	550.922
35.003	731.127	550.142
35.363	730.358	550.814
35.477	729.447	551.112
35.580	728.608	550.793
35.340	728.593	549.923
35.270	727.963	549.073
35.860	726.748	550.189
35.834	727.445	550.515
35.518	727.465	549.883
35.585	726.865	550.819
35.564	727.909	551.925
35.566	728.118	551.592
35.630	728.387	551.869
35.413	728.647	552.000
35.274	729.886	552.143
35.309	729.924	552.602
35.697	730.672	552.634
35.437	731.450	552.161
35.092	730.761	551.876
35.071	730.053	551.298
35.527	729.753	549.770
35.194	729.572	548.530
35.668	729.789	549.440
35.493	729.449	548.670
35.501	729.313	548.704
35.569	729.560	548.788
35.379	729.511	549.525
35.628	730.263	550.816
35.863	729.941	551.528
35.326	731.064	551.602
35.196	730.222	551.028
34.618	730.195	549.347
35.675	729.260	549.691
35.303	728.935	549.536
35.521	728.967	548.947
34.970	729.577	548.789
35.556	729.989	549.388
35.498	729.164	550.255
36.149	727.784	550.774
35.688	727.897	550.570
35.675	726.969	550.828
35.651	726.787	550.655
35.395	726.813	550.762
35.750	727.315	550.526
35.407	727.543	550.716
35.792	728.574	550.658
35.342	730.087	550.200
35.231	731.175	549.916
34.611	732.348	549.981
35.214	732.245	550.337
35.100	732.831	549.709
35.146	734.067	548.965
34.922	733.873	549.766
35.080	733.346	550.867
35.096	732.918	550.614
35.395	731.965	550.804
34.886	731.231	550.742
35.241	730.598	551.550
35.273	730.213	552.092
35.160	729.578	551.654
34.968	728.994	551.101
35.546	727.991	550.963
35.772	726.747	551.357
36.376	725.082	551.723
35.374	725.590	551.642
35.495	726.674	551.795
35.681	727.691	552.309
36.084	728.018	553.016
36.083	727.802	553.363
35.675	728.177	554.044
35.529	728.932	554.725
35.703	730.674	554.241
35.566	730.986	553.580
35.257	730.690	553.721
35.128	730.105	553.498
34.812	729.076	552.105
35.531	728.289	550.673
35.497	728.839	550.380
35.391	728.937	550.728
35.597	729.126	551.252
35.352	729.655	550.332
35.042	729.988	550.070
35.209	730.332	549.889
35.084	729.891	550.503
35.562	730.070	551.229
35.238	729.619	550.427
35.484	728.839	550.432
35.543	728.483	550.480
35.271	728.159	550.535
35.313	728.379	550.532
35.520	728.577	550.709
35.470	729.267	550.689
35.497	729.114	550.572
35.812	729.096	550.842
35.014	729.704	550.811
34.955	730.348	551.560
35.654	729.930	552.452
34.798	731.080	552.924
35.490	731.136	553.337
35.276	732.033	553.227
35.517	732.499	553.060
35.315	732.332	553.029
35.032	731.934	552.586
35.492	731.778	553.414
35.125	731.804	552.925
35.516	733.159	552.870
34.994	733.440	552.894
35.275	732.493	553.173
35.100	732.007	552.653
35.318	731.083	552.673
35.400	731.203	551.732
35.444	731.082	551.236
35.612	731.083	550.912
35.902	731.199	551.230
35.400	730.884	551.948
35.325	730.426	552.402
35.817	728.740	552.833
35.845	728.365	553.184
36.138	726.969	553.022
35.582	727.154	553.122
35.490	728.732	552.141
35.537	728.903	552.079
35.431	729.722	551.580
35.423	729.553	551.747
35.718	729.151	552.438
35.918	728.753	552.808
35.800	729.315	552.793
35.531	729.495	552.150
35.373	729.355	551.850
35.640	728.787	551.933
35.610	728.867	551.491
35.237	729.392	550.354
35.025	729.959	549.703
34.972	731.227	550.411
34.882	730.855	551.178
35.534	730.701	551.896
35.092	730.597	551.839
35.333	731.192	550.811
35.530	731.421	551.022
35.081	731.675	551.875
34.860	732.737	551.817
35.244	733.185	551.233
35.078	733.036	550.773
35.148	732.881	551.162
35.005	733.398	551.471
35.342	732.585	552.177
35.424	732.708	552.243
35.212	732.500	551.701
35.371	732.613	552.966
35.263	731.747	552.982
35.469	731.500	552.597
35.456	731.331	553.459
35.498	730.719	553.040
35.630	731.513	552.938
35.317	731.247	553.638
35.378	731.436	553.128
35.060	731.930	552.105
35.596	732.512	551.075
35.171	732.370	550.779
34.995	730.965	550.477
34.943	731.095	549.596
35.337	730.206	551.222
35.373	730.197	551.043
34.999	730.930	550.600
35.186	730.698	551.649
35.140	731.032	551.644
35.311	731.823	552.326
35.505	732.208	552.119
35.006	732.838	551.508
34.914	733.485	551.722
34.997	732.830	551.653
35.097	732.193	552.524
35.353	731.640	552.522
34.938	732.414	552.147
34.882	731.014	551.807
35.175	730.982	551.814
35.066	731.793	551.527
35.319	732.933	551.649
35.095	732.969	552.279
34.895	732.927	552.066
35.016	733.995	550.349
34.999	733.095	550.223
34.957	732.205	551.195
35.372	731.741	551.734
35.512	731.719	552.440
34.987	732.065	552.996
35.232	732.987	552.983
35.528	732.189	553.213
35.337	731.830	553.115
35.186	731.318	552.205
35.404	731.387	552.098
35.400	731.211	552.645
35.393	731.467	552.920
35.160	731.077	552.236
35.355	731.359	551.520
35.653	730.934	552.066
35.729	731.167	552.094
34.950	731.949	551.087
35.508	730.874	551.456
35.309	731.287	551.258
35.334	731.105	551.089
34.974	731.814	550.890
35.310	731.927	552.247
34.302	730.349	552.219
35.201	729.474	550.766
35.605	727.775	551.038
35.644	727.261	550.698
35.790	726.020	550.497
35.623	725.606	549.638
35.562	725.243	550.795
35.725	725.323	551.037
35.652	725.934	550.281
35.140	727.019	549.599
34.881	728.371	549.695
34.614	729.474	550.293
35.578	730.020	550.417
35.148	730.713	550.007
35.170	731.856	550.351
35.142	732.851	550.635
35.062	732.610	551.001
35.043	732.326	551.772
35.162	731.920	551.792
35.245	731.831	552.065
34.905	731.129	552.621
35.363	731.036	553.635
35.180	730.622	553.636
35.459	731.378	553.774
34.955	731.162	552.510
34.978	731.777	551.669
35.546	730.814	553.083
35.162	731.651	551.871
35.077	731.727	552.391
35.095	731.697	551.697
35.277	732.611	551.859
35.220	732.641	550.970
35.314	732.349	551.121
35.192	731.163	551.965
35.147	730.248	551.584
35.359	729.902	552.354
35.272	729.971	552.726
35.318	729.381	552.650
35.433	728.137	552.101
35.588	727.064	551.636
35.511	727.398	551.861
35.450	728.134	550.453
35.229	730.048	549.348
35.139	730.266	549.519
35.232	729.761	549.427
35.168	729.526	549.465
35.006	729.714	548.984
35.175	729.764	549.943
35.478	729.065	550.775
35.738	728.346	551.694
35.725	728.230	551.827
35.479	728.004	552.334
35.731	728.114	551.533
35.399	729.483	551.063
35.267	730.401	550.414
35.390	730.358	550.096
35.276	729.408	550.828
35.509	729.431	550.012
35.237	729.190	549.575
35.269	729.302	549.955
35.160	729.120	550.611
34.638	730.428	551.576
35.306	731.518	551.717
34.947	732.311	552.050
35.242	732.004	552.489
35.231	731.913	552.388
35.009	731.074	551.988
35.646	730.649	551.853
35.074	732.060	550.411
35.102	731.151	550.295
35.285	731.410	550.122
35.164	730.762	551.001
35.659	730.185	551.775
35.300	729.561	551.430
35.271	729.083	551.124
35.026	729.637	549.986
35.077	730.404	550.032
34.929	729.875	550.641
34.778	731.367	550.716
35.373	731.495	551.242
35.335	730.763	551.707
35.065	731.005	551.622
35.108	731.112	552.299
34.881	731.237	552.297
35.337	730.920	552.621
35.171	730.295	553.407
35.263	729.664	553.703
35.599	730.511	553.300
35.251	731.792	552.118
35.880	732.623	552.137
35.187	732.932	551.993
35.216	732.751	552.116
35.270	731.890	552.289
35.242	731.283	551.567
35.391	730.236	552.316
35.585	729.761	552.524
35.778	729.355	553.329
35.661	729.412	553.309
35.311	730.635	552.184
35.420	731.271	552.456
35.632	730.765	553.566
35.320	731.876	553.405
35.158	731.683	553.721
35.671	731.853	554.329
35.163	731.310	554.021
35.319	731.326	553.554
35.199	731.878	552.654
34.916	731.785	551.655
35.424	731.328	551.796
35.928	730.714	552.584
35.255	731.505	552.774
34.896	732.153	553.541
35.233	732.282	553.740
35.126	733.255	552.737
35.315	731.853	552.849
35.142	730.998	552.735
35.358	730.265	553.332
35.974	729.614	554.145
35.291	731.050	553.599
35.194	730.659	554.102
35.359	730.328	553.630
35.479	730.203	554.160
35.314	729.672	553.435
35.176	729.461	552.467
35.515	728.390	551.269
35.315	728.005	551.256
35.520	728.711	550.774
35.623	729.117	551.548
34.988	730.570	552.009
35.328	730.906	553.237
35.432	731.819	553.269
35.593	731.803	553.393
35.250	731.860	553.668
35.472	732.288	554.746
35.004	732.516	553.961
34.643	732.393	553.515
35.455	732.782	553.724
35.142	731.713	554.159
35.404	732.324	553.751
35.596	732.044	553.997
35.151	733.084	554.064
35.323	732.969	554.190
35.261	732.607	553.860
35.459	732.375	554.412
35.280	732.602	553.522
35.233	733.377	553.272
34.752	732.872	552.199
35.120	733.025	551.720
35.077	732.865	551.679
34.897	732.764	552.620
35.041	732.579	553.714
35.022	732.280	552.742
35.248	732.790	552.189
35.078	732.887	551.913
35.028	732.956	551.334
35.168	732.678	551.389
35.054	733.889	550.131
34.880	732.923	550.615
35.431	732.137	551.698
35.028	732.088	551.975
35.087	731.960	551.927
35.206	732.211	551.153
35.258	733.399	550.838
34.972	732.981	550.728
34.972	732.994	551.354
34.797	732.208	551.311
35.165	731.316	550.943
35.134	730.841	550.893
35.327	730.861	552.361
35.008	731.589	551.748
35.397	732.838	550.746
34.958	733.089	550.548
34.985	731.655	550.907
34.827	731.295	551.647
34.856	729.426	551.910
35.040	729.484	550.498
35.729	728.118	550.594
35.725	728.306	550.931
35.079	728.628	550.302
35.175	730.214	549.130
35.291	730.407	549.177
34.951	731.135	548.766
35.364	731.510	548.445
34.928	732.172	546.740
35.217	731.603	547.779
35.096	731.697	548.675
35.465	732.505	549.273
34.710	732.440	549.846
34.595	733.009	549.838
34.965	732.829	550.397
35.065	732.666	550.503
34.662	732.282	549.871
35.227	733.300	549.228
34.890	732.285	550.334
34.994	732.331	550.908
35.299	733.422	550.832
35.288	733.778	550.275
34.978	734.448	550.181
35.498	734.218	550.378
34.693	733.558	550.653
34.893	733.377	551.114
34.897	733.538	551.410
35.053	734.581	551.069
35.310	734.974	552.242
35.105	734.499	552.293
35.046	733.805	552.001
35.087	733.309	552.183
35.280	732.416	552.446
35.086	731.273	552.865
35.403	731.986	553.455
35.306	732.505	552.346
35.304	732.451	552.906
35.388	732.265	551.592
35.158	732.291	551.282
35.345	731.511	551.178
35.089	731.086	550.820
35.041	730.786	550.650
34.824	731.832	550.649
35.310	733.118	550.864
35.392	733.174	551.547
35.141	733.638	551.081
34.755	733.537	551.094
34.854	733.057	551.588
35.058	731.760	552.606
35.083	732.271	552.536
34.330	731.474	551.397
34.788	730.614	550.565
34.913	731.281	550.533
34.622	730.851	549.766
35.120	731.275	549.584
34.880	731.535	549.396
35.027	732.082	549.879
35.155	732.609	551.017
35.132	734.352	550.801
35.051	734.224	550.320
34.914	733.402	551.010
34.992	733.408	551.517
35.141	733.285	550.998
34.747	733.652	550.663
34.997	734.370	552.130
35.227	735.414	551.718
34.875	735.898	551.307
35.157	734.875	551.570
34.971	734.173	552.258
34.878	732.858	552.509
35.048	732.574	551.858
34.850	732.389	551.535
34.902	731.519	551.640
35.173	731.390	552.435
35.098	730.695	551.740
34.616	731.570	550.411
34.922	731.096	550.232
34.583	730.892	550.266
35.098	730.960	550.368
34.946	730.560	550.429
35.154	731.258	550.007
35.395	729.895	551.312
34.930	729.820	550.612
35.098	730.453	550.461
35.074	729.781	549.803
35.377	730.475	550.520
34.973	730.593	551.320
35.132	731.042	552.036
35.688	730.741	552.677
35.353	731.146	553.230
35.127	730.367	552.842
35.276	729.691	552.869
35.237	729.175	553.142
35.502	729.382	552.509
35.408	729.520	552.325
35.423	730.747	551.237
35.169	731.528	551.693
35.187	732.334	551.834
35.232	732.189	552.112
35.243	732.071	551.515
34.968	732.614	551.566
35.416	732.798	553.161
34.798	732.274	552.351
35.132	731.180	551.780
35.091	730.476	552.264
35.284	730.743	551.773
35.438	730.908	552.201
35.437	730.181	552.840
35.248	730.048	552.752
35.514	729.699	553.395
35.532	729.186	553.441
35.187	729.001	552.890
35.529	729.443	552.842
35.141	730.788	551.958
35.291	730.483	552.030
35.453	729.266	552.158
35.401	728.636	550.967
35.730	728.863	550.307
35.277	728.750	549.791
35.071	729.464	549.750
35.229	729.464	550.867
35.034	730.258	551.126
34.812	731.115	551.554
35.119	732.082	552.810
35.479	733.010	553.151
35.342	732.456	553.474
35.304	731.339	552.997
35.232	730.938	552.779
35.267	731.489	553.248
34.930	731.187	552.907
35.268	731.019	553.298
35.103	731.150	553.440
35.478	730.990	553.483
34.972	731.063	552.444
34.866	730.589	552.718
34.958	730.737	552.575
34.701	731.364	551.904
35.099	730.885	551.972
34.953	730.082	552.886
35.169	730.164	552.478
35.100	730.668	551.550
35.205	731.292	552.190
35.734	731.047	552.334
35.304	732.119	551.411
35.236	732.953	551.186
35.068	734.136	550.308
34.956	733.364	550.568
34.775	732.732	551.584
35.101	733.493	552.205
34.792	732.349	552.268
34.949	732.118	552.341
34.879	731.814	550.268
34.773	731.071	549.728
35.122	730.600	549.102
34.901	730.437	549.347
35.208	729.331	550.427
35.221	728.743	550.608
35.175	730.667	549.421
34.936	731.093	549.077
35.136	731.008	548.805
35.274	730.083	550.628
35.449	729.868	550.834
35.234	729.492	551.692
34.887	729.770	550.473
35.004	730.218	550.433
34.992	730.292	549.534
35.139	730.662	550.337
35.165	730.176	550.788
35.424	730.025	551.503
35.266	730.271	552.459
35.228	730.125	551.793
35.193	730.424	551.990
35.370	729.835	552.124
35.580	729.909	551.793
35.277	730.995	552.034
35.226	731.393	552.271
35.234	730.374	552.805
35.075	730.770	553.458
35.613	731.471	553.695
35.437	732.040	554.162
35.427	732.414	553.678
34.849	732.027	553.237
34.877	732.040	551.175
34.643	732.364	550.190
34.879	732.724	549.818
34.976	733.346	550.271
35.076	732.090	551.702
35.197	731.221	552.426
35.454	731.003	552.317
34.810	731.940	552.234
35.396	731.583	552.555
35.284	732.021	552.978
35.270	732.840	552.408
35.298	732.869	552.077
34.949	732.057	552.862
35.311	731.692	553.532
35.035	731.584	552.724
35.041	731.612	553.117
35.183	732.392	553.465
35.271	732.155	553.151
35.529	732.089	553.788
35.496	732.376	554.902
35.219	732.211	554.901
35.573	732.099	554.752
35.239	731.561	554.383
35.382	731.794	554.392
35.640	731.877	554.568
35.588	732.600	554.880
35.520	732.810	554.663
35.236	733.139	553.949
35.126	732.481	554.311
35.304	732.407	552.883
35.071	732.092	552.103
34.862	732.395	550.521
35.418	732.216	551.490
35.442	732.878	551.071
34.735	732.708	551.532
35.200	733.882	551.479
34.894	734.095	550.876
34.789	734.596	551.171
35.332	734.776	551.050
34.415	733.773	550.717
34.638	734.086	549.689
35.205	732.540	551.547
35.004	731.727	553.288
35.288	732.038	553.313
35.384	732.837	552.789
35.274	733.659	552.903
34.514	734.337	551.775
35.011	732.128	552.639
35.241	731.733	551.898
35.204	731.470	550.963
34.855	731.536	551.004
35.133	733.482	550.162
34.798	733.289	550.383
34.899	732.639	549.551
34.684	732.070	550.155
34.926	732.500	550.184
34.774	732.290	550.527
34.983	732.336	551.343
35.316	732.066	551.821
35.273	732.323	552.756
35.111	732.099	553.856
35.107	732.118	553.650
35.152	731.718	553.673
35.232	732.200	553.950
34.920	731.498	552.888
34.667	730.593	552.990
34.566	730.355	552.148
35.059	729.558	551.755
35.129	729.844	552.281
34.863	731.270	551.980
35.017	731.223	552.095
35.186	731.905	552.004
35.165	732.339	551.792
35.146	731.244	552.162
35.065	730.680	551.723
35.000	731.590	552.208
35.132	732.610	551.766
34.637	732.872	552.028
34.740	732.880	551.658
35.090	733.475	552.007
35.137	734.024	551.767
34.911	733.762	552.105
34.786	733.272	551.619
35.024	732.950	552.178
34.762	732.161	551.657
35.229	732.284	551.901
34.875	731.489	552.054
35.052	731.587	552.935
35.044	732.824	553.341
35.571	733.184	553.620
35.248	733.890	554.000
35.183	734.548	553.633
35.118	734.602	554.024
35.693	733.953	554.821
35.519	733.481	554.637
35.211	733.072	554.788
35.248	732.592	554.419
35.164	733.441	554.023
35.329	733.032	553.751
35.357	733.175	553.505
35.250	733.053	553.481
35.306	732.840	552.730
35.187	732.706	552.932
34.924	732.504	552.655
35.208	732.263	552.746
34.855	731.183	552.802
35.367	731.203	553.432
35.567	731.256	553.386
35.280	732.351	553.017
35.205	732.768	552.877
34.810	732.320	552.754
35.270	731.640	552.098
35.094	731.376	552.223
35.056	731.165	552.090
35.079	731.464	551.237
35.226	730.988	551.914
35.227	731.148	551.302
35.302	731.134	551.123
34.894	731.928	550.756
35.060	733.301	550.482
34.954	732.922	550.232
34.907	733.257	549.604
35.137	732.538	550.903
34.652	732.568	551.074
35.277	732.095	552.382
35.242	731.406	552.946
35.259	731.229	552.788
34.968	730.976	552.556
35.530	730.713	553.021
35.375	731.592	552.124
34.913	731.694	551.429
35.145	731.372	552.189
35.122	730.807	552.743
35.117	731.365	553.412
35.570	730.917	552.913
34.678	730.350	552.471
34.910	729.045	551.539
35.251	727.596	551.848
35.654	726.861	552.080
35.662	725.664	552.045
35.650	725.807	551.777
35.605	725.866	552.116
35.661	725.871	551.051
35.490	725.792	551.893
35.365	726.324	552.034
35.707	725.502	552.176
35.701	725.841	552.067
35.148	727.382	551.625
35.380	727.904	551.103
35.067	729.154	550.074
35.089	730.316	550.113
35.020	730.597	548.936
35.160	730.726	549.773
35.332	730.081	550.861
35.092	728.893	551.231
35.633	728.506	550.387
35.471	729.519	549.606
35.178	729.945	549.844
35.172	730.317	548.811
35.232	729.496	548.992
35.239	730.040	548.504
35.123	730.303	549.382
35.068	729.464	549.968
35.090	728.335	551.137
35.751	727.595	551.183
35.384	727.992	549.832
35.128	730.650	547.948
35.702	731.228	548.071
35.226	730.897	547.991
35.158	730.794	548.493
35.014	730.809	548.582
35.027	730.951	549.983
34.548	731.211	549.858
34.871	730.613	549.566
34.834	730.726	549.826
34.838	731.619	550.445
35.089	731.849	551.406
34.901	731.604	551.769
34.993	732.294	552.138
35.165	732.547	551.502
34.916	733.435	551.647
34.783	732.781	551.912
34.928	732.161	551.291
35.252	731.320	551.656
35.221	730.614	552.896
35.643	731.241	553.413
35.290	731.569	553.369
34.931	731.632	552.732
34.812	731.549	553.374
35.084	732.208	552.181
35.040	731.701	552.484
35.155	732.025	551.687
35.219	732.822	551.485
34.416	732.467	552.196
35.116	732.307	551.757
35.044	731.630	552.233
35.022	731.241	551.875
34.767	731.926	551.564
35.098	732.266	551.516
35.090	732.185	551.434
34.932	732.047	550.247
34.671	732.334	550.361
34.659	731.738	550.738
34.816	732.077	550.429
34.960	731.665	550.389
35.107	732.455	550.086
34.864	732.638	550.194
35.019	732.142	550.883
34.391	731.354	551.548
34.743	731.900	551.511
34.869	732.321	551.768
35.167	733.202	550.979
34.855	733.035	550.699
35.154	732.918	552.114
34.778	732.402	552.447
35.028	731.321	551.291
34.983	730.613	550.469
34.955	729.075	550.734
35.629	728.679	550.764
35.101	729.806	549.963
34.769	730.485	549.204
34.982	729.958	549.284
34.969	729.558	549.177
35.310	729.854	549.298
34.735	729.255	549.542
35.245	729.565	549.441
35.125	729.174	549.392
35.381	728.345	550.275
35.383	727.920	550.528
35.499	728.243	550.782
35.424	728.377	550.825
35.325	728.695	550.028
35.427	729.436	549.501
35.024	729.215	550.072
35.654	729.112	550.368
35.229	729.317	550.572
35.300	729.585	550.772
35.073	729.794	550.819
35.206	730.799	550.536
35.026	731.252	551.417
35.230	730.944	552.217
34.711	730.861	551.666
35.198	731.426	551.217
34.882	731.586	550.813
35.101	731.790	551.986
35.260	731.744	552.876
35.061	731.483	552.466
35.038	731.118	551.623
35.020	730.434	551.864
34.721	731.360	550.798
35.554	731.433	550.742
34.966	730.648	552.379
35.272	730.822	551.608
35.172	731.366	551.596
35.165	731.793	550.863
34.723	731.732	550.621
35.129	731.581	550.687
34.758	731.858	550.874
34.390	731.641	551.043
34.766	731.307	550.971
34.809	731.431	551.163
35.387	730.269	551.846
35.274	730.296	552.269
35.330	730.175	552.560
35.223	730.102	552.512
35.015	729.877	552.429
34.957	731.063	551.960
35.056	730.659	552.451
35.164	731.203	551.656
35.157	731.210	552.205
35.329	730.550	552.585
35.179	731.600	553.139
35.084	732.515	553.254
34.918	732.874	553.527
35.108	733.112	553.828
34.878	733.964	553.426
34.953	733.550	553.023
35.017	733.202	551.776
34.520	732.906	550.436
34.505	732.285	548.848
34.707	731.634	548.953
34.831	731.069	549.153
34.796	730.296	549.146
35.089	729.273	549.216
35.008	728.997	548.288
35.382	729.348	547.256
35.158	729.814	546.279
34.849	729.335	547.503
35.140	729.081	548.325
35.419	730.191	547.815
35.434	730.605	548.835
34.935	731.563	548.532
34.470	731.354	549.348
34.700	731.193	548.753
35.083	730.616	550.317
34.849	730.157	550.414
35.342	728.814	549.814
34.728	729.498	549.322
35.416	729.642	548.459
34.862	729.777	549.183
35.120	730.512	549.241
34.955	729.873	550.627
35.501	728.817	552.078
35.196	728.336	551.543
35.617	727.523	551.687
35.393	727.820	552.189
35.959	727.598	552.171
35.262	727.174	551.647
35.421	727.092	551.183
35.387	727.342	550.859
35.693	727.638	550.737
35.411	728.536	550.205
35.234	728.952	550.040
35.086	730.197	549.005
34.968	730.507	548.257
34.572	731.536	549.252
34.758	732.124	550.426
34.607	732.195	551.466
35.018	732.901	551.031
35.009	734.033	549.692
35.072	733.396	550.777
35.280	731.769	552.065
35.050	732.126	552.981
35.071	733.266	551.757
34.728	732.967	550.900
34.740	734.433	549.712
34.699	734.207	548.773
34.966	733.482	548.793
34.508	732.232	549.005
34.892	731.753	548.853
34.798	732.081	548.540
35.046	731.500	548.685
34.722	731.300	548.697
35.093	730.338	549.854
35.319	730.060	550.071
35.254	730.265	549.502
34.790	729.907	550.308
34.949	730.328	549.867
34.893	730.301	549.879
34.981	730.052	549.486
35.083	729.741	549.338
34.888	730.638	547.756
35.120	730.896	549.083
34.929	731.440	549.025
34.695	731.483	549.327
34.832	731.969	549.371
34.981	731.409	549.815
34.617	731.633	550.363
34.592	732.196	550.656
35.029	732.209	551.024
35.059	732.295	550.363
35.212	731.076	551.131
35.397	730.502	551.660
35.202	730.161	552.476
35.024	730.108	552.445
35.287	729.489	551.765
35.490	730.003	551.957
35.283	731.011	552.073
34.942	730.736	553.004
35.133	731.282	553.647
34.731	730.582	553.621
35.172	731.052	554.049
34.638	730.232	552.334
35.096	729.586	552.368
35.406	729.871	552.156
35.436	730.104	552.531
35.100	729.531	553.806
35.063	730.790	553.629
35.005	731.395	554.302
35.088	730.825	553.920
35.321	731.604	553.516
35.145	731.968	554.140
35.308	731.489	553.365
35.031	731.082	553.308
35.027	730.372	552.480
35.013	730.161	551.227
34.935	730.569	550.889
34.837	731.175	551.592
34.817	732.556	551.607
34.771	732.865	552.312
35.113	732.527	553.007
35.078	732.062	553.376
34.900	733.103	552.263
34.927	732.911	552.578
35.064	732.677	553.849
35.162	733.094	554.175
34.987	732.242	554.425
35.518	732.033	553.217
35.208	731.617	553.401
35.388	731.933	553.528
35.295	731.649	553.443
35.206	731.470	553.561
34.944	730.694	553.178
34.939	730.910	551.954
35.040	731.036	551.731
34.798	731.617	550.439
34.784	731.641	551.221
34.781	732.075	550.820
34.997	732.316	551.487
34.560	732.125	550.703
34.869	731.458	552.023
34.953	731.543	552.074
35.157	731.933	552.673
34.923	731.799	552.682
35.269	732.453	552.562
35.364	732.544	553.586
34.953	733.037	553.656
34.661	732.415	552.760
34.457	731.132	552.916
34.775	731.425	552.468
35.183	732.351	551.502
34.810	732.088	551.505
35.117	732.424	551.916
35.006	731.529	552.099
35.297	731.724	552.591
34.876	731.885	553.982
35.234	731.326	554.257
34.672	730.191	553.349
35.047	730.400	552.144
35.166	730.102	552.244
35.225	731.130	552.145
34.884	731.324	552.192
35.037	731.869	552.281
35.133	732.955	551.380
34.762	732.998	551.399
34.573	732.164	551.009
34.544	732.401	551.624
35.158	732.124	551.119
34.737	732.345	550.441
34.812	731.228	551.139
35.211	730.849	550.828
35.211	731.908	551.009
35.268	732.435	550.477
35.148	732.027	551.758
35.131	731.938	553.028
35.378	731.319	553.112
34.571	730.473	552.382
35.361	729.772	551.916
35.286	728.959	552.490
35.300	728.866	550.692
34.943	729.022	548.842
35.100	727.927	548.975
34.943	727.393	549.660
35.229	727.017	550.022
35.604	727.588	550.491
35.007	728.462	550.126
35.112	728.571	549.867
35.051	728.788	551.186
35.023	729.336	551.094
35.539	728.835	551.244
34.859	728.915	550.291
35.290	728.267	550.043
35.471	728.364	550.830
35.407	727.856	551.914
35.761	727.367	552.357
35.332	726.558	552.079
35.344	728.633	551.129
35.288	728.545	551.713
35.216	728.766	552.165
35.121	729.940	551.660
35.017	730.684	552.229
34.884	730.508	552.396
35.040	731.002	552.260
35.012	731.563	552.357
34.274	731.940	549.864
34.853	732.137	550.095
34.723	732.401	549.914
34.779	732.054	551.378
35.102	731.577	552.333
35.166	731.398	552.590
34.963	730.640	553.237
34.844	730.391	553.006
34.940	730.031	552.102
34.770	729.250	551.313
35.112	728.989	550.853
35.010	729.217	551.637
35.034	730.619	552.223
35.231	731.352	551.438
34.967	730.805	551.145
34.700	731.238	550.479
34.414	731.026	550.448
34.861	731.151	549.110
34.927	730.923	549.040
35.148	731.409	548.685
34.972	730.717	549.342
34.751	730.923	550.084
35.183	730.091	550.594
35.035	729.682	550.692
35.310	730.441	550.244
35.155	729.370	550.789
34.936	729.882	550.912
35.100	730.560	551.792
35.710	731.209	553.020
35.378	731.255	554.406
35.675	731.154	555.251
35.541	731.436	555.407
35.432	731.221	554.485
35.435	731.071	555.130
35.671	731.206	555.477
35.238	730.948	555.009
35.119	731.298	554.012
35.458	732.419	553.446
35.164	732.336	553.163
35.317	732.001	553.776
35.131	731.825	554.483
35.359	731.791	554.525
35.266	732.175	554.359
35.581	732.330	554.089
35.049	734.227	552.119
34.685	733.921	551.606
34.525	732.853	552.473
34.700	731.859	552.042
34.575	730.958	552.605
35.049	730.989	553.485
34.639	731.052	551.419
34.907	730.159	551.325
35.287	729.076	551.930
35.687	729.117	552.104
35.352	729.581	551.359
35.294	729.476	551.392
35.019	729.268	551.181
35.345	729.204	551.270
35.607	728.769	552.542
34.419	729.187	551.436
35.392	728.811	550.924
35.193	729.366	549.406
34.916	728.499	548.505
35.206	728.324	549.460
35.035	729.713	548.582
34.709	730.820	548.590
34.677	731.133	547.943
34.962	729.884	548.560
34.876	729.596	549.422
35.115	729.579	550.294
35.244	729.521	551.026
34.847	730.217	552.178
35.246	730.241	552.147
34.903	730.139	551.684
35.227	729.278	552.197
35.314	729.493	551.830
35.048	729.417	551.770
35.069	730.222	551.729
34.963	730.464	552.302
35.056	730.602	551.900
34.626	731.358	551.280
35.013	730.230	551.372
34.964	730.083	550.843
35.300	730.444	551.712
34.856	730.496	552.737
35.030	731.241	552.626
35.275	731.620	554.022
35.187	731.861	553.104
34.975	732.225	553.190
35.451	732.317	553.167
35.747	732.049	553.330
34.915	732.694	552.967
34.948	733.539	552.616
35.120	734.288	552.653
34.700	734.208	552.702
34.825	734.253	551.925
35.152	732.796	553.330
34.912	731.706	552.338
34.932	731.799	551.706
34.414	730.654	552.089
34.924	730.641	551.756
34.748	731.169	551.591
35.140	731.225	551.797
35.061	731.260	551.005
34.778	730.740	551.734
34.892	730.896	552.059
35.083	731.820	550.415
34.929	731.974	550.123
35.018	730.976	551.343
34.489	730.073	551.972
35.275	730.415	551.714
35.703	729.678	552.316
34.968	729.520	551.620
34.953	729.596	551.317
35.174	728.981	550.955
35.090	728.014	552.115
35.719	727.590	552.039
35.122	728.898	550.873
35.187	729.882	550.705
35.286	730.436	551.098
34.757	729.737	550.007
35.219	728.220	550.479
35.233	726.759	550.581
35.658	725.122	551.605
35.517	725.036	551.581
35.664	725.538	551.729
35.675	726.687	552.298
35.130	727.966	552.256
35.205	728.925	552.104
35.231	729.509	551.976
35.095	730.548	551.530
35.234	731.708	551.968
35.094	732.241	552.669
35.197	731.953	554.096
35.037	732.680	553.621
34.979	732.883	553.629
34.143	732.565	551.832
34.459	732.909	551.423
34.397	732.342	550.669
35.033	731.965	550.790
34.692	732.250	550.481
34.553	731.551	550.347
34.531	730.959	549.783
34.876	730.126	551.045
35.137	729.406	551.766
35.420	729.365	551.562
35.106	729.849	551.135
34.752	730.145	550.632
34.763	730.569	550.825
35.161	731.426	551.703
35.068	731.058	551.736
34.862	731.508	551.346
34.764	730.857	551.854
34.568	730.364	551.364
34.985	729.686	552.209
35.433	729.756	552.193
35.050	731.269	551.491
35.079	731.333	552.096
35.174	731.911	552.089
34.559	731.912	551.094
33.690	730.435	550.278
34.520	729.935	548.666
34.920	730.533	548.526
34.466	731.299	549.246
34.860	730.322	550.453
34.809	731.270	549.990
34.931	731.446	549.723
34.519	731.939	550.343
34.926	733.147	550.081
34.644	732.902	550.102
35.048	732.809	550.784
34.562	734.396	549.198
34.813	733.370	548.807
34.805	732.045	549.925
35.064	731.663	550.685
34.806	731.940	551.898
34.994	731.364	552.251
34.797	731.982	552.138
34.614	731.770	552.673
35.626	731.786	553.588
34.979	732.406	552.788
35.047	732.584	552.094
34.820	733.467	551.758
34.687	733.104	551.096
34.969	732.636	551.153
34.871	732.697	551.406
34.809	733.216	550.993
34.640	732.680	551.857
