33.979	729.211	553.288
33.738	728.342	551.850
34.389	728.104	551.391
34.491	728.728	549.821
34.291	729.209	550.622
34.133	729.889	551.134
34.420	729.814	551.869
34.319	730.118	552.433
34.013	731.962	551.069
34.272	731.597	552.403
34.003	731.631	553.560
34.077	732.212	554.718
34.615	731.838	555.571
34.071	732.060	555.002
34.113	732.580	554.294
34.290	733.696	553.035
34.411	733.661	552.843
34.568	734.664	552.234
34.114	735.485	550.328
33.817	734.148	549.686
34.064	733.911	549.300
34.162	733.635	549.321
33.954	734.260	548.692
33.861	734.188	549.136
33.904	735.629	548.988
34.062	735.110	550.534
33.959	733.582	551.945
34.259	733.656	552.433
33.875	732.583	552.653
34.372	733.081	553.109
34.110	734.143	552.345
33.930	733.480	552.065
34.095	733.391	552.038
34.453	733.399	552.954
34.633	733.625	553.029
34.030	733.736	552.588
34.034	734.146	551.855
34.084	733.979	552.836
34.451	733.334	553.106
33.785	733.121	550.762
34.003	733.294	550.942
34.150	732.798	552.537
34.136	732.632	552.481
34.308	732.332	552.265
34.411	731.992	552.178
34.267	732.414	552.824
34.226	733.075	553.797
34.136	732.824	553.837
33.885	732.217	553.355
34.016	732.004	552.561
34.228	731.424	553.807
33.976	731.333	552.452
33.779	730.785	550.763
34.154	731.472	551.099
34.191	731.521	550.582
33.993	733.074	551.050
34.111	732.818	551.192
34.365	733.262	551.524
34.200	733.453	552.691
34.378	733.212	552.437
34.167	734.369	551.844
34.012	735.381	551.862
33.731	734.514	552.997
34.303	734.811	553.775
34.341	734.124	555.363
34.406	733.945	555.535
34.207	735.083	554.852
34.206	735.012	553.735
34.107	734.260	553.761
34.566	733.657	554.136
33.784	733.238	552.403
34.068	732.248	552.056
34.154	731.429	553.378
34.214	730.170	554.449
34.574	728.775	555.113
34.023	729.758	553.533
34.394	730.026	555.367
34.081	730.130	554.527
34.018	730.089	554.873
34.395	730.543	554.691
34.138	730.784	552.922
34.546	730.965	553.367
34.435	731.943	553.041
34.146	732.022	553.494
33.844	731.478	553.887
34.403	731.025	554.794
34.247	731.274	554.655
34.345	730.935	555.169
34.228	731.216	555.482
34.526	729.794	555.703
34.184	730.011	554.805
34.240	730.103	553.584
34.261	729.672	553.529
34.269	730.628	553.527
34.114	731.489	552.686
34.099	730.612	552.772
34.443	731.557	552.398
34.199	731.907	552.327
34.320	732.008	553.545
34.183	732.345	553.078
34.188	733.249	551.986
34.391	732.671	552.610
34.452	732.815	553.667
34.312	732.748	554.053
34.007	731.964	553.943
34.397	732.536	554.023
34.306	733.459	553.674
34.180	733.794	552.551
33.959	733.515	552.382
34.181	734.792	551.908
33.669	733.689	551.825
33.895	733.959	551.761
33.825	733.921	551.187
33.909	733.812	550.047
33.654	732.677	550.248
33.655	733.379	548.606
34.018	733.949	548.968
33.813	732.957	549.655
33.583	733.004	549.392
33.672	732.546	549.319
33.931	732.740	549.098
33.878	731.886	549.690
34.272	732.253	551.211
34.138	732.764	550.695
33.986	733.391	550.509
34.152	732.552	552.576
33.906	732.610	552.183
33.357	731.915	551.766
34.184	731.328	552.352
34.254	730.163	553.924
34.215	730.665	554.624
34.421	730.993	555.177
34.525	731.435	556.290
34.453	731.463	555.943
34.471	732.957	555.747
33.828	734.477	552.844
33.752	733.786	552.284
33.865	733.812	552.398
34.298	733.278	553.085
34.296	732.919	551.855
34.196	732.762	552.493
34.043	733.276	552.924
33.947	732.772	553.048
34.096	732.377	554.109
34.477	732.171	554.411
34.255	731.100	555.771
34.356	730.751	556.304
34.678	731.013	556.353
34.042	730.985	555.993
34.250	731.319	554.660
34.212	731.440	554.073
34.096	732.344	553.101
34.217	733.169	552.144
33.829	733.425	551.554
34.092	733.229	551.894
34.354	733.058	552.508
33.979	732.376	552.717
34.430	732.706	552.026
33.734	732.563	550.791
34.046	732.859	550.456
34.032	733.233	550.751
34.282	731.885	552.261
34.004	732.121	552.062
34.418	730.805	552.760
34.316	730.940	553.442
34.166	731.026	553.668
33.994	731.311	552.289
33.948	730.416	552.364
34.031	728.883	552.498
34.685	729.084	553.142
34.281	729.707	553.630
34.251	730.729	553.308
34.305	731.625	553.747
34.183	731.622	554.409
33.745	731.185	553.399
33.829	731.317	550.718
33.981	732.265	549.391
33.992	731.337	551.561
34.365	731.556	551.894
34.387	732.172	552.624
34.215	732.350	552.429
34.280	732.159	552.512
34.307	732.381	553.123
34.404	732.117	551.895
34.327	732.335	551.447
34.387	731.607	552.375
34.220	733.063	551.647
34.323	733.378	551.941
34.335	732.643	553.106
34.664	732.965	554.191
34.020	732.028	553.630
34.010	732.249	552.436
34.199	731.045	553.024
34.409	730.613	552.668
34.082	731.166	551.636
34.207	731.345	552.495
33.655	731.756	551.066
34.120	731.745	552.356
34.261	731.612	552.674
34.138	732.118	551.331
33.944	732.428	551.370
34.108	733.109	551.729
34.331	733.323	552.568
34.273	733.052	551.769
33.977	732.880	551.876
34.055	732.326	552.317
34.599	732.193	552.922
34.344	732.223	553.040
34.315	731.516	554.227
34.206	731.543	553.669
34.098	731.001	555.267
34.254	729.794	556.262
33.684	729.977	554.900
34.075	729.741	554.708
33.943	730.377	554.327
34.495	730.145	553.740
34.029	730.891	552.088
34.445	730.819	551.658
34.268	732.161	551.836
34.118	732.616	551.029
34.149	732.609	550.851
33.620	731.999	551.035
34.203	732.178	551.214
34.299	732.088	552.161
33.899	732.402	551.274
34.154	731.891	551.151
34.350	732.019	551.951
34.214	732.046	552.260
34.239	731.000	552.416
33.661	730.599	550.394
34.332	730.724	550.363
34.232	731.060	551.009
34.099	731.906	550.841
34.056	732.464	550.214
34.208	731.471	551.505
34.016	731.017	550.813
34.008	731.463	551.385
34.306	730.716	552.428
34.482	730.862	552.778
34.373	731.550	553.261
33.799	731.569	552.198
34.133	733.335	551.126
34.259	733.060	552.031
34.240	732.554	552.840
34.113	733.190	551.828
34.284	732.941	552.195
33.745	733.566	551.464
34.276	734.029	552.648
34.219	734.588	552.575
33.953	734.812	552.391
33.882	733.742	553.449
34.116	733.490	553.160
34.708	732.904	554.086
34.541	732.926	555.408
34.280	733.697	555.248
34.180	733.148	555.722
34.231	733.031	554.360
34.054	732.848	554.246
34.607	732.668	554.504
34.474	734.106	553.823
34.527	733.554	554.613
33.871	734.080	554.256
34.443	735.014	553.687
33.883	734.306	553.821
34.168	735.140	552.132
33.774	734.695	550.654
33.158	733.377	550.492
33.552	732.565	550.656
34.177	733.118	552.581
34.393	732.852	553.114
34.334	733.096	553.296
33.735	731.727	553.753
34.474	732.215	554.618
34.182	733.207	554.768
34.198	732.078	555.086
34.293	731.936	553.664
34.593	732.140	552.901
34.032	730.762	554.184
33.991	730.122	554.530
34.145	731.329	554.051
34.504	731.619	553.313
34.655	731.379	554.545
34.420	731.495	554.922
34.275	732.069	553.483
34.114	731.935	551.720
34.009	732.650	552.365
34.248	732.652	553.212
34.094	732.768	553.191
33.937	732.834	552.259
34.246	732.110	552.187
34.079	732.389	551.791
33.855	733.263	549.217
34.114	732.948	549.624
34.023	732.524	549.697
34.078	732.745	551.491
33.753	733.154	551.322
34.059	733.702	549.995
34.009	733.655	550.935
33.960	732.301	552.344
34.070	732.202	551.737
33.769	732.226	551.307
34.072	732.564	552.419
34.269	732.291	552.049
33.874	732.561	550.929
34.049	733.033	551.912
33.922	733.057	551.374
34.142	733.034	551.424
33.985	732.641	551.824
34.286	733.299	552.706
34.249	733.541	553.378
33.783	733.888	551.416
34.202	732.989	552.495
34.223	732.463	554.283
34.474	732.442	554.595
34.572	732.490	554.852
34.318	732.435	554.669
34.512	732.429	554.882
34.267	732.429	554.273
34.464	732.627	553.643
33.817	732.680	552.956
33.672	731.682	552.958
34.218	731.769	552.421
34.078	732.111	552.267
34.013	731.319	553.209
33.993	730.590	553.634
34.334	731.095	553.379
34.433	730.054	554.179
34.214	730.099	553.722
34.300	729.925	553.621
34.412	730.892	552.677
34.607	731.183	553.120
34.305	731.956	553.600
34.531	732.897	554.195
34.205	734.114	553.522
34.185	734.422	552.683
34.088	734.992	553.656
33.980	734.706	552.404
33.880	735.262	551.561
34.053	733.491	552.933
33.808	733.088	551.810
34.033	732.164	552.787
34.085	731.612	552.816
34.262	731.888	553.498
33.775	731.153	551.799
33.641	730.095	551.892
34.267	729.926	551.045
34.712	729.044	551.819
34.291	729.212	551.289
34.472	728.704	551.087
34.536	728.358	551.221
34.359	727.875	552.022
34.311	728.635	552.226
34.642	729.244	553.109
34.390	729.028	553.069
34.665	729.266	553.068
34.043	729.470	552.895
34.810	729.050	553.760
34.647	730.277	553.619
34.692	729.849	554.525
34.203	730.624	554.835
33.786	731.586	554.016
33.698	732.397	551.646
33.862	732.324	551.539
34.612	731.670	552.108
33.897	732.283	551.550
34.013	731.324	551.303
33.419	730.654	549.646
33.823	731.185	549.060
34.149	730.678	550.551
34.296	730.293	552.196
34.142	730.086	551.355
34.568	729.936	551.650
34.062	730.336	550.974
34.294	729.978	551.451
34.061	730.253	551.994
34.509	730.611	552.544
34.337	731.822	552.399
34.219	731.682	551.898
34.299	731.483	552.869
34.440	731.870	552.758
34.202	731.485	553.235
33.982	731.263	551.460
34.705	731.711	551.507
34.172	732.100	552.371
34.465	732.042	552.434
34.516	732.088	552.742
33.931	733.544	550.572
33.821	734.089	551.077
34.272	733.437	552.207
34.284	734.396	551.545
34.043	734.799	551.967
34.219	734.774	552.194
34.390	733.872	554.108
34.456	733.542	555.577
34.298	733.547	556.440
33.893	733.557	556.391
34.077	734.789	554.124
34.373	734.226	555.367
33.860	733.168	553.888
34.752	733.347	553.882
34.214	732.724	553.278
34.247	732.311	551.924
34.177	732.459	551.794
34.371	732.373	552.870
34.523	732.395	553.351
34.338	732.400	552.375
34.049	732.380	552.000
34.486	731.930	552.481
34.127	732.339	551.370
34.201	733.356	550.696
34.157	733.447	551.861
34.354	733.062	553.779
34.278	732.878	554.801
33.868	733.521	553.039
34.298	733.634	553.241
34.356	733.767	553.383
34.687	734.555	553.704
34.586	735.033	554.406
34.540	733.837	555.019
34.472	734.730	553.672
34.137	734.871	551.984
34.582	734.564	553.196
34.206	733.791	554.581
34.038	733.554	554.493
34.079	732.587	555.684
33.982	731.807	555.629
33.682	731.467	554.676
33.928	730.496	554.224
34.515	730.511	553.784
33.889	731.669	552.558
34.223	732.121	551.442
33.766	731.472	550.192
34.123	730.860	550.364
34.349	731.718	549.610
34.089	732.712	550.175
34.087	733.047	551.121
33.934	732.320	552.795
34.462	732.685	552.227
34.083	732.180	552.212
34.289	732.789	553.261
34.451	733.231	554.446
34.281	732.885	554.812
34.016	732.057	555.264
34.360	732.603	552.524
34.188	733.123	552.086
34.197	733.544	550.940
33.901	732.610	551.788
34.194	732.657	552.218
34.078	732.434	553.080
34.401	732.145	552.801
34.098	731.724	552.790
34.713	732.445	553.472
34.135	731.942	553.455
34.407	731.572	553.290
34.473	732.116	554.410
34.425	731.166	555.478
34.644	730.696	555.971
34.630	731.297	555.122
34.426	730.973	556.075
34.551	732.919	554.638
34.308	732.948	553.957
34.250	732.728	553.594
34.408	732.714	554.262
33.732	732.630	553.510
34.056	732.852	552.839
33.520	732.839	551.710
33.301	732.466	550.616
34.382	730.860	551.323
34.099	731.327	550.247
34.261	730.632	552.200
34.443	731.634	552.214
34.367	732.296	552.389
34.298	733.004	552.451
34.073	733.740	551.739
34.047	734.083	551.936
34.212	733.020	552.455
34.331	732.450	551.857
34.012	731.424	551.503
33.853	731.888	550.521
33.663	730.180	551.964
34.435	729.982	551.892
34.334	731.021	552.098
34.003	731.802	550.678
34.244	731.792	551.723
33.659	731.678	551.485
33.630	731.177	550.836
34.374	732.250	550.019
33.948	731.629	550.696
34.271	731.805	551.925
34.293	730.973	553.135
34.057	732.085	551.506
34.084	732.366	550.697
34.068	732.520	550.490
33.992	732.377	551.154
34.013	731.952	550.503
34.279	732.123	550.238
33.923	732.024	549.813
34.219	731.612	550.811
34.259	731.550	552.999
34.364	732.325	552.429
34.355	732.446	552.403
34.388	732.404	552.244
34.188	731.784	552.432
34.171	731.133	553.516
34.523	731.105	554.488
34.449	731.408	553.825
34.150	731.306	552.634
33.941	731.944	552.379
34.170	731.485	552.594
34.087	730.589	552.359
34.023	731.498	551.338
34.241	731.487	551.019
34.147	731.848	551.850
34.224	733.305	552.011
34.198	732.848	552.878
33.991	732.346	552.118
34.273	730.934	553.477
34.674	729.902	555.005
34.453	730.096	555.802
34.238	731.091	554.969
34.494	730.836	555.152
34.508	731.605	553.862
34.227	732.176	554.115
34.371	731.800	553.290
34.467	732.394	553.058
34.354	731.894	554.512
34.168	731.636	555.472
34.091	732.498	553.695
34.462	731.783	552.605
34.472	732.382	552.014
34.001	731.801	551.910
34.293	731.939	551.598
34.306	731.873	552.053
34.091	733.004	551.990
34.022	733.055	550.939
34.065	732.742	551.718
33.472	732.062	550.594
34.087	731.471	550.447
34.145	731.096	550.854
33.919	732.029	549.983
34.216	730.726	551.129
34.469	731.161	550.434
34.283	730.451	551.711
34.100	730.435	552.408
34.533	729.925	553.030
34.581	730.198	553.183
34.413	730.398	553.516
34.244	731.353	553.005
34.370	732.117	552.499
34.345	732.806	552.564
33.978	732.606	553.041
33.558	732.460	551.536
34.016	732.054	551.014
34.010	731.944	551.385
34.305	731.811	552.374
33.931	732.439	552.145
34.395	731.610	553.555
33.978	730.402	555.027
33.914	730.395	552.286
34.256	730.848	551.056
34.208	731.378	551.818
34.393	731.468	552.231
34.210	731.071	552.131
34.009	731.345	551.251
34.612	730.965	551.120
34.268	730.704	551.821
34.205	731.360	552.778
34.395	730.908	554.934
33.908	731.495	555.747
34.448	732.382	554.782
34.168	733.112	553.101
33.908	733.666	551.542
33.934	733.498	552.748
34.194	733.397	553.038
34.389	733.230	552.851
34.218	732.516	552.244
34.422	732.074	553.305
34.230	731.354	554.404
34.691	732.289	553.810
34.616	732.114	553.799
34.514	732.159	553.808
34.177	732.639	553.423
34.255	732.489	553.486
34.187	733.076	553.347
34.321	733.186	553.803
34.590	733.890	554.359
34.357	733.516	554.116
34.115	733.339	554.151
34.016	731.831	556.188
33.777	732.242	554.103
34.216	731.401	554.282
34.488	732.711	552.580
33.608	733.468	550.837
33.278	733.030	549.114
33.952	732.386	550.120
33.913	732.202	551.448
33.859	733.864	551.637
33.666	734.572	552.479
33.923	734.073	554.036
34.182	734.254	554.616
34.142	734.085	554.410
33.609	733.621	553.045
34.610	733.729	554.101
34.332	733.027	554.737
34.222	732.381	556.204
34.080	732.973	556.171
34.459	733.092	556.670
33.896	732.253	556.729
33.760	731.892	555.142
34.315	732.097	553.998
34.194	733.608	553.564
34.281	734.732	553.547
34.125	733.970	553.237
34.351	734.856	553.011
34.143	734.605	552.432
34.295	734.532	552.372
34.038	733.559	551.831
34.000	731.985	554.297
34.025	731.961	553.314
34.173	731.220	554.109
34.151	731.458	553.300
33.750	731.509	551.602
33.809	731.880	550.411
33.965	730.655	551.155
34.409	730.050	552.310
34.283	730.525	552.062
34.270	731.007	552.643
34.226	730.983	551.527
34.330	732.238	550.466
33.851	732.512	551.243
34.210	733.263	551.967
34.212	733.173	553.059
34.326	732.909	553.376
33.956	732.341	553.843
34.506	733.160	553.136
34.430	733.048	553.739
34.284	733.573	553.999
34.324	734.116	554.204
34.326	734.385	553.298
34.273	733.259	553.069
34.127	732.753	553.004
34.321	733.043	552.585
34.409	733.165	552.298
33.366	731.918	550.625
33.672	730.464	552.456
34.159	729.980	551.703
34.547	729.226	552.527
34.471	729.654	553.439
34.226	730.855	552.967
34.333	731.766	552.988
34.397	732.415	553.479
34.281	732.500	554.116
34.449	732.544	554.470
34.226	733.833	554.851
34.513	734.512	554.455
34.291	734.075	554.898
34.365	733.747	555.522
34.300	734.588	554.870
33.968	734.224	554.305
34.575	733.259	554.691
34.539	732.951	555.554
34.438	734.014	555.361
34.488	733.556	556.017
34.048	733.285	555.430
34.305	732.004	555.896
33.919	732.273	554.417
34.308	731.796	554.440
34.286	731.752	555.034
34.013	733.429	553.762
34.354	733.355	552.890
33.711	733.745	550.808
33.644	733.439	550.745
33.961	733.067	550.733
34.356	732.822	551.523
34.148	733.417	550.714
34.154	733.204	550.821
34.020	733.348	551.233
34.326	733.083	551.256
34.247	733.199	551.676
33.968	733.558	552.288
34.510	733.900	553.246
34.445	733.142	553.930
34.185	732.229	553.272
34.172	732.369	552.172
34.259	731.400	552.034
33.985	730.436	551.995
33.740	729.358	549.208
34.140	728.809	548.909
34.399	728.299	550.166
34.192	727.872	550.481
34.772	728.018	551.423
34.224	728.807	551.011
34.637	729.534	551.060
34.510	729.444	552.034
34.416	729.340	551.857
34.502	730.161	551.148
33.989	729.364	551.505
33.925	729.153	550.245
34.620	728.514	551.167
34.246	728.751	552.931
34.374	729.179	554.159
34.791	730.207	553.997
34.110	731.382	553.392
34.457	731.642	551.822
34.064	732.394	551.441
34.592	732.645	551.462
34.119	732.572	551.710
34.023	732.879	553.104
34.043	734.121	552.493
34.373	734.160	550.873
33.961	733.707	551.238
33.968	733.488	551.322
34.161	732.029	552.780
34.491	732.560	553.121
33.961	733.345	552.514
34.416	733.872	552.511
34.248	734.224	552.293
34.130	733.654	552.739
33.982	732.664	553.433
33.820	731.517	553.815
34.398	731.782	554.067
34.389	731.546	554.083
34.138	731.769	554.033
33.788	730.593	553.619
33.793	730.706	553.128
33.349	730.004	551.824
34.029	730.886	550.252
34.211	731.260	549.905
34.019	731.906	549.979
34.373	731.772	550.499
33.987	732.215	549.498
34.268	732.698	548.790
34.251	732.430	549.796
33.808	731.908	549.344
33.902	731.888	548.678
33.873	731.095	549.455
34.058	730.141	550.810
34.224	729.564	551.825
34.539	730.491	552.286
34.327	729.952	552.112
34.451	731.213	552.139
34.407	732.163	551.853
34.405	731.753	552.390
33.913	731.773	552.009
34.281	731.431	551.302
34.448	730.721	551.861
34.366	731.477	552.223
34.263	731.483	552.697
34.233	730.447	554.433
34.203	730.275	553.427
34.266	730.578	553.318
33.883	731.709	552.924
34.438	731.429	553.564
34.179	731.318	552.667
34.294	732.097	552.549
34.447	732.502	551.932
34.131	732.493	552.109
34.702	731.762	553.059
34.055	731.662	552.840
34.134	731.596	552.631
34.069	732.019	551.774
33.541	731.379	551.279
34.041	730.210	550.837
34.150	729.029	550.937
33.719	728.803	549.845
33.969	729.131	548.839
34.051	728.667	548.412
34.377	728.901	548.796
34.179	729.489	548.203
34.269	729.664	549.349
34.395	729.787	550.053
34.379	730.356	551.278
34.544	729.619	551.466
34.415	730.412	551.591
34.012	731.175	551.621
34.099	731.918	551.543
34.310	731.748	552.799
34.245	731.398	554.056
34.491	730.761	554.656
34.281	731.160	554.829
34.174	730.794	553.266
34.129	731.674	552.659
33.896	731.860	552.857
34.157	732.172	552.613
34.244	732.293	551.463
34.060	732.615	551.798
34.647	732.310	553.193
34.564	731.736	554.142
34.203	731.834	553.546
34.356	731.578	554.375
34.566	731.280	554.675
34.341	731.589	553.561
34.249	733.000	552.242
33.881	733.177	551.247
33.992	733.316	550.809
34.349	732.657	551.286
34.342	732.534	551.238
34.006	732.998	551.365
34.182	732.459	551.217
34.113	731.559	552.409
34.412	732.093	553.060
34.685	732.409	553.067
33.996	732.341	552.432
34.690	731.510	553.586
34.304	732.859	553.723
34.731	731.962	553.642
33.895	732.497	551.399
34.309	731.748	551.113
34.596	731.355	552.981
34.796	731.055	552.809
34.311	731.294	551.273
33.925	732.483	550.548
34.377	732.455	551.033
34.209	732.844	550.890
34.033	732.199	551.884
34.412	732.845	551.413
34.160	733.472	551.724
34.125	733.198	551.573
34.407	732.772	553.777
34.578	732.736	554.158
34.244	732.089	555.452
34.141	731.273	555.101
34.260	730.693	555.098
34.332	731.807	553.594
34.286	732.347	553.192
34.405	733.219	551.303
33.709	733.472	550.763
34.041	733.225	551.430
34.079	733.074	550.903
34.120	733.174	551.879
34.243	733.063	551.556
33.952	733.324	551.796
34.342	732.707	552.927
34.396	732.625	552.330
33.953	733.154	551.686
33.967	731.031	552.913
33.871	730.280	552.278
34.177	728.413	552.533
34.572	727.221	552.615
34.643	726.807	552.392
34.672	727.305	551.281
34.640	727.515	549.616
34.112	728.781	549.085
34.468	729.322	549.474
34.667	728.297	549.981
34.599	727.537	550.068
34.494	728.281	550.339
34.520	728.209	550.812
34.382	728.952	551.490
34.805	730.108	550.535
34.286	730.792	551.768
34.345	731.238	552.996
34.474	732.128	552.911
34.430	732.914	553.786
34.729	732.652	554.454
34.286	732.202	554.471
34.551	732.162	553.968
34.369	733.393	552.543
34.254	734.275	552.181
34.339	734.510	552.185
34.196	733.843	552.359
33.995	733.643	550.968
34.095	734.204	550.413
33.810	733.069	551.556
34.178	732.970	551.994
34.155	732.511	552.537
34.217	732.949	552.461
34.155	731.865	552.331
34.590	732.190	553.290
34.326	732.331	552.464
34.046	731.866	552.792
33.902	732.406	551.469
34.347	732.050	551.239
34.194	731.706	550.564
34.013	732.344	552.256
34.451	731.261	553.191
34.052	731.712	552.717
33.900	732.163	551.831
34.229	731.992	552.031
34.503	731.834	553.481
34.378	731.487	553.993
34.434	731.805	552.953
34.506	732.698	553.271
34.457	732.177	554.086
34.591	731.530	554.185
34.789	732.314	553.591
34.285	731.916	552.767
34.097	731.763	551.506
33.762	731.644	550.508
33.971	731.115	551.158
33.953	731.208	550.086
34.104	730.835	549.533
34.288	731.166	550.059
34.381	731.093	549.959
34.459	730.764	551.326
34.022	731.670	550.995
34.104	732.165	551.687
34.282	731.949	553.131
34.566	732.070	554.338
34.718	732.464	553.458
34.353	731.758	552.846
34.506	731.308	554.722
34.314	731.053	554.402
33.962	731.153	552.919
33.804	730.831	551.424
34.346	730.465	551.050
34.223	729.623	550.758
34.461	729.695	550.559
33.741	729.177	549.296
34.294	728.151	549.027
34.400	727.369	549.048
34.713	726.455	550.329
34.273	726.464	550.923
34.601	726.884	550.609
34.404	727.871	551.842
34.127	729.445	551.924
34.194	730.778	551.244
34.301	730.641	553.452
34.514	730.447	554.519
33.936	729.625	556.039
34.264	730.352	555.309
34.399	730.222	555.117
34.354	730.738	554.693
34.501	731.665	554.063
34.311	732.408	552.418
34.184	732.405	551.592
34.334	732.645	551.553
33.879	732.860	551.206
34.175	732.355	552.626
34.485	731.381	553.474
33.966	732.076	552.752
34.154	732.206	552.468
34.592	732.098	552.150
34.374	732.529	551.674
33.879	732.171	551.890
34.045	732.942	550.733
34.014	733.297	550.248
33.659	732.860	551.336
34.453	732.447	552.753
34.522	733.010	552.592
34.189	732.923	552.455
34.257	732.933	552.357
34.419	731.882	554.164
34.391	732.745	553.254
34.795	732.957	553.534
34.567	733.306	553.715
34.131	732.435	553.060
34.300	731.994	552.666
34.313	731.165	554.684
34.113	730.304	554.019
34.163	730.658	552.219
34.443	729.500	552.934
35.060	728.262	553.882
34.496	728.986	552.703
34.561	730.080	552.730
34.505	730.735	552.832
34.665	731.193	552.508
34.480	730.666	553.100
34.493	731.514	552.944
34.192	732.255	552.394
34.336	732.098	551.861
34.259	733.041	550.489
34.431	732.881	550.921
34.015	733.079	551.544
34.465	732.562	552.529
34.090	732.938	552.300
34.746	732.154	553.157
34.447	731.836	552.373
34.129	730.753	551.619
34.159	730.137	552.157
34.239	730.910	552.023
34.005	731.226	551.475
34.591	731.214	552.111
33.946	731.585	551.650
34.282	731.818	551.728
34.246	733.241	552.357
34.567	733.009	552.945
34.110	733.292	552.883
34.547	732.833	553.963
34.176	732.772	552.111
34.374	731.574	552.831
34.417	732.115	552.039
34.237	732.283	550.538
33.883	732.895	549.573
34.268	732.979	550.145
33.887	732.348	551.922
34.201	730.813	553.697
34.620	731.449	553.461
34.214	731.280	553.158
34.543	731.221	553.014
34.205	731.439	553.041
34.330	731.492	552.012
34.491	731.338	552.138
34.534	731.530	551.966
34.083	732.849	550.963
34.007	731.798	551.040
33.849	732.589	551.486
34.423	733.393	551.215
34.119	733.590	551.491
33.997	733.142	552.184
34.379	732.951	551.867
34.075	731.241	551.819
33.820	731.123	551.216
34.392	730.894	550.914
34.507	731.199	552.021
34.512	731.840	551.844
34.094	732.076	551.854
34.123	730.699	552.924
34.510	730.504	553.735
34.051	731.134	553.695
34.304	731.712	552.916
34.705	732.046	553.462
34.388	732.286	552.487
34.168	732.604	552.050
34.215	733.023	552.423
34.247	733.003	552.334
34.486	732.886	552.540
34.013	733.126	552.999
34.197	732.773	552.919
34.402	731.852	553.334
34.164	731.115	553.599
34.086	730.555	553.880
34.328	730.025	554.251
34.378	729.422	554.484
34.558	729.554	553.607
34.545	730.867	553.605
34.177	731.249	553.142
34.214	731.295	552.804
34.437	731.286	553.870
34.430	731.166	553.647
34.641	730.732	553.971
34.331	731.370	553.194
34.199	731.323	551.778
34.094	731.367	550.619
34.140	731.151	551.088
34.242	729.910	551.715
34.431	729.688	551.826
34.733	729.885	552.146
34.448	730.254	552.848
34.325	730.920	553.012
34.139	732.142	553.058
34.626	732.311	552.701
34.818	732.594	553.085
34.732	731.667	555.079
34.556	731.966	556.443
34.328	731.401	556.000
34.397	730.729	556.109
34.870	732.374	555.377
34.528	732.287	555.306
34.603	732.323	554.596
34.452	732.990	555.579
34.304	733.914	556.086
34.854	734.228	555.695
34.601	734.141	556.450
34.096	733.160	554.417
34.005	732.897	552.461
33.949	731.607	554.327
34.486	731.674	553.474
34.574	731.702	552.915
34.510	732.239	553.047
34.326	732.670	553.015
34.062	733.347	550.732
34.070	732.929	550.807
34.241	732.530	551.988
34.492	732.798	553.016
33.920	732.557	551.709
33.971	732.963	551.408
33.969	733.092	550.316
34.271	732.641	550.797
34.484	732.938	552.548
33.933	732.665	551.548
33.959	732.257	551.224
34.077	732.236	551.997
34.833	732.422	552.070
34.968	732.131	552.894
34.399	732.620	552.095
34.375	732.694	552.780
33.704	731.947	552.161
34.258	730.535	553.067
34.572	730.161	553.503
34.577	730.811	553.310
34.402	730.951	553.080
34.336	731.518	551.885
34.208	731.607	552.392
34.278	731.615	552.723
33.916	731.439	551.958
34.262	731.498	550.613
34.174	730.011	551.986
34.501	730.555	552.603
34.304	731.160	553.562
34.211	731.677	552.116
34.253	732.482	551.797
34.408	732.730	552.103
34.433	733.818	551.301
34.197	733.468	552.358
34.360	733.760	550.948
34.114	734.094	551.395
34.260	734.215	552.181
34.202	734.070	552.873
34.927	733.546	554.453
33.939	733.559	553.165
33.687	732.887	552.426
33.515	732.194	551.765
34.093	731.766	552.104
34.020	731.030	551.230
34.188	730.749	551.969
34.459	731.338	552.780
34.445	731.361	553.142
34.397	731.225	553.122
34.132	730.812	552.912
34.119	731.605	552.276
34.040	731.868	550.455
34.018	731.467	549.244
34.241	729.764	549.616
33.961	729.851	550.049
34.593	729.466	550.405
34.512	728.900	550.152
34.271	728.774	550.734
34.917	728.801	551.065
34.711	729.092	552.286
34.713	730.055	552.370
34.606	730.959	551.522
34.629	731.566	551.758
34.354	732.759	551.587
34.423	733.377	551.304
33.771	732.946	550.375
33.775	731.551	550.652
34.396	730.929	552.399
34.140	730.186	551.647
34.162	729.521	551.146
34.616	729.901	550.958
34.463	729.342	552.407
34.854	728.935	552.127
34.481	730.183	552.184
34.509	730.175	553.117
34.599	730.732	552.828
34.267	731.761	551.211
34.320	731.675	551.036
34.330	731.749	552.023
34.398	731.488	553.641
34.503	730.528	555.358
34.386	730.541	555.675
34.226	731.192	555.880
34.208	731.452	553.434
34.332	731.657	552.482
34.607	732.627	552.020
34.426	733.732	551.693
33.941	733.893	550.613
33.598	732.660	549.805
33.920	732.268	549.443
34.143	731.750	549.530
34.192	732.238	550.613
34.133	731.568	551.585
34.078	731.406	551.988
34.184	730.503	551.988
34.018	731.520	551.156
33.603	731.908	550.193
34.224	731.834	550.935
34.411	731.497	552.674
34.745	730.322	553.542
34.643	730.099	552.855
34.317	730.150	552.297
34.460	730.088	552.521
34.396	730.012	553.001
34.411	730.606	553.039
34.589	731.522	552.505
34.828	731.870	553.449
34.350	732.732	552.818
34.172	733.239	552.297
34.462	731.557	553.133
34.651	731.382	552.699
34.185	731.693	552.031
34.076	731.571	551.333
33.999	732.094	551.037
34.504	731.284	552.025
34.117	731.879	551.477
34.176	731.714	551.638
34.389	731.857	551.996
34.139	732.144	552.047
34.467	732.580	551.446
33.928	733.247	551.070
33.598	733.159	549.777
33.872	732.095	550.365
34.021	731.340	550.281
34.779	730.186	551.081
34.507	730.192	551.446
34.168	730.653	551.564
34.437	731.311	553.007
34.671	731.303	553.080
34.504	731.341	553.593
34.539	731.382	553.904
33.754	731.503	553.783
34.175	731.479	554.168
34.629	731.319	554.536
34.727	731.830	554.924
34.504	731.743	555.175
34.307	732.437	553.571
34.756	732.501	553.785
34.306	732.024	554.186
34.802	732.421	554.265
34.763	731.850	554.380
34.159	732.204	552.625
34.249	732.606	551.629
34.265	732.628	551.929
34.427	733.124	552.188
33.942	732.716	551.042
34.434	731.657	551.523
33.796	732.115	551.408
34.433	731.227	551.748
34.371	730.867	551.982
34.223	731.490	550.797
34.129	731.755	551.292
33.839	732.594	550.865
33.862	733.569	550.348
34.048	733.079	550.216
33.858	732.954	549.558
33.986	732.446	549.598
34.142	731.166	550.762
34.472	731.184	552.283
34.589	731.382	552.595
34.583	731.461	553.717
34.329	731.192	552.788
34.496	731.988	552.566
34.538	732.765	552.238
33.927	732.717	551.405
33.980	732.954	550.933
34.400	732.553	551.654
34.092	733.211	551.859
34.432	732.884	551.924
34.394	733.329	552.001
34.069	733.501	551.906
34.275	733.616	551.991
34.454	733.183	552.125
34.336	731.650	553.681
34.655	731.310	554.810
34.794	731.861	554.560
34.511	732.479	555.010
34.687	732.447	554.460
34.509	732.231	554.218
34.365	733.114	552.322
33.957	733.633	550.763
33.834	733.006	550.460
34.196	733.713	549.037
34.306	732.965	550.520
33.911	733.212	551.327
34.099	732.615	551.212
34.006	732.135	550.316
34.199	731.244	550.643
34.175	731.095	551.289
34.091	730.617	550.971
34.124	731.523	550.534
34.220	731.805	551.277
34.345	732.375	550.978
34.272	733.035	550.578
33.929	733.005	551.189
33.830	731.879	550.260
34.094	731.568	549.463
34.437	731.803	550.158
33.974	732.689	550.463
34.320	733.068	551.135
34.454	732.528	552.741
34.639	731.834	554.973
34.201	732.032	555.351
34.650	732.390	555.130
34.681	732.191	554.101
34.023	732.320	552.126
34.617	731.111	553.983
34.505	731.598	554.797
34.504	732.308	555.076
34.774	732.310	555.289
34.736	731.975	555.343
34.731	732.508	554.035
34.677	732.407	553.584
34.389	731.643	554.280
34.408	732.302	553.706
34.337	731.894	553.266
34.138	730.790	553.630
33.576	730.140	554.171
34.386	729.562	553.582
34.632	730.085	552.895
34.235	729.816	553.994
34.682	730.815	553.901
34.445	730.989	553.520
34.284	731.302	553.069
34.206	730.938	552.500
34.248	731.294	551.793
34.096	731.423	551.830
34.592	731.320	552.565
34.423	730.960	553.112
34.005	730.266	552.191
34.312	730.358	552.110
34.519	729.685	552.057
34.246	730.461	552.071
34.273	730.888	551.132
34.177	731.457	551.558
34.152	732.011	552.951
34.504	731.318	553.581
33.997	731.450	552.921
34.670	730.790	553.461
34.035	730.575	552.340
33.965	731.114	550.883
34.142	732.023	550.977
34.270	733.883	550.259
33.934	733.822	550.652
33.935	732.409	551.678
34.364	732.100	550.869
34.143	731.784	551.961
34.332	731.259	552.938
34.431	730.649	553.646
34.276	730.555	554.024
34.171	730.908	553.733
34.738	731.753	553.507
34.650	731.826	553.804
34.223	732.342	553.583
34.584	732.538	553.052
34.287	733.648	552.413
34.163	734.437	552.286
34.464	734.053	553.154
34.677	734.591	553.313
34.289	734.241	553.466
34.064	734.350	552.194
34.401	733.852	551.987
34.038	733.363	552.537
34.391	733.856	551.866
34.282	733.575	552.435
34.136	733.837	552.907
34.660	734.023	553.166
34.329	734.673	552.188
34.320	733.923	552.646
34.198	733.051	552.682
33.998	732.335	552.807
34.702	732.274	552.816
34.562	732.644	552.217
34.540	733.222	551.878
33.830	732.912	551.370
33.761	732.975	551.320
34.106	732.469	551.637
33.987	730.384	553.146
34.425	729.651	552.901
34.475	729.586	553.731
34.212	730.103	552.974
34.350	730.084	553.064
34.315	730.383	552.028
34.130	729.366	553.435
34.426	730.357	552.959
34.491	731.015	552.797
34.428	731.707	552.693
34.589	731.965	552.742
34.235	732.088	553.017
34.105	732.974	552.391
34.259	731.848	551.827
33.986	732.535	551.658
33.971	733.445	551.670
33.988	733.202	550.955
34.303	733.323	551.822
34.346	732.790	552.111
34.503	732.339	553.456
34.565	731.607	554.119
34.617	732.576	554.248
34.361	732.384	553.928
34.753	732.740	555.012
34.401	733.315	554.707
34.422	733.484	554.454
34.359	732.562	554.482
34.413	731.862	555.406
34.142	731.564	555.780
34.019	731.166	556.273
34.091	730.559	555.530
34.232	730.290	554.372
34.194	730.446	552.859
34.591	730.495	553.634
34.188	730.833	553.039
34.117	731.794	552.739
34.412	732.156	552.494
34.263	731.876	553.448
34.639	732.236	553.046
34.594	731.811	554.524
33.891	731.176	554.822
34.623	731.693	554.361
34.208	731.950	553.457
34.628	733.368	552.670
34.512	733.525	552.820
34.339	734.426	551.677
34.180	733.547	551.438
34.735	733.188	552.338
34.107	733.591	551.243
34.410	732.803	551.747
34.773	732.108	553.209
34.803	731.452	553.641
34.551	731.652	553.349
34.195	732.635	552.202
34.317	733.360	551.916
34.061	732.904	552.200
34.316	733.057	553.186
34.366	732.203	553.312
34.627	732.279	554.542
34.317	731.709	555.396
34.407	731.169	556.438
34.323	730.847	555.835
34.457	731.463	554.771
34.864	732.311	553.847
34.651	732.605	554.071
34.643	733.175	554.185
34.812	732.819	554.944
34.605	732.681	555.380
34.619	732.569	554.909
34.560	732.301	555.259
34.067	732.456	552.988
33.891	731.544	551.954
34.169	731.343	552.822
34.576	731.519	553.409
34.549	733.013	553.247
34.721	732.707	554.107
34.240	733.270	554.473
34.574	733.575	553.676
34.500	734.168	553.539
34.325	734.326	553.643
34.406	733.232	554.877
34.536	733.121	554.665
33.962	732.772	553.544
34.282	733.172	552.410
34.232	732.330	552.085
34.226	731.276	551.605
34.392	730.176	552.739
34.465	729.908	554.199
34.279	729.669	554.076
34.351	729.543	553.193
34.292	730.492	552.653
34.443	730.637	552.308
34.327	731.162	552.816
34.871	731.532	553.900
34.889	732.185	554.260
34.890	732.437	554.947
34.377	731.694	556.196
34.644	732.233	555.916
34.478	731.473	556.145
34.657	732.085	554.607
34.784	733.089	553.971
34.500	733.042	554.103
34.637	733.167	553.600
34.486	732.973	554.337
34.638	732.992	554.560
34.234	733.495	554.554
34.289	732.758	553.265
34.512	732.771	552.834
34.477	733.368	553.331
34.771	733.398	552.419
34.680	732.528	553.311
34.339	731.424	555.640
34.549	731.280	554.988
34.406	730.826	554.503
34.230	730.469	555.742
34.545	730.301	556.461
34.659	731.220	555.310
34.730	731.136	555.354
34.331	730.678	555.339
34.505	729.635	555.137
34.701	731.122	553.695
34.287	731.343	553.300
34.302	731.896	552.195
34.429	732.536	552.113
34.344	732.406	552.637
34.142	732.608	552.150
33.819	733.398	551.396
34.517	733.295	551.339
34.454	733.395	550.552
34.131	733.411	550.790
33.928	733.750	551.876
34.383	734.329	553.076
34.438	733.534	554.070
34.420	734.569	553.790
34.330	734.689	553.440
33.799	733.423	552.936
34.188	733.264	551.709
34.089	732.742	551.925
34.230	732.806	553.225
34.086	732.943	551.934
34.085	733.345	551.676
34.217	732.934	552.650
34.266	732.974	551.933
34.010	733.131	552.910
34.503	732.779	552.857
34.305	731.803	554.214
34.397	731.334	555.523
34.229	731.921	554.296
34.073	731.314	553.679
33.691	729.705	553.721
34.212	730.385	551.777
34.185	730.927	552.195
34.652	731.259	552.951
34.449	731.897	552.837
34.247	731.310	552.690
34.512	731.015	551.561
34.729	730.839	551.882
34.122	731.488	550.978
33.855	731.022	550.332
34.251	729.168	551.552
34.632	728.473	552.805
34.494	728.314	551.993
34.258	729.119	549.339
34.358	729.089	548.555
34.858	729.169	550.121
34.841	729.363	550.325
34.447	729.543	550.374
34.485	730.934	549.839
34.158	731.684	551.505
34.699	732.330	551.995
34.095	731.457	551.317
34.472	730.935	551.706
34.369	730.567	551.403
34.124	730.778	550.600
34.226	731.644	550.906
34.080	731.985	551.427
34.377	732.238	551.786
34.548	732.416	552.155
34.683	732.723	552.239
34.331	733.479	553.050
34.801	732.861	553.860
34.254	733.601	554.078
34.060	733.324	553.550
34.248	732.042	554.540
34.493	731.831	554.510
34.408	731.742	554.486
34.547	731.515	553.289
34.175	731.570	552.418
33.852	731.551	551.594
34.449	732.261	551.365
34.529	731.962	552.691
34.434	732.536	551.954
34.347	733.667	552.198
34.537	733.594	553.017
34.386	734.072	552.645
34.149	733.406	551.402
34.750	732.843	552.719
34.468	731.556	555.483
34.500	731.602	555.447
34.897	731.523	554.165
34.827	730.949	555.412
34.584	730.385	555.559
34.538	730.817	555.709
34.609	731.903	554.102
34.459	731.642	554.858
34.555	732.207	553.776
34.730	732.453	553.561
34.260	732.099	553.653
34.361	732.575	553.524
34.463	733.435	553.445
34.459	733.136	553.428
34.407	732.864	552.833
34.423	733.082	552.829
34.689	732.513	553.206
34.719	732.902	553.346
34.378	732.553	553.951
34.507	732.768	555.086
34.113	733.138	554.136
34.074	732.538	554.102
33.976	732.820	553.528
34.367	733.084	552.896
33.727	733.944	551.223
34.112	733.334	551.520
33.680	732.830	552.428
34.521	732.960	552.164
34.040	732.118	553.996
34.382	731.094	554.041
34.020	730.706	553.249
34.055	731.748	552.473
34.235	730.692	553.843
34.561	730.746	555.206
34.344	730.552	554.434
34.414	730.789	553.565
34.623	731.284	554.215
34.517	731.387	553.887
34.299	730.921	553.766
34.735	731.715	553.236
34.647	732.370	554.010
34.458	732.378	554.506
34.568	733.151	554.944
34.509	734.190	555.463
34.592	734.003	555.387
34.336	733.399	555.019
34.595	732.563	554.810
34.007	732.216	553.825
34.319	732.135	555.026
34.369	733.124	554.939
34.301	732.980	554.241
34.806	732.857	554.692
34.067	733.597	553.068
34.174	733.276	552.358
34.099	732.255	552.968
34.176	731.650	553.639
34.288	731.387	554.933
34.639	731.336	554.267
34.750	730.200	555.326
34.765	730.059	555.084
34.530	730.870	554.049
34.539	731.289	554.638
34.392	732.312	554.755
34.315	732.462	553.940
34.055	731.779	552.687
34.340	730.978	552.896
34.326	731.397	553.008
34.541	731.306	552.757
34.529	731.702	552.830
34.773	732.259	553.703
34.378	733.526	553.018
34.129	734.115	553.101
34.619	733.620	553.498
34.305	733.576	553.043
34.298	734.449	552.675
34.242	733.741	553.164
34.566	733.394	553.183
34.805	733.631	552.216
34.093	734.184	552.070
34.367	735.015	549.841
34.458	735.409	549.400
34.427	733.615	551.056
34.378	733.544	552.091
34.424	733.377	552.891
34.474	733.241	552.906
34.452	733.303	552.537
34.069	732.946	552.479
34.636	732.919	552.325
34.288	733.256	551.173
34.095	733.534	549.746
34.319	733.940	550.127
33.863	733.817	550.193
34.109	733.958	551.051
34.258	733.580	551.582
34.338	732.462	552.200
34.013	732.773	550.790
34.518	732.547	550.718
33.347	730.967	549.630
34.063	730.371	550.287
34.491	729.580	551.272
34.469	730.964	550.867
34.591	731.125	552.130
34.338	732.489	551.289
34.358	732.856	551.528
34.847	733.252	552.913
34.154	732.802	551.721
34.237	732.579	552.221
34.430	733.065	551.909
34.252	733.685	551.417
34.123	733.663	551.023
34.022	733.784	551.686
34.299	733.431	551.685
34.645	733.392	553.259
34.905	733.593	553.124
34.253	734.885	551.018
34.412	734.189	550.193
34.079	732.650	550.498
34.527	731.706	551.326
34.380	731.732	552.443
34.524	731.074	554.193
34.584	731.270	553.356
34.760	731.173	552.988
34.722	731.830	552.914
34.534	732.076	552.354
34.279	732.017	550.848
34.134	732.975	550.102
34.484	733.046	550.107
34.016	731.730	550.739
33.839	731.597	549.500
34.138	731.783	550.215
34.434	731.515	551.009
34.552	731.251	551.852
34.335	730.431	553.212
34.354	729.188	553.566
34.065	729.002	552.486
34.936	729.038	552.597
34.656	729.030	553.725
34.510	729.701	553.859
34.590	730.872	553.338
34.503	731.034	552.260
34.665	731.298	551.606
34.258	731.761	551.714
34.298	732.395	552.453
34.337	733.118	551.512
34.482	733.663	552.281
34.430	733.934	552.788
34.269	733.938	552.968
34.468	733.865	552.186
34.103	733.338	552.048
34.183	733.374	551.008
34.208	733.825	550.606
34.529	733.830	550.582
34.231	734.326	551.576
34.420	734.132	553.310
34.765	734.588	553.362
35.057	734.160	553.571
34.610	733.595	555.118
34.707	733.597	555.433
34.535	734.045	555.019
34.834	734.386	555.027
34.015	733.510	553.165
34.451	733.007	554.049
34.470	732.074	554.961
34.412	731.945	553.813
34.159	731.883	552.588
34.903	732.567	553.192
34.599	732.948	552.419
34.486	733.276	552.006
34.060	733.716	550.252
34.237	734.153	550.171
33.920	732.873	550.340
34.328	732.940	550.511
33.997	732.624	549.872
34.053	732.550	550.077
34.592	731.779	550.074
34.010	732.008	549.986
34.372	731.921	550.639
34.705	731.807	552.028
34.516	732.806	551.708
34.325	733.244	551.468
34.484	733.490	551.571
34.230	733.199	552.079
34.589	733.105	551.856
34.627	733.151	552.926
34.589	733.076	552.871
34.641	733.301	553.179
34.780	733.318	552.650
33.852	732.848	551.579
33.917	732.879	551.407
34.209	732.775	552.201
34.473	733.003	552.619
34.247	732.835	553.638
34.877	733.114	554.282
34.699	732.610	554.143
34.340	731.552	555.868
34.220	732.629	555.473
34.355	733.818	554.471
33.941	733.642	553.115
34.346	734.497	552.564
34.332	735.375	551.910
34.476	734.744	552.015
34.686	734.255	552.839
34.418	733.083	553.401
34.834	732.247	554.430
34.608	731.316	554.744
34.448	731.517	553.585
34.754	732.574	553.202
34.887	732.857	554.314
34.854	733.386	554.236
34.500	732.882	554.143
34.484	733.149	552.674
34.551	732.420	553.703
34.520	732.838	553.734
34.171	733.868	552.407
34.388	733.349	551.873
34.839	733.039	552.038
34.675	732.426	552.874
34.478	732.194	551.782
34.606	732.222	552.096
34.577	732.465	552.049
34.451	732.401	551.772
34.495	732.862	552.226
34.602	733.052	552.731
34.975	733.271	553.157
34.625	734.367	552.692
34.999	733.857	553.922
34.437	733.726	553.260
34.550	733.315	553.317
34.513	733.062	553.335
34.490	732.505	553.422
33.985	732.854	551.968
33.896	733.102	550.258
33.977	732.030	549.170
34.264	731.304	550.753
34.652	731.365	551.763
34.526	732.330	552.500
34.640	732.466	552.718
34.383	731.791	553.552
33.943	732.451	552.423
34.204	732.121	551.414
34.608	731.560	551.759
34.702	732.863	551.721
34.639	732.930	552.278
34.408	733.942	551.467
34.168	734.469	549.759
34.622	733.515	551.271
34.599	733.022	553.045
34.850	732.948	553.684
34.909	733.316	554.724
34.776	733.426	554.582
34.834	732.300	554.692
34.311	732.283	554.576
34.543	731.679	555.726
34.558	732.150	554.801
34.666	732.971	554.782
34.880	733.075	554.393
34.334	732.678	552.651
34.869	734.510	552.153
33.974	734.275	552.760
34.565	733.421	552.974
34.511	733.385	552.149
34.379	732.609	550.713
33.966	733.432	550.768
34.484	733.535	550.645
34.386	734.439	549.817
34.190	734.419	549.186
33.928	734.263	550.505
34.469	733.929	550.420
34.642	733.801	550.424
34.413	734.021	551.892
34.411	734.113	552.022
34.422	733.771	552.984
34.279	734.935	551.547
34.223	734.124	553.146
34.474	732.601	553.112
34.530	731.892	553.535
35.017	731.847	553.853
34.113	731.856	553.494
34.507	731.286	553.947
34.407	730.469	553.254
34.176	729.355	552.357
34.591	728.901	552.087
34.588	729.430	551.444
34.799	729.404	551.200
34.807	729.023	551.715
34.636	730.113	551.546
34.447	731.769	551.102
34.536	732.577	551.756
34.500	732.690	552.193
34.305	732.197	552.320
34.157	732.537	551.796
33.981	732.086	550.970
34.424	731.437	552.737
34.334	731.675	550.711
34.006	732.360	550.576
34.328	732.712	550.054
34.218	732.430	551.400
34.279	732.479	551.276
34.229	731.900	550.946
34.432	732.624	551.213
34.392	733.583	551.948
34.365	733.843	552.938
34.552	733.486	552.539
34.117	733.287	550.861
34.304	732.875	551.892
34.396	732.447	552.414
34.308	731.898	551.119
33.860	732.591	550.014
34.020	732.149	550.256
34.313	733.043	550.400
34.306	732.984	551.172
34.104	732.656	550.831
33.861	732.348	549.458
33.969	731.681	549.815
34.693	731.299	551.466
34.332	730.889	552.406
34.558	730.037	554.557
34.866	731.118	554.638
34.565	731.971	554.466
34.430	731.929	554.426
34.026	731.296	552.519
34.476	730.957	552.760
34.238	731.277	551.904
34.888	731.355	552.564
34.535	731.131	553.746
34.234	730.700	553.677
34.474	731.006	555.269
34.732	731.264	555.781
34.684	732.691	556.321
34.929	733.947	555.772
34.463	733.533	555.356
34.428	733.269	553.977
34.675	733.300	553.121
34.912	733.055	553.416
34.787	733.487	552.912
34.106	732.756	551.970
34.192	732.018	552.005
34.443	732.200	551.627
34.864	732.322	552.186
34.405	732.231	552.091
34.346	732.427	552.182
34.683	732.257	551.766
34.604	732.465	552.248
34.409	731.880	552.419
34.538	731.221	552.638
34.548	731.098	553.032
34.525	732.042	551.826
34.547	733.114	552.463
34.467	732.875	552.109
34.452	733.089	551.240
34.418	733.836	550.756
34.391	733.819	551.937
34.209	735.049	552.468
34.621	733.930	553.396
34.479	734.086	552.862
33.958	734.772	551.545
34.309	735.316	549.581
34.308	733.612	550.071
33.956	732.937	549.328
34.626	732.056	550.367
34.394	732.247	551.716
34.446	733.474	551.893
34.674	733.110	552.385
34.456	733.332	551.803
34.275	733.112	552.202
34.453	732.584	552.788
34.311	733.406	552.943
34.097	732.820	551.683
33.699	732.090	550.182
34.092	731.779	551.073
34.010	732.316	551.330
34.411	731.610	552.209
34.348	731.217	552.865
34.664	731.495	553.186
34.725	730.800	552.678
34.417	732.206	551.932
34.614	732.558	551.809
34.560	732.524	552.401
34.298	731.980	551.426
34.250	730.371	552.295
34.606	728.873	552.825
34.789	729.134	552.571
34.320	730.131	551.935
34.019	731.432	551.051
34.451	731.115	551.474
34.623	731.557	551.376
34.569	732.707	551.610
34.632	733.231	551.858
34.104	733.889	551.038
34.390	734.173	550.963
33.930	733.310	550.492
34.488	732.420	551.898
34.140	732.472	552.024
34.671	732.153	553.010
34.730	731.552	554.051
34.357	731.791	553.671
34.207	733.089	552.000
34.086	731.748	551.872
33.854	730.390	552.360
34.331	730.129	551.656
34.519	730.050	550.904
34.710	729.500	550.847
34.634	729.241	551.635
34.213	731.015	549.958
34.256	730.159	550.342
34.437	730.398	550.177
34.242	730.214	550.328
34.290	729.778	550.586
34.432	730.146	551.525
33.871	730.975	551.179
34.547	731.407	552.291
34.791	731.923	551.659
34.551	733.892	550.882
34.218	733.665	552.295
33.676	733.222	551.154
34.158	732.875	550.918
33.769	733.394	550.522
33.765	732.403	550.166
34.063	730.749	551.137
34.621	730.393	552.084
34.588	729.628	552.570
34.329	729.916	552.208
34.672	730.283	552.695
34.144	730.676	551.395
34.276	730.503	552.505
34.586	730.968	553.335
34.727	731.359	554.003
34.513	731.528	554.127
34.497	731.949	552.950
34.435	731.285	553.582
34.466	731.272	553.123
34.524	731.722	552.790
34.390	731.446	552.739
34.856	729.806	554.832
34.643	730.056	555.449
34.414	730.242	554.777
34.458	731.177	553.957
34.239	730.838	553.011
34.103	730.234	551.789
34.344	729.584	551.275
34.515	730.071	551.334
34.944	729.399	552.442
34.784	729.088	552.148
35.173	728.608	551.933
34.773	729.201	552.925
34.570	729.298	553.142
34.565	728.796	553.674
34.420	730.022	552.797
34.651	731.188	552.996
34.604	731.506	553.428
34.381	732.144	552.759
34.706	732.662	553.317
34.430	732.677	553.147
34.526	733.493	553.098
34.585	732.563	553.399
34.765	733.298	554.021
34.633	733.524	553.498
33.948	734.802	551.648
34.075	733.869	551.702
34.099	733.958	551.022
33.636	732.725	550.541
33.951	731.896	550.183
33.937	730.838	550.010
34.571	730.650	551.108
34.864	730.716	551.394
34.316	731.480	551.549
34.306	730.743	551.487
33.991	730.543	550.660
34.173	730.716	551.417
34.178	731.541	550.689
34.060	732.537	549.107
34.035	732.946	548.648
34.191	732.045	550.337
33.953	732.324	550.649
34.651	732.691	551.133
34.581	733.739	551.392
33.819	733.617	551.468
34.528	734.236	551.201
34.361	733.007	552.880
34.603	733.133	553.686
34.308	732.394	555.649
34.362	732.488	555.773
34.767	732.843	554.925
34.967	733.170	555.284
34.596	733.449	554.825
34.797	733.448	555.364
34.825	732.289	555.584
33.998	732.336	553.700
34.667	731.884	553.911
34.475	732.276	553.711
34.741	732.751	554.256
34.763	732.474	553.904
34.584	731.828	553.257
34.898	732.380	553.198
34.235	731.608	553.396
34.542	732.087	552.938
34.992	732.007	553.532
34.714	732.093	554.011
34.242	732.509	553.427
34.848	733.075	553.452
34.697	732.916	553.214
34.508	733.412	552.876
34.910	733.167	553.355
33.724	732.302	552.172
33.920	732.314	551.737
34.072	732.271	550.986
34.160	731.650	551.829
34.756	731.566	552.585
34.796	731.278	553.804
34.474	730.491	554.853
34.560	729.634	555.760
34.228	729.932	554.992
34.359	730.298	553.629
34.687	731.918	552.900
34.665	733.390	552.042
34.600	732.907	552.764
34.589	732.307	553.594
34.797	731.724	554.821
34.640	731.926	554.880
34.133	732.882	553.544
34.379	733.057	553.042
34.498	733.232	553.346
34.698	733.651	552.556
34.511	732.950	553.256
34.350	732.390	552.909
34.544	730.977	554.123
33.919	730.688	552.443
34.217	730.312	551.921
34.680	730.456	551.573
34.867	729.001	553.254
35.183	729.026	553.432
34.622	729.528	552.844
34.251	731.307	551.586
34.144	731.590	551.531
34.502	732.432	551.792
34.898	731.873	552.333
34.922	731.367	553.124
34.848	731.669	553.721
34.784	732.587	553.881
34.883	733.212	554.558
34.932	732.277	555.414
34.491	731.937	556.410
34.891	733.394	555.498
34.479	733.666	555.750
34.702	734.062	556.142
34.261	732.792	556.612
34.819	732.843	557.313
34.134	733.101	555.798
34.435	732.725	555.563
34.566	733.005	554.707
34.311	733.039	553.880
34.137	732.720	552.571
33.959	733.154	552.025
34.072	732.508	550.958
33.842	732.305	551.266
34.398	731.822	550.505
34.493	731.631	551.442
34.313	730.733	551.817
34.697	730.110	553.013
34.274	730.233	551.530
34.537	729.826	551.956
33.927	730.384	551.814
34.758	729.388	552.367
34.535	728.655	553.069
34.820	728.826	553.862
34.835	729.546	553.365
34.564	730.840	553.307
34.702	731.181	553.360
34.594	731.314	553.457
35.022	730.929	553.878
34.749	731.503	554.808
34.812	732.171	555.004
34.629	732.238	555.547
34.673	731.896	556.048
34.675	732.615	555.666
34.216	732.466	554.031
34.559	731.628	553.372
34.746	731.610	554.099
34.755	732.064	554.357
34.802	732.549	554.441
35.088	733.527	553.675
34.442	733.446	554.085
34.587	733.094	554.082
34.778	732.674	554.555
34.867	733.522	554.025
34.370	733.422	553.863
34.259	733.614	552.522
34.587	733.904	551.859
34.449	733.168	552.810
34.514	733.379	553.078
34.742	732.811	554.474
34.765	733.200	555.018
34.671	732.346	556.082
34.633	732.822	555.116
34.995	733.580	554.705
34.250	734.341	553.595
34.520	734.955	552.934
33.962	734.118	552.203
34.409	734.125	552.806
34.463	733.638	552.866
34.406	734.088	552.030
34.201	733.478	552.373
34.868	733.120	552.481
34.944	732.851	552.507
34.389	732.783	553.333
34.684	732.361	553.488
34.937	732.241	553.070
34.359	732.390	552.232
34.344	733.529	551.069
34.319	734.411	550.813
34.695	734.665	551.623
34.172	734.649	552.459
34.309	734.232	551.955
34.479	733.067	553.029
33.774	732.074	551.944
34.167	731.456	552.199
34.393	731.148	551.591
34.547	730.670	552.189
34.733	730.522	553.897
34.402	730.385	552.822
34.508	729.460	552.448
34.606	729.223	551.371
34.595	729.447	549.597
34.558	730.812	547.650
34.336	730.777	548.544
34.496	731.448	549.935
34.485	731.479	549.916
34.418	731.812	550.353
34.228	732.341	550.911
34.402	732.886	551.801
34.391	732.944	551.782
34.702	733.911	549.734
34.200	733.105	549.913
34.589	733.154	551.024
34.461	733.258	551.277
34.626	733.359	551.646
34.796	732.911	553.101
34.667	732.763	553.537
34.921	732.866	554.303
34.857	732.900	554.006
34.562	733.554	554.809
35.068	733.555	554.810
34.692	733.811	555.704
34.555	732.638	556.588
34.665	733.657	556.642
33.975	733.488	553.984
34.512	733.084	553.720
34.441	733.163	553.916
34.293	733.231	553.640
34.418	733.432	552.857
34.501	732.884	553.635
34.482	733.088	553.418
34.528	733.331	554.474
34.724	733.622	553.894
34.688	733.640	555.691
34.659	733.704	556.221
34.060	733.201	553.968
34.450	733.207	553.856
34.635	732.990	554.742
34.378	733.703	553.550
34.299	733.712	553.094
34.769	733.218	554.350
34.335	733.729	553.292
34.337	732.870	553.217
34.342	732.948	552.083
34.498	732.602	552.169
34.322	733.058	552.929
34.459	732.190	553.542
34.214	732.093	553.008
34.354	731.640	552.459
34.255	731.899	551.434
34.182	731.274	550.933
34.194	731.457	550.173
34.003	730.503	549.410
34.911	730.892	550.278
34.020	731.600	549.383
33.806	732.210	550.105
34.628	732.067	550.687
34.434	731.929	551.601
33.825	731.906	551.848
34.069	732.197	550.327
34.374	731.476	549.924
34.440	730.979	550.729
34.632	730.579	551.683
34.507	732.055	552.497
34.408	732.383	552.205
34.920	732.174	552.624
34.732	731.898	553.386
34.508	730.832	552.739
34.568	730.639	553.497
34.221	732.001	551.729
34.426	732.174	552.257
34.319	731.461	552.187
34.563	731.012	551.999
34.940	731.610	552.350
34.662	731.848	552.031
34.642	731.614	552.007
34.575	731.956	553.477
34.920	731.446	553.925
34.648	731.575	554.054
35.053	731.829	554.938
34.232	731.708	555.107
34.321	731.883	554.534
34.477	731.716	554.557
34.738	732.162	554.343
34.802	732.653	554.147
34.760	732.852	553.701
33.976	733.560	551.916
34.156	734.141	551.465
34.356	733.464	551.421
33.847	732.834	550.835
34.540	732.231	550.731
34.322	731.680	550.660
34.029	732.393	550.266
34.506	731.604	551.174
34.567	732.236	549.831
34.498	732.062	550.793
34.416	731.801	551.947
34.316	731.665	552.345
34.535	731.661	552.720
34.600	732.326	551.971
34.017	731.760	550.944
34.250	730.726	552.088
