32.894	729.164	552.881
32.995	729.900	552.860
33.065	731.663	552.407
32.888	732.381	552.177
32.864	732.768	551.285
32.938	732.412	550.647
32.473	733.125	549.129
32.803	732.934	549.963
32.780	731.236	552.374
32.834	730.181	552.478
32.590	728.956	552.055
32.768	729.439	551.384
33.023	729.512	551.278
32.951	729.878	551.755
33.122	728.946	553.840
33.044	729.205	554.605
32.439	729.295	553.296
32.722	729.753	553.617
32.874	731.021	552.254
32.846	731.254	552.048
33.067	730.513	552.510
33.122	731.872	552.723
32.865	731.515	553.270
32.986	730.840	553.542
32.850	730.862	552.815
32.717	730.601	554.230
32.939	731.304	552.653
32.868	732.067	553.681
33.145	732.549	553.564
33.051	732.618	554.047
33.074	732.258	554.402
33.001	731.742	553.357
33.056	731.412	553.947
32.462	730.866	553.679
32.884	730.837	553.878
32.950	731.164	553.355
32.670	731.274	552.751
32.668	730.728	552.441
32.603	730.888	551.990
33.099	731.228	552.579
33.038	730.790	554.861
32.950	731.891	553.311
33.203	731.466	553.408
32.623	732.192	550.629
32.984	732.318	551.540
32.981	732.890	552.304
32.836	732.515	552.581
32.647	733.049	552.646
32.538	732.602	552.014
32.921	732.038	553.907
33.263	731.392	554.294
32.586	730.929	553.001
32.903	731.144	553.224
32.933	731.851	552.694
32.617	732.523	552.223
32.884	733.104	551.739
33.125	733.985	551.495
32.622	734.276	549.638
32.553	733.517	549.879
32.705	733.376	549.991
32.822	732.923	550.736
32.889	733.174	551.548
32.733	733.380	552.137
32.877	733.072	553.105
33.040	733.318	552.439
32.686	733.229	552.316
33.370	732.345	553.829
33.023	731.581	555.091
32.857	731.515	553.857
32.885	731.742	553.126
32.883	732.197	552.348
32.888	731.388	553.575
32.852	730.368	553.632
32.843	730.045	553.440
32.854	730.993	552.850
33.203	732.315	551.594
32.892	731.424	552.762
32.818	732.517	552.223
32.796	733.177	551.945
32.658	732.629	551.730
33.174	731.974	553.201
33.142	731.098	554.153
32.843	731.664	553.128
32.771	733.269	551.951
32.645	734.173	551.290
32.596	733.077	551.089
32.852	732.626	551.753
32.910	732.150	551.287
32.910	732.217	552.121
32.928	732.003	552.804
32.819	732.135	553.471
32.421	732.091	552.288
32.703	730.824	552.001
32.950	730.427	552.025
33.217	729.629	551.214
33.123	729.002	552.508
32.748	728.988	552.777
32.830	730.112	553.275
32.578	730.142	553.453
33.055	730.088	553.016
32.956	730.641	553.439
33.005	730.455	554.200
33.070	729.797	555.212
32.787	729.818	555.378
33.130	730.933	553.488
33.321	731.170	554.248
33.202	731.185	555.025
33.356	731.850	556.136
32.880	732.626	557.292
33.299	732.877	556.619
32.772	733.569	555.457
33.253	733.770	554.246
32.780	733.102	553.639
32.552	732.510	553.649
32.509	731.643	553.926
33.226	731.760	553.481
32.853	731.681	552.956
32.449	731.469	552.665
32.769	730.432	554.545
32.894	730.002	554.978
32.740	729.662	555.115
32.949	730.756	553.875
32.875	732.369	552.708
33.273	733.702	551.657
32.981	733.380	552.882
32.815	733.529	551.286
32.704	735.644	550.182
32.506	734.666	551.391
33.128	734.851	552.408
33.066	734.850	553.224
32.997	734.184	553.731
32.863	733.656	553.996
33.013	733.383	553.609
32.749	733.087	553.382
33.234	731.830	554.782
32.918	732.092	554.794
32.802	731.906	555.521
32.953	731.253	555.801
33.074	731.476	555.878
33.172	730.075	556.765
33.300	728.987	557.433
33.052	729.492	557.185
33.113	729.945	556.153
32.825	731.493	554.840
32.500	730.674	553.958
32.494	730.664	554.066
32.954	730.675	553.899
32.867	730.679	553.755
32.568	732.186	552.711
32.709	732.252	551.987
32.978	731.981	553.643
32.797	732.232	552.769
32.885	731.624	552.801
33.177	731.576	554.151
32.987	732.273	553.529
32.734	732.229	553.266
32.675	731.956	552.457
33.094	732.515	552.165
33.140	731.930	553.551
32.991	732.675	554.104
32.998	733.207	554.139
32.645	732.176	554.317
33.093	731.824	554.674
33.210	732.253	553.762
33.061	731.498	554.479
33.163	732.587	554.096
33.258	734.179	553.516
32.236	734.502	553.144
32.681	734.405	553.278
32.756	733.439	552.554
33.126	733.942	552.975
32.575	733.863	552.634
32.688	732.842	551.978
32.611	732.111	553.408
33.119	731.417	553.758
32.546	731.127	553.352
32.953	731.043	551.763
33.010	730.457	552.937
33.119	730.101	553.150
32.956	728.925	552.911
32.496	729.772	550.049
32.523	730.512	547.926
32.682	730.268	547.044
32.573	730.238	546.471
32.502	729.595	546.690
32.729	730.059	545.645
32.904	729.232	547.187
33.000	729.029	548.599
32.923	728.981	549.600
33.195	728.932	549.736
33.156	728.164	551.347
32.741	729.104	551.384
32.971	728.365	551.972
32.847	727.753	550.850
33.211	726.713	551.146
33.076	727.483	551.190
32.867	728.396	551.423
32.640	729.270	551.661
32.729	730.290	551.902
32.719	731.171	551.687
32.484	732.500	551.379
32.772	733.483	550.290
32.483	732.675	550.221
32.592	731.838	550.151
32.874	731.356	551.246
32.805	731.765	550.501
32.490	732.953	549.955
32.615	732.653	551.111
32.891	732.224	552.747
32.686	729.810	553.924
32.908	730.540	553.423
33.043	731.093	553.837
32.984	731.380	553.680
32.674	730.912	555.025
32.746	731.101	554.840
32.592	731.594	554.959
32.801	731.260	554.666
33.295	731.414	555.931
33.016	730.771	555.689
32.977	730.628	554.946
32.560	730.359	554.430
32.691	730.417	552.623
32.871	729.276	552.480
33.224	727.634	554.002
33.057	727.494	553.535
33.310	726.547	552.320
32.942	727.116	550.280
33.263	725.798	549.972
32.886	726.097	550.170
33.076	725.788	551.051
33.229	725.200	551.945
33.097	725.520	550.761
33.526	725.096	551.260
32.524	724.783	550.589
33.244	724.147	552.126
33.116	724.385	553.065
32.682	725.827	552.231
32.638	726.125	553.572
33.036	726.364	553.535
32.798	727.074	552.694
33.091	728.638	552.208
32.920	729.489	552.951
32.927	729.756	552.672
32.776	731.174	551.880
32.703	732.698	552.716
32.851	732.993	552.418
32.860	732.809	551.523
32.776	732.692	552.570
32.588	733.005	550.984
32.635	731.681	551.883
32.799	731.554	551.661
33.057	731.136	552.958
33.157	730.279	555.061
32.984	729.915	555.698
33.041	730.658	555.964
32.531	730.745	554.939
32.338	730.835	553.589
32.840	731.564	551.473
32.501	733.602	548.616
32.386	733.389	548.964
32.330	733.245	548.206
32.624	733.431	548.675
32.625	733.891	549.137
32.618	733.611	550.203
32.974	734.018	550.844
32.523	734.592	550.423
32.307	733.734	550.505
33.206	732.276	552.424
32.805	731.401	552.106
32.542	731.633	551.642
32.815	731.399	553.334
32.733	730.440	553.713
32.976	730.260	553.543
32.755	731.192	554.233
32.561	732.057	553.639
32.846	732.699	554.384
32.871	733.480	554.651
33.085	733.637	555.698
32.780	735.750	553.974
32.538	736.307	553.526
32.589	736.048	552.775
32.690	734.930	553.352
32.712	733.707	553.318
32.382	732.513	553.141
32.568	732.958	551.018
32.034	733.241	550.834
32.971	732.686	551.433
33.206	733.011	552.719
32.777	732.497	552.838
33.051	733.201	551.733
32.692	732.307	551.699
32.883	732.410	552.451
32.517	732.480	551.677
32.715	733.053	552.335
32.719	732.316	552.920
33.110	730.458	554.092
32.608	729.669	553.692
32.629	730.274	554.234
33.188	731.066	553.563
32.693	730.835	553.066
33.023	731.220	554.052
32.959	730.724	554.450
32.471	731.297	553.220
32.810	731.157	553.917
32.577	730.250	553.963
33.418	728.995	555.774
32.495	729.629	555.998
33.080	730.369	556.071
32.860	731.339	555.151
32.635	731.279	554.590
32.802	732.731	553.792
32.773	732.045	554.315
32.387	731.388	552.661
32.618	731.801	553.094
32.843	732.175	552.043
32.590	732.333	551.815
32.506	732.337	549.957
32.722	731.512	551.280
32.451	731.567	550.948
32.882	732.724	552.123
32.665	732.300	552.509
33.168	733.096	551.926
32.659	732.440	552.451
32.564	730.780	551.596
32.847	729.571	553.065
32.394	730.312	551.802
32.698	730.341	550.619
32.741	729.895	550.672
32.975	730.630	550.362
33.228	731.216	551.379
32.749	731.948	550.894
32.793	732.428	550.559
32.462	732.436	549.853
32.523	733.245	548.801
32.239	732.723	548.067
33.296	732.246	548.974
32.768	730.320	551.974
32.390	729.327	554.201
32.945	729.035	555.280
32.974	729.328	554.780
32.440	729.264	552.817
32.868	728.212	551.663
32.861	728.002	550.533
32.901	727.887	550.620
32.460	729.662	549.400
32.684	730.380	548.919
33.103	730.139	547.859
32.650	730.414	548.432
32.547	730.211	548.093
32.681	729.680	548.570
32.789	731.219	547.981
32.901	732.010	549.648
32.680	732.179	551.131
32.798	732.482	550.857
33.312	732.387	552.491
33.010	731.318	552.518
32.346	730.677	552.851
32.326	730.717	551.834
32.979	730.828	553.036
32.765	729.826	551.728
32.575	728.831	551.646
33.196	727.431	552.409
33.624	725.507	553.934
33.367	725.568	552.174
33.131	725.049	552.017
33.999	723.845	551.492
33.008	723.165	551.287
32.733	722.124	552.083
32.980	722.061	552.080
32.524	722.644	550.327
32.379	722.372	550.776
32.076	722.890	550.679
32.476	724.398	548.605
31.937	725.435	547.510
32.484	725.917	549.220
32.492	726.306	550.303
32.989	726.123	550.794
32.873	727.473	549.891
32.436	728.927	548.562
32.646	730.035	549.112
32.304	731.511	547.924
32.738	732.635	548.064
33.123	731.911	550.267
33.032	732.507	549.385
32.905	731.997	549.846
32.642	731.632	551.316
32.675	731.263	550.916
32.390	730.829	552.177
32.920	730.612	552.880
32.845	730.005	555.240
33.389	729.373	556.392
32.853	729.044	556.448
32.662	730.381	553.722
33.067	729.432	554.633
32.621	729.652	553.953
32.848	730.296	552.596
32.652	731.234	553.417
32.876	731.674	553.790
32.911	733.126	554.589
32.762	732.610	555.013
32.033	731.921	552.858
32.243	730.644	552.978
32.844	730.268	553.934
32.793	730.569	554.029
32.807	731.461	553.493
32.517	731.011	553.675
32.200	731.046	552.883
32.808	731.317	553.329
32.680	731.881	553.402
32.636	732.709	551.966
32.914	732.779	553.260
33.372	731.899	555.687
33.471	731.542	556.837
33.122	731.683	557.238
32.917	731.807	556.193
32.440	731.957	554.354
32.657	733.154	552.408
33.120	732.083	554.843
32.744	730.517	555.162
32.746	730.464	554.777
32.624	730.054	553.039
32.855	729.827	553.265
32.972	730.766	553.247
32.998	730.928	553.902
32.877	732.297	553.004
32.524	731.725	552.196
33.007	729.863	553.448
32.751	729.937	551.846
32.846	730.000	552.874
32.543	730.800	551.495
32.767	731.330	550.807
32.436	732.776	549.351
32.499	732.865	549.824
32.825	731.482	552.152
32.827	730.923	551.237
32.609	732.206	550.093
32.655	732.171	550.737
32.537	732.336	550.296
32.725	732.367	549.576
32.638	732.671	550.273
32.587	732.039	552.268
33.030	732.609	550.700
32.583	732.842	552.129
32.442	732.886	550.736
32.368	731.892	551.302
32.784	731.910	551.844
32.722	731.915	553.240
32.676	731.370	553.987
32.947	732.582	553.581
32.823	733.223	552.576
32.960	733.377	552.192
32.570	732.739	552.067
32.678	734.204	550.577
32.691	733.590	552.241
32.718	733.401	551.702
32.886	732.118	553.105
32.470	731.025	554.524
32.763	732.315	553.866
32.862	731.892	554.424
32.661	732.420	552.019
32.301	732.120	550.824
32.449	731.677	550.513
32.363	732.454	548.947
32.590	731.906	549.764
32.497	732.219	549.830
32.748	731.928	550.011
32.136	732.143	549.301
32.962	731.264	550.020
32.503	730.105	549.772
32.373	730.065	549.985
32.636	730.291	549.807
32.672	729.784	550.894
32.629	729.755	552.698
32.326	729.884	553.051
32.886	729.380	553.802
33.189	729.598	554.187
32.980	730.731	553.851
32.677	731.512	553.802
32.584	732.651	552.729
32.984	733.422	553.175
32.852	733.785	551.627
32.380	735.156	550.775
32.564	734.368	550.604
32.795	733.753	551.234
32.814	734.001	551.525
32.582	734.043	550.773
32.562	734.084	551.011
32.887	734.526	551.028
32.605	733.986	552.661
32.492	733.413	552.563
33.010	732.354	553.800
32.792	732.340	553.545
32.481	731.299	553.282
33.187	729.998	554.030
32.808	730.308	553.601
32.764	730.456	554.741
32.890	729.971	555.649
32.722	729.836	555.525
33.064	731.300	555.884
32.552	732.245	554.070
32.414	732.929	551.452
32.646	732.988	551.437
32.303	731.697	552.401
32.757	731.933	552.683
32.984	732.399	552.610
32.590	732.125	553.281
33.306	732.318	552.857
33.107	732.405	553.771
32.801	732.259	552.941
32.901	732.101	553.729
32.625	731.605	553.093
33.116	731.547	553.169
32.657	730.799	553.319
32.639	730.580	552.909
32.397	730.483	551.954
32.453	730.730	549.844
32.514	730.479	550.745
32.778	729.709	550.239
32.572	730.062	550.752
32.517	729.443	551.898
33.082	727.965	553.260
32.811	727.880	553.641
32.572	728.056	553.258
32.861	728.185	553.060
33.625	727.996	553.626
32.536	728.256	553.447
32.749	728.457	554.147
32.471	729.063	554.461
32.791	729.642	553.764
32.726	730.702	553.623
33.017	731.622	553.334
33.003	732.526	553.418
32.945	731.335	554.717
32.547	731.142	554.682
33.357	730.151	556.619
32.581	729.492	557.035
32.581	729.705	556.133
32.775	730.147	556.415
32.890	730.421	555.669
32.604	730.136	555.941
32.275	730.549	553.567
32.654	730.424	555.091
32.184	731.374	552.899
32.783	732.441	551.742
32.639	732.028	550.412
32.369	731.844	550.360
32.684	731.226	550.215
32.442	730.396	550.828
32.699	729.769	551.797
32.667	730.217	551.929
32.732	730.230	552.837
32.682	729.884	553.022
32.758	731.729	551.654
32.764	731.617	551.989
32.731	731.713	552.112
32.905	731.193	551.761
32.536	731.172	550.668
32.630	731.262	550.767
32.617	731.994	550.622
32.882	731.607	552.530
32.600	731.537	552.826
33.025	732.083	552.387
32.438	732.915	551.092
32.919	732.925	551.553
32.761	732.642	552.168
32.248	732.147	551.771
32.876	731.637	553.149
33.073	731.601	554.518
32.887	731.115	554.946
32.561	730.721	554.413
32.342	730.826	552.315
32.691	730.772	552.476
33.258	730.532	553.099
32.584	731.102	552.557
32.648	731.586	552.285
32.852	731.498	553.112
32.865	731.002	554.089
32.495	731.952	552.719
32.629	732.121	551.223
32.708	731.812	550.011
32.308	731.478	548.420
32.446	728.920	547.443
32.752	728.881	547.380
32.898	727.700	549.180
32.610	728.295	549.276
32.886	728.462	548.799
33.079	727.646	549.926
32.659	728.231	550.843
32.715	730.206	550.847
32.542	731.945	550.576
32.838	731.640	551.585
32.178	731.819	551.363
33.060	731.196	551.549
32.741	730.680	551.913
32.848	731.675	552.326
32.849	732.850	552.723
32.924	732.599	553.790
32.742	732.100	553.641
32.729	731.719	554.295
32.651	731.730	553.053
32.794	731.448	554.114
32.596	730.832	553.977
32.996	729.470	555.299
32.889	728.792	555.741
33.233	729.223	556.639
32.797	730.153	556.127
32.758	730.970	554.268
32.955	730.609	555.167
33.398	731.203	555.822
32.630	730.938	555.167
33.001	731.274	553.373
32.952	732.197	552.317
32.675	731.893	552.632
32.530	732.184	552.089
32.447	731.917	551.484
32.802	731.536	552.489
32.540	731.980	551.905
32.368	731.968	549.609
32.085	731.646	548.595
32.587	731.116	549.524
32.640	730.647	550.698
32.655	730.818	551.621
32.711	730.222	552.407
32.949	729.630	551.918
32.617	730.725	551.184
32.502	731.262	550.196
32.335	731.935	549.468
32.539	730.970	550.094
32.741	730.954	550.595
32.700	731.568	551.990
33.017	733.239	552.873
32.833	733.241	552.362
32.364	732.672	551.566
32.842	732.164	553.706
32.612	732.454	553.279
32.905	732.209	553.384
32.855	732.474	553.542
33.268	732.919	553.987
32.794	733.645	553.432
32.514	733.113	553.941
32.103	734.678	551.213
32.422	734.129	549.574
32.614	732.526	551.130
32.279	732.590	549.846
32.593	732.330	550.733
32.648	732.577	551.708
32.452	732.576	550.416
31.640	733.222	547.617
32.234	732.078	548.442
32.657	730.830	549.584
32.768	730.817	549.863
32.988	731.073	550.062
33.348	731.788	551.200
32.927	733.117	550.792
32.470	732.469	552.483
32.589	731.868	552.787
32.690	732.517	552.373
33.157	732.532	554.218
33.737	731.591	556.214
32.902	731.356	555.864
32.793	730.216	555.519
32.703	730.238	554.672
32.231	730.085	553.742
32.629	729.140	553.969
32.519	729.746	552.604
32.658	730.011	552.186
33.111	728.672	553.804
32.678	728.252	554.596
32.723	729.873	552.979
32.478	730.643	552.678
32.455	729.774	553.990
32.729	729.031	554.052
32.769	729.223	552.805
32.612	730.042	551.436
32.804	728.634	551.611
32.812	728.159	552.056
32.829	727.611	551.789
32.730	728.106	551.106
32.857	728.586	548.655
32.780	728.324	550.108
33.244	727.472	549.307
33.013	727.473	550.183
32.688	727.631	549.594
32.725	729.695	548.424
33.217	728.644	550.655
32.857	728.503	553.453
32.624	729.081	553.880
32.692	730.146	553.758
32.794	731.608	554.160
32.951	731.898	554.292
32.905	731.753	553.966
32.521	732.394	552.818
32.818	731.528	554.136
32.593	732.245	553.652
33.125	732.692	553.213
32.492	732.211	552.278
32.515	731.550	552.111
32.527	732.562	551.255
32.859	733.279	551.656
32.661	733.288	553.005
32.766	733.456	552.031
32.292	732.538	551.306
32.806	732.959	551.598
32.717	732.424	552.050
32.534	730.928	551.463
32.743	729.558	553.534
33.232	728.536	555.377
32.864	729.375	554.866
32.552	729.260	555.970
32.606	728.909	555.926
32.172	730.015	555.236
32.626	729.372	554.844
32.159	729.041	552.879
33.203	727.992	553.866
32.986	728.857	553.456
32.525	728.692	552.442
33.218	727.473	552.502
32.860	727.418	551.900
33.098	727.364	551.954
33.002	726.760	552.919
32.775	726.950	553.141
32.557	728.606	552.874
32.291	731.941	552.048
32.741	732.309	552.981
33.020	732.185	553.228
32.696	731.943	552.916
33.056	732.037	554.123
32.842	731.488	554.571
32.542	731.539	553.952
32.925	731.430	555.893
33.119	731.896	556.141
32.578	733.633	553.082
32.605	734.056	552.624
32.696	733.561	552.488
32.740	734.301	553.407
32.829	733.063	554.626
32.590	733.744	553.163
32.720	733.520	552.577
32.301	733.360	551.016
32.685	732.670	552.048
32.911	733.324	552.892
32.733	733.864	552.719
32.704	733.820	553.610
32.557	732.847	554.201
32.782	732.614	553.936
32.840	732.203	553.982
32.798	733.605	553.563
33.292	734.385	554.212
32.613	733.979	554.446
32.858	734.897	553.383
32.438	735.628	552.317
32.646	735.953	552.205
32.641	735.314	552.785
32.477	734.299	552.758
32.098	732.698	551.624
32.643	731.386	551.984
32.584	730.488	550.751
32.630	730.318	549.509
32.793	729.735	549.284
32.810	729.973	550.317
32.333	731.863	548.305
32.693	730.908	550.545
32.411	730.482	552.857
32.518	731.016	553.116
32.797	731.588	552.797
33.052	733.304	551.754
32.530	733.697	551.937
32.494	733.342	551.965
32.646	733.505	551.544
32.412	734.648	550.508
32.228	734.843	551.103
32.543	735.416	551.319
32.759	734.471	551.652
32.798	734.932	552.541
32.562	734.113	552.393
33.004	732.437	554.345
32.896	731.588	553.758
32.681	731.104	553.702
32.608	731.897	552.340
33.077	733.282	552.261
33.192	734.740	551.569
32.794	733.905	552.836
32.470	733.670	551.013
31.810	732.623	549.106
32.377	731.031	551.048
32.986	729.128	552.768
33.031	728.250	553.240
32.950	728.530	551.341
32.771	728.571	550.259
32.878	727.544	549.505
32.993	727.915	550.581
32.704	729.598	550.397
32.472	730.848	551.498
32.262	731.678	550.611
32.717	732.061	551.048
32.425	732.115	550.789
33.030	731.881	552.224
33.192	733.251	553.388
32.894	731.557	554.521
33.100	733.193	554.654
32.811	733.782	553.218
33.048	733.425	554.436
33.058	733.501	553.486
33.206	734.574	553.983
32.421	734.117	554.258
32.757	734.087	553.922
32.880	733.158	555.101
32.956	732.885	555.578
33.018	732.319	555.991
32.673	732.598	556.605
32.701	732.576	556.924
32.664	733.298	555.705
32.808	733.434	555.717
32.406	733.634	553.950
32.638	733.797	553.623
32.514	733.685	552.743
32.949	733.832	552.670
32.391	732.881	550.865
32.472	732.809	552.112
32.338	731.916	551.951
32.391	732.089	551.948
33.008	731.894	552.727
32.366	732.280	551.152
32.156	731.084	550.297
32.846	730.031	551.284
32.796	731.545	549.629
32.715	732.338	550.770
32.543	732.227	551.654
32.666	732.032	551.525
32.446	731.264	553.615
32.445	731.575	553.104
32.981	732.004	552.380
32.538	732.407	552.235
32.856	732.208	553.173
33.044	731.605	553.777
32.507	731.583	553.611
32.686	732.009	553.635
33.104	731.326	555.844
32.389	730.771	555.075
32.440	731.397	552.948
32.712	731.139	552.904
32.509	733.570	551.867
32.696	734.011	552.589
32.854	733.390	553.360
32.819	733.001	553.815
32.577	732.512	554.272
32.590	732.952	555.253
32.841	733.296	554.622
32.893	733.774	553.997
32.766	733.734	555.885
32.441	734.795	555.628
32.388	734.814	554.858
32.826	733.195	555.503
32.714	732.446	555.993
33.007	732.407	556.214
32.827	731.043	556.450
32.917	730.985	555.535
32.845	732.061	553.931
32.619	731.538	553.406
32.670	732.680	551.847
32.533	735.125	550.939
32.072	735.790	551.003
32.715	735.129	551.709
32.649	735.305	550.646
32.921	733.567	551.822
32.425	733.571	552.965
32.623	735.407	552.156
33.109	734.629	554.499
32.239	734.803	553.149
32.020	735.871	550.353
32.474	733.533	551.495
32.602	733.381	551.677
32.917	732.649	552.276
33.106	732.906	552.336
33.040	731.847	554.494
33.371	731.875	554.241
32.720	732.290	553.763
32.739	732.203	553.573
33.023	732.596	552.801
33.067	733.089	552.870
32.702	731.593	554.375
32.443	730.259	554.637
32.563	730.190	553.558
32.328	729.242	552.337
32.921	727.566	552.265
33.433	726.837	552.585
32.845	726.237	551.423
32.675	725.646	551.069
33.032	725.766	550.809
33.009	725.378	550.583
32.856	725.638	549.688
32.722	727.560	549.655
32.626	729.357	550.106
32.774	729.433	550.880
32.953	730.190	550.444
32.712	731.180	549.815
32.518	731.283	549.565
32.539	730.695	550.096
32.828	730.353	549.873
32.979	729.595	551.511
32.462	730.769	552.892
32.705	731.515	553.959
32.915	732.297	554.596
32.872	732.814	555.272
32.561	733.884	554.724
32.735	733.625	554.671
32.366	733.494	553.346
32.612	733.911	552.834
32.153	735.208	552.514
32.601	736.383	551.876
32.410	736.745	552.036
32.033	735.224	550.773
32.464	734.476	550.269
32.378	733.836	549.873
32.761	733.013	550.857
32.379	733.889	550.295
32.708	734.308	550.156
32.572	734.213	549.795
32.967	734.334	550.119
32.427	734.973	549.233
32.585	734.472	549.164
32.486	733.170	550.013
32.114	734.436	550.232
32.345	733.515	549.567
32.838	733.456	550.490
32.807	732.907	551.858
32.843	733.865	551.440
32.750	732.810	552.177
32.418	730.989	552.663
32.087	731.025	552.939
32.889	731.103	552.669
32.869	732.270	551.285
32.381	733.922	550.637
32.459	733.217	551.618
32.684	732.103	552.545
32.619	731.792	553.420
32.865	731.270	554.758
33.044	730.734	555.162
32.616	732.459	554.311
32.660	732.769	553.205
32.499	733.445	551.615
32.669	732.703	552.420
32.856	732.347	552.791
32.437	732.285	551.991
32.441	732.167	551.759
32.695	731.835	552.148
32.858	731.041	552.839
32.571	731.486	551.643
32.932	730.807	552.113
32.696	730.437	553.715
32.733	729.987	553.347
33.026	729.348	554.544
32.413	729.052	553.267
32.798	728.999	553.026
33.161	727.220	552.455
32.792	725.597	551.115
33.065	725.483	551.077
32.794	725.235	551.033
32.622	726.532	550.962
32.827	726.674	552.071
33.049	727.279	551.820
32.763	728.624	552.393
33.064	729.437	552.424
32.554	728.879	553.978
32.469	731.445	551.323
32.830	731.511	551.529
32.709	731.600	552.645
33.074	731.881	553.714
32.582	731.937	552.468
32.824	731.509	552.927
32.814	731.773	553.292
33.070	732.486	553.713
32.978	732.133	554.706
32.762	733.181	553.212
32.753	733.735	551.505
32.541	732.988	552.417
33.148	731.576	553.857
32.459	731.313	552.252
32.553	729.814	551.995
32.680	730.007	552.454
33.046	729.034	554.297
32.889	729.337	554.410
32.774	729.482	553.855
32.555	729.566	553.427
32.142	730.988	552.236
32.586	731.469	550.675
32.360	730.980	549.753
32.628	729.956	551.474
32.747	731.091	549.957
32.638	732.749	549.183
31.968	734.466	548.726
32.715	733.509	550.242
32.415	732.331	551.000
32.154	732.658	549.253
32.574	731.674	550.392
32.430	732.309	550.623
32.377	733.205	550.185
32.228	733.416	549.777
32.555	731.992	550.511
32.706	732.021	550.987
32.687	732.279	550.745
33.289	730.994	553.094
32.574	730.566	553.397
32.769	730.297	554.491
32.815	731.214	554.135
32.763	732.297	551.938
32.729	732.448	551.510
32.861	734.253	552.353
33.068	733.483	554.306
33.169	732.330	555.412
32.567	731.428	554.923
32.734	731.542	554.254
32.310	731.037	552.105
32.434	731.074	551.629
32.572	730.994	551.946
32.523	729.764	552.318
32.515	729.822	550.615
32.263	730.432	548.302
32.412	729.887	548.054
32.750	729.055	547.710
32.888	727.913	548.847
32.876	727.575	549.804
32.553	727.849	550.645
32.760	728.658	551.688
32.667	729.017	552.763
32.442	729.473	553.755
32.442	730.341	553.216
32.274	731.292	551.127
32.788	732.171	550.146
32.602	732.250	549.636
32.589	731.355	550.833
32.444	731.402	550.531
32.387	731.098	551.605
32.915	730.155	552.878
32.711	729.285	553.888
32.524	728.653	554.326
32.500	728.492	552.725
32.917	727.967	552.039
32.850	727.566	552.850
32.675	729.671	552.823
32.315	730.438	553.558
32.855	730.325	553.398
32.670	731.457	552.828
32.591	731.446	551.457
32.431	730.961	551.121
32.496	730.847	551.181
32.891	731.787	551.089
32.621	732.353	552.084
32.454	731.896	551.494
32.345	732.650	550.633
32.336	732.867	550.193
32.959	730.832	552.898
32.538	730.431	554.139
32.741	729.383	555.351
32.606	730.132	554.172
32.591	731.493	552.752
32.575	731.193	551.908
32.547	730.803	552.519
32.863	732.026	553.603
32.781	732.020	553.813
32.661	732.201	552.319
32.633	732.532	552.516
32.598	731.774	553.111
32.495	731.291	553.137
32.647	731.156	552.653
32.387	732.190	551.986
32.508	733.324	550.358
31.840	735.198	549.398
32.334	734.566	549.421
32.790	734.583	550.374
32.569	733.863	551.461
32.734	733.413	551.247
32.601	733.992	552.822
33.089	734.183	553.645
32.370	733.202	554.361
32.679	732.300	554.435
32.736	731.211	553.308
32.256	730.531	551.954
32.660	730.515	552.508
32.477	730.541	553.108
32.756	731.788	552.682
32.534	732.141	552.964
32.474	731.526	552.839
32.881	732.820	552.075
32.839	733.195	552.698
33.116	733.517	553.268
32.297	733.298	551.634
32.603	733.978	551.381
32.128	733.120	549.523
32.714	733.083	550.941
32.313	733.391	551.165
32.532	734.732	550.453
32.820	733.355	551.452
32.970	732.388	553.439
32.828	732.589	553.752
32.636	731.734	554.834
32.646	730.948	555.508
32.734	731.935	553.875
32.250	733.760	552.051
32.361	734.109	548.821
32.364	734.462	548.263
32.689	732.822	548.971
32.663	732.937	549.126
32.169	733.097	547.461
32.415	732.309	547.475
32.396	731.475	547.788
32.125	732.545	548.202
32.650	733.246	548.861
32.429	732.783	550.978
32.681	732.181	551.285
32.648	731.211	551.443
32.653	731.205	550.093
32.405	731.154	550.270
32.355	731.361	548.834
32.394	731.037	548.618
32.645	731.292	549.195
32.435	731.159	549.170
32.565	729.873	550.537
32.627	731.658	550.609
32.365	732.309	549.364
32.324	732.492	548.907
32.153	732.303	547.618
32.590	731.258	548.852
32.784	730.729	550.131
32.595	730.556	551.061
32.528	731.014	550.775
32.575	730.523	550.709
32.323	731.256	550.290
32.557	730.527	551.793
32.764	730.284	552.896
32.698	730.968	552.230
32.205	731.199	550.994
32.437	730.935	550.693
32.573	730.004	550.618
32.304	728.987	549.298
32.925	727.788	549.384
33.421	727.904	549.873
33.181	726.999	552.208
32.724	726.551	553.429
32.695	727.257	553.285
32.725	728.166	552.258
32.426	729.361	552.732
32.582	729.463	553.627
33.170	728.557	555.868
33.009	728.680	555.823
32.533	729.316	553.948
32.844	729.702	553.921
32.516	730.461	553.014
33.040	729.283	555.134
32.597	729.518	553.854
32.614	729.543	554.531
33.077	728.999	556.241
32.771	730.665	554.293
32.622	730.961	553.820
32.681	731.245	553.676
32.499	730.644	553.510
32.181	731.954	552.617
32.333	732.825	551.104
31.864	733.196	549.444
32.620	731.852	550.600
32.636	731.835	551.640
32.509	732.681	551.168
32.628	734.066	551.303
32.771	735.466	550.973
32.161	735.877	549.596
32.804	734.877	551.903
32.609	734.965	552.077
32.164	734.134	552.016
32.557	732.771	552.904
32.748	733.040	552.044
32.459	733.004	551.262
32.084	732.957	549.433
32.222	733.099	549.513
32.106	732.298	549.992
32.525	732.062	550.797
32.112	733.090	549.374
32.441	734.524	548.484
32.618	734.389	548.631
32.753	733.284	549.631
32.726	733.000	551.201
32.105	732.673	550.778
32.455	731.610	551.067
32.568	732.017	548.094
32.712	732.596	550.193
32.855	732.578	551.584
32.637	732.878	552.682
32.617	732.207	553.783
32.562	733.006	553.283
33.107	732.804	553.689
32.629	733.048	553.893
32.718	732.761	553.907
32.547	732.694	553.662
32.650	735.043	552.887
32.464	733.407	552.184
32.790	732.420	553.120
32.300	731.885	552.642
32.723	731.295	552.960
32.784	732.962	552.941
32.982	732.542	554.659
33.278	733.009	556.394
32.804	732.142	557.022
32.779	731.019	557.434
32.905	729.992	556.847
33.119	730.037	557.213
32.795	730.817	556.486
32.908	731.661	556.445
33.176	731.570	557.668
32.866	731.884	557.686
32.575	731.592	556.700
31.479	731.151	552.572
32.561	730.561	552.487
32.568	730.957	553.003
32.852	731.046	553.120
32.490	731.718	551.229
32.631	732.318	549.902
32.472	733.356	547.992
32.435	732.298	547.305
32.412	731.857	547.095
32.214	730.714	548.177
32.793	729.994	549.736
32.813	729.187	551.102
32.730	730.551	549.555
32.572	729.754	551.543
32.466	728.290	551.981
32.650	727.116	550.761
32.734	726.021	550.723
32.942	727.076	550.648
32.454	728.844	549.668
32.940	729.575	549.361
32.426	730.768	547.724
32.505	731.057	547.672
32.829	730.462	549.991
32.536	730.736	549.421
32.741	731.170	548.837
32.594	730.896	549.200
32.445	731.295	548.516
32.514	730.857	548.489
32.832	730.822	549.473
32.647	731.597	550.913
32.756	733.132	551.198
32.713	733.537	552.396
32.713	732.791	552.883
32.507	732.959	552.880
32.462	732.548	552.413
32.645	732.930	551.660
32.871	731.678	554.362
32.485	732.007	554.412
32.861	731.731	553.552
32.729	732.068	554.391
32.861	731.839	553.368
32.832	731.377	553.498
32.970	731.030	553.823
32.688	731.848	553.481
32.813	732.285	552.737
32.583	732.873	552.397
32.490	733.246	549.979
32.537	732.090	551.497
32.867	731.286	553.457
32.650	731.445	551.409
32.725	730.748	552.365
32.834	730.288	552.819
32.665	729.356	553.364
32.897	728.223	551.152
32.781	727.160	549.359
33.141	726.838	549.326
32.782	728.708	547.406
32.742	728.313	548.095
33.460	728.126	548.864
32.736	728.242	548.688
32.749	727.959	549.117
33.083	727.301	549.588
33.057	726.280	550.914
32.915	725.999	551.058
32.549	725.127	552.415
32.343	725.835	552.557
32.960	727.109	551.350
33.128	727.435	549.499
33.064	727.312	549.977
32.984	725.897	552.014
32.358	727.412	549.838
32.604	728.111	548.076
32.707	727.526	549.587
33.004	727.218	550.402
33.249	725.768	551.433
32.552	725.168	552.660
32.351	725.801	551.127
32.763	727.247	549.869
32.355	728.223	550.386
33.257	726.857	551.994
32.946	725.708	553.726
32.945	726.637	553.116
32.837	727.734	552.280
33.079	727.849	552.623
33.047	727.219	553.489
33.234	726.199	554.195
32.634	726.676	553.620
32.539	727.831	552.785
33.146	727.754	553.229
32.987	727.559	552.798
32.432	728.402	551.688
33.453	726.677	553.119
33.254	726.118	553.414
33.546	724.949	552.782
32.804	725.307	551.023
32.992	724.586	551.253
32.391	726.279	550.496
32.298	727.681	548.232
32.870	727.261	548.710
32.391	729.140	547.162
32.387	729.585	547.301
32.616	730.509	548.437
32.431	732.420	550.207
33.017	732.771	551.832
33.058	731.821	554.155
32.546	731.717	553.299
32.481	731.536	552.387
32.368	731.344	550.857
32.347	731.948	550.328
32.803	731.952	551.527
32.688	731.124	552.350
32.275	730.402	551.964
33.019	729.533	552.870
32.829	729.863	552.812
32.245	731.046	551.033
32.365	730.576	549.645
32.556	730.298	550.463
33.285	728.713	551.635
32.566	729.550	551.556
32.915	729.162	553.522
32.528	728.584	553.543
33.055	728.825	554.188
32.817	729.346	553.903
32.780	728.570	555.055
32.455	730.581	553.550
32.663	731.924	552.573
32.331	732.151	552.404
32.155	732.959	549.393
32.798	733.193	550.156
32.750	733.628	550.862
32.727	732.775	552.035
32.940	731.548	553.685
32.936	731.498	554.171
32.515	731.106	554.212
32.669	732.135	553.226
32.472	731.920	551.917
32.525	731.978	551.798
32.240	732.295	550.406
32.462	732.225	548.403
32.511	731.048	548.780
32.667	729.366	551.358
33.158	729.980	551.318
32.595	729.135	551.164
32.694	730.092	549.111
32.907	729.750	549.900
32.939	729.207	552.796
33.011	728.198	552.077
32.693	727.760	550.727
32.698	727.822	549.402
33.084	727.382	549.332
32.775	727.382	548.788
32.904	727.312	548.272
32.359	728.251	546.554
32.501	728.498	547.884
33.053	727.828	548.556
33.095	727.190	550.744
33.148	727.580	551.059
32.925	728.528	551.847
32.918	728.896	553.225
32.759	728.877	553.523
32.841	729.223	553.317
32.912	728.062	553.073
32.630	727.945	551.305
32.936	727.765	550.326
32.649	728.223	549.809
33.104	727.086	550.557
32.967	726.993	550.452
32.864	726.742	551.990
32.900	727.884	551.616
33.012	728.576	551.863
32.762	730.483	551.418
32.685	730.360	551.733
32.553	730.235	551.590
32.625	730.706	550.446
32.171	730.354	549.999
32.638	729.975	550.113
32.719	728.720	551.167
32.583	728.714	550.926
32.758	728.698	551.035
32.872	729.025	551.553
32.532	729.815	550.231
32.222	729.868	548.885
32.005	729.896	546.735
32.866	728.840	547.745
32.675	728.898	548.583
32.373	729.881	546.608
32.427	730.437	547.527
32.721	730.737	548.614
32.455	731.294	549.152
32.510	731.261	548.537
32.347	730.679	549.550
32.240	730.725	549.224
32.595	730.424	549.602
32.443	731.027	549.272
33.104	731.612	550.149
33.041	731.915	552.153
32.870	730.586	554.390
32.541	730.913	554.063
32.713	730.220	553.602
32.468	731.253	552.021
32.745	731.753	551.328
33.073	733.164	553.191
33.333	732.727	555.047
32.763	733.649	553.395
32.519	732.556	553.372
32.539	731.951	553.248
32.392	730.452	552.682
32.372	731.024	551.240
32.722	730.948	550.513
32.434	730.734	548.744
32.689	730.153	547.924
32.857	728.882	549.189
33.073	727.672	550.463
32.719	728.694	549.962
32.867	729.530	550.908
32.672	730.012	550.211
32.931	728.582	550.355
32.796	727.884	549.517
32.873	727.921	548.697
32.753	727.986	548.786
32.442	729.550	547.333
32.721	729.169	549.217
32.632	728.772	548.951
32.677	728.748	549.666
32.785	730.339	549.922
33.145	729.444	551.512
32.758	730.478	552.159
32.550	732.269	551.249
32.774	732.775	551.723
32.657	733.797	551.706
32.745	733.894	551.613
32.617	733.197	552.909
32.663	732.270	553.483
33.227	731.760	553.834
32.597	732.288	554.082
32.403	732.447	552.667
32.552	732.005	552.500
32.604	732.022	551.879
32.675	733.560	551.423
32.610	734.002	551.040
32.526	733.095	551.432
32.265	732.201	551.565
32.271	730.728	552.330
32.839	729.581	552.588
32.140	731.118	550.417
32.745	730.334	550.306
32.703	729.680	550.242
32.767	729.780	550.380
32.948	729.214	550.840
32.701	728.737	552.529
32.310	727.992	551.693
32.965	728.653	551.001
33.026	728.672	551.553
32.825	729.159	552.592
32.864	729.484	551.984
32.510	730.441	551.258
32.448	730.923	552.297
32.678	731.070	553.896
33.147	731.687	554.578
32.957	733.017	555.235
32.871	734.495	554.813
32.801	734.072	554.486
33.365	732.891	556.326
32.920	732.454	556.371
33.009	732.084	556.221
32.815	731.869	554.187
32.668	732.271	553.318
33.061	730.556	554.452
33.240	730.173	555.607
32.373	730.075	555.841
32.861	729.231	556.044
33.125	729.063	555.693
32.249	729.838	554.025
32.584	730.396	552.809
32.410	729.740	554.260
32.937	730.544	553.318
32.652	731.655	552.307
32.921	731.552	551.898
32.443	731.400	551.670
32.538	731.653	549.864
32.879	731.601	550.858
32.452	732.036	551.806
32.699	731.520	553.241
32.782	731.199	553.651
32.753	731.180	553.209
32.899	730.307	554.494
32.397	728.906	552.642
32.800	728.912	552.584
32.644	729.483	553.569
32.269	729.692	552.131
32.749	729.778	552.581
32.719	730.176	552.803
32.608	730.888	552.292
32.394	731.886	550.763
32.413	731.102	551.635
32.822	730.538	552.049
32.857	730.686	552.690
32.462	730.915	552.975
32.447	730.498	553.295
32.790	730.170	552.370
32.278	729.807	550.563
32.693	729.419	551.234
33.085	728.507	552.089
33.039	729.074	552.330
32.517	729.699	551.404
32.808	730.161	551.651
32.938	730.263	554.186
32.707	730.664	553.328
32.704	731.618	552.755
32.611	731.631	552.780
33.148	730.948	555.108
32.989	730.747	555.412
32.678	731.697	555.122
32.723	731.063	555.304
32.833	731.463	554.890
32.457	731.627	553.349
33.055	731.416	553.537
32.696	730.810	553.335
32.519	731.557	553.604
32.937	732.451	552.902
32.557	731.990	553.353
32.841	730.591	553.122
32.430	730.024	552.189
32.734	730.827	552.142
32.708	730.496	551.813
32.298	730.128	550.733
32.763	728.571	551.097
32.312	728.993	550.375
32.686	729.939	550.078
32.822	730.426	552.142
32.290	731.871	552.566
32.789	732.127	552.254
32.703	733.472	551.158
32.337	733.423	549.889
32.698	732.695	550.970
32.156	733.412	550.834
32.702	732.568	551.342
32.790	732.535	551.702
32.958	732.174	552.998
32.890	731.652	553.912
32.911	732.061	553.911
32.773	732.452	554.081
32.373	731.821	553.920
32.841	730.601	554.748
32.812	730.840	555.142
32.555	731.018	553.280
32.738	731.469	552.657
32.643	731.003	553.574
32.893	730.619	554.405
32.786	731.094	554.525
32.674	731.837	553.689
32.480	731.694	552.996
32.514	730.631	552.747
32.089	731.141	549.777
32.274	730.652	548.392
32.519	730.165	547.208
32.683	730.181	547.063
32.839	729.998	548.133
32.766	732.086	548.524
32.430	731.479	549.747
33.022	731.676	549.361
32.344	732.853	548.232
32.578	733.296	548.373
32.286	732.491	547.611
32.047	732.373	546.830
32.834	732.151	547.753
32.543	731.857	549.954
32.917	732.025	551.270
32.790	732.036	551.418
32.554	733.388	551.408
32.963	734.397	550.663
32.626	734.170	550.971
32.376	733.727	551.116
32.377	733.029	550.714
32.069	732.151	550.114
32.609	730.446	551.037
32.463	728.752	550.293
32.771	728.481	548.746
33.318	728.281	548.443
32.504	728.141	547.737
32.524	728.150	548.493
32.922	727.805	550.190
32.844	728.425	549.455
33.343	727.542	550.850
32.916	727.952	552.009
33.124	727.550	552.768
32.870	729.438	552.130
32.459	730.488	551.328
32.954	730.026	551.165
33.028	729.927	551.826
32.922	729.841	553.442
32.688	731.060	553.078
32.341	732.936	551.205
32.792	733.548	551.522
32.206	734.290	551.559
32.800	732.182	553.481
32.740	731.372	552.646
32.723	731.417	553.516
32.724	730.853	553.541
32.955	731.218	554.696
32.432	731.266	553.644
32.823	730.824	554.596
32.885	730.525	556.681
32.941	732.142	555.711
33.352	732.774	554.767
32.857	733.256	554.829
32.964	733.609	555.076
32.912	733.569	555.275
33.025	733.128	556.302
32.964	732.816	556.185
33.038	733.224	555.601
32.880	732.715	555.927
32.636	731.918	556.071
33.362	731.034	557.011
32.836	730.332	557.436
32.845	730.523	556.306
32.941	730.650	556.092
32.513	731.842	554.070
32.670	731.533	553.274
32.696	731.376	552.564
32.956	730.389	554.163
32.574	728.864	553.918
32.473	728.627	553.747
32.420	729.447	551.537
32.510	728.964	551.974
32.545	729.348	552.267
32.808	728.153	552.465
32.904	728.622	551.465
32.060	731.591	550.321
32.063	734.549	548.904
32.112	734.144	548.665
32.926	732.759	550.023
32.749	732.308	549.214
32.299	730.923	549.667
32.819	730.727	550.938
32.458	730.860	551.802
32.704	731.231	552.234
32.757	730.806	552.912
32.334	731.444	550.254
32.554	730.215	550.915
32.853	729.281	551.878
32.607	728.703	552.063
32.979	728.615	550.873
32.506	730.283	552.945
32.232	730.546	551.640
32.123	730.532	549.745
32.596	730.719	549.091
32.600	730.686	548.140
32.295	729.693	549.163
32.867	727.662	550.753
32.811	728.584	549.450
33.079	728.589	551.095
32.678	728.951	551.227
32.962	728.986	550.062
32.858	729.224	550.715
32.877	729.798	551.058
32.448	730.854	551.959
33.027	731.862	552.149
32.438	731.540	552.598
32.633	733.064	552.314
32.989	733.606	553.683
32.825	733.103	554.432
32.875	734.238	553.206
33.018	733.431	554.639
32.733	734.448	554.318
32.664	734.418	552.932
32.148	733.865	551.423
32.078	732.788	549.356
32.450	731.918	548.677
32.295	731.341	549.562
32.086	731.880	546.343
32.324	731.317	544.425
32.236	729.901	545.548
32.448	728.981	546.655
32.239	729.900	547.705
32.727	730.361	548.651
32.518	730.229	548.680
32.620	730.433	549.527
32.674	730.941	550.079
32.465	731.906	550.865
32.568	733.249	551.906
32.982	733.447	552.489
32.904	732.463	554.031
32.699	731.321	554.451
32.549	731.560	553.382
32.719	731.794	552.825
32.455	730.557	552.651
32.419	730.824	551.666
32.086	730.645	550.311
32.267	730.888	549.941
32.794	730.454	549.509
33.050	729.087	551.902
32.912	728.906	553.796
32.560	731.551	553.448
33.008	732.135	554.230
33.204	732.307	555.467
32.772	733.716	554.796
33.047	733.643	554.644
32.611	733.861	554.324
32.705	732.374	555.465
33.330	731.535	556.280
33.219	732.181	555.792
33.228	732.006	556.514
32.660	731.832	555.668
32.491	732.153	554.034
32.820	731.434	555.078
32.898	731.888	554.907
32.865	732.110	555.490
32.556	732.084	555.512
32.850	732.862	554.695
32.673	732.165	553.858
32.939	732.346	553.274
32.655	733.331	552.610
32.821	732.330	553.065
32.726	732.518	553.905
32.448	733.739	552.638
33.019	733.602	553.683
32.568	732.935	554.160
32.738	731.970	554.202
33.059	731.162	554.707
33.094	730.728	555.635
32.016	730.820	554.799
32.390	731.141	552.731
32.431	730.534	552.791
32.583	731.867	552.034
32.806	732.601	552.348
32.758	732.532	552.676
32.520	731.688	552.898
32.084	731.899	551.022
33.010	731.364	553.293
33.043	731.112	552.836
32.594	732.641	552.405
32.801	733.603	552.320
32.633	733.251	552.861
32.413	732.163	553.017
32.486	731.877	551.950
33.321	733.265	551.668
33.139	733.630	553.365
33.236	733.338	553.755
32.933	731.895	553.717
32.984	731.415	554.490
32.198	730.873	552.181
32.670	730.620	551.729
32.376	731.157	550.161
32.278	731.235	548.428
32.410	730.233	548.513
32.458	729.738	550.042
32.237	730.000	548.827
32.761	729.303	549.851
32.329	729.081	549.162
33.158	728.307	548.476
32.708	727.901	547.907
32.504	729.220	548.227
32.871	728.198	549.646
33.192	727.224	550.939
32.883	726.553	550.795
33.003	726.841	551.065
32.818	726.608	551.859
32.448	728.299	552.335
32.814	729.232	552.477
32.098	730.442	552.030
32.750	732.692	551.717
32.561	733.920	554.569
32.706	733.798	555.840
32.736	734.551	554.694
32.369	734.405	554.537
32.559	733.732	554.981
32.742	734.339	554.737
32.803	732.888	555.788
32.957	733.010	557.463
32.467	735.454	556.680
32.798	736.560	556.615
32.713	736.319	557.787
33.122	736.522	558.782
32.427	736.846	558.939
32.191	736.937	556.497
32.221	737.355	553.538
32.593	736.187	553.615
32.491	736.506	554.253
32.763	736.118	554.469
33.020	735.289	553.369
32.339	735.028	553.051
32.969	734.416	553.395
32.750	732.942	553.785
32.744	732.470	554.253
32.400	731.854	553.612
32.801	731.582	553.425
32.766	732.034	553.910
33.061	731.821	555.234
32.540	733.018	554.339
33.018	734.875	552.484
33.152	735.288	553.275
32.771	735.749	552.644
32.168	734.809	553.188
32.354	734.028	553.317
32.864	732.952	553.093
32.803	732.280	553.215
32.747	730.689	552.248
32.763	729.876	553.741
32.781	730.444	553.060
32.832	730.080	552.752
32.903	729.706	553.508
32.619	730.317	552.578
32.788	729.588	553.004
32.871	728.942	555.044
32.910	728.622	556.244
32.621	729.038	555.980
32.881	729.812	555.158
32.540	729.964	555.114
32.704	730.353	554.396
32.839	730.053	555.125
32.280	732.016	553.734
32.763	733.578	552.039
32.583	732.868	552.458
33.053	732.600	552.578
32.950	733.571	552.983
33.290	733.714	553.265
33.121	732.539	554.708
33.060	732.252	556.586
32.996	731.840	556.596
33.061	732.164	555.922
32.757	732.137	555.433
32.805	732.042	553.633
32.946	732.035	555.565
33.087	733.097	554.465
32.860	732.370	555.068
32.675	732.915	554.323
33.308	732.324	554.811
32.219	732.205	553.626
32.685	731.429	554.348
32.667	730.960	554.360
32.931	731.031	555.818
33.190	731.854	554.830
32.898	731.709	555.616
33.016	731.501	557.177
32.931	732.673	557.602
32.571	733.614	555.685
32.326	733.809	554.657
32.530	732.761	554.166
32.148	731.932	551.491
32.241	731.413	550.282
31.937	730.490	547.931
32.889	728.499	549.108
33.103	727.550	548.702
32.542	727.695	548.026
32.654	727.346	548.533
33.097	726.629	549.172
33.079	728.342	549.159
33.084	729.244	549.000
32.928	729.874	548.223
32.284	731.005	547.630
32.453	730.583	546.930
32.380	730.650	547.316
32.642	730.754	547.911
32.526	731.180	547.772
32.825	730.616	548.719
32.378	731.808	547.267
32.614	730.815	548.107
32.643	730.535	549.064
32.535	730.836	549.402
32.675	731.521	549.435
32.716	730.849	550.191
32.303	732.463	548.006
32.057	731.905	547.120
32.558	731.572	547.394
32.572	731.703	549.198
32.700	732.137	549.295
33.084	732.103	549.581
32.959	731.111	550.463
32.390	730.489	551.056
32.558	730.576	550.199
32.753	731.471	548.803
32.609	730.689	550.076
32.922	732.024	549.698
32.589	732.016	552.074
32.611	732.434	550.725
32.607	732.442	550.027
32.484	732.361	549.128
32.920	733.178	548.880
33.035	733.869	549.206
32.568	732.156	550.845
32.836	731.760	552.143
32.839	730.367	553.149
32.782	731.241	553.375
32.743	731.006	553.737
32.883	731.522	554.205
32.909	731.348	554.288
32.839	729.943	554.433
32.765	729.244	554.121
32.279	729.989	552.506
32.595	728.864	553.516
32.489	728.989	553.494
32.493	729.207	550.946
32.810	727.909	550.491
33.524	726.769	551.172
33.035	726.433	552.288
32.942	726.109	552.410
33.006	725.453	552.907
32.662	726.104	553.127
33.180	726.744	552.161
32.562	728.205	553.792
32.630	731.242	553.480
32.844	731.373	553.600
32.678	732.280	553.689
33.650	731.769	554.709
32.433	731.166	554.505
32.507	730.095	554.258
32.907	729.661	554.177
32.675	729.746	554.208
32.828	729.483	554.138
32.867	729.443	553.031
33.011	728.045	552.265
33.652	726.931	552.784
32.878	727.311	550.919
32.877	726.656	550.603
32.831	726.575	550.949
32.793	726.612	551.459
32.766	726.787	551.800
32.903	727.005	551.951
32.427	728.662	553.124
32.408	730.131	552.411
32.604	730.343	552.028
32.612	729.419	553.603
32.617	730.015	553.331
33.308	730.898	552.707
32.455	732.255	551.832
32.563	731.475	553.263
32.925	731.156	553.236
33.016	730.731	553.919
32.507	732.234	553.544
32.665	732.083	554.007
32.535	733.046	552.864
32.135	732.084	553.839
33.088	730.969	553.107
32.771	730.887	553.704
32.370	730.817	552.715
32.541	730.296	551.801
32.441	731.229	549.953
32.774	732.424	549.268
32.418	733.450	548.999
32.592	734.356	549.275
32.569	733.943	548.986
32.465	734.257	549.557
32.260	733.851	549.895
32.505	732.782	552.043
