35.971	723.869	579.196
35.862	724.351	579.278
35.989	723.678	579.013
35.964	723.306	579.253
36.064	723.337	579.122
35.677	723.191	578.979
35.990	723.563	578.979
35.880	724.083	578.653
35.653	723.278	579.378
36.013	723.102	579.270
35.505	723.536	578.772
35.567	724.161	579.395
35.907	725.247	578.832
35.865	725.359	578.425
35.927	725.416	577.679
35.585	725.121	578.018
35.444	725.445	578.085
35.949	724.866	578.058
36.019	724.462	578.952
35.878	723.870	578.542
35.932	724.379	579.026
35.738	723.888	579.427
35.703	724.067	579.398
36.246	723.599	579.171
35.516	724.287	579.212
35.430	724.428	578.942
35.723	724.358	579.149
35.770	724.355	579.053
36.149	723.671	579.568
35.737	724.116	579.941
35.949	723.124	579.916
35.780	723.040	580.438
35.815	722.422	580.576
35.672	722.180	580.894
36.311	721.736	581.107
36.092	722.166	580.151
35.986	722.268	580.078
36.063	722.875	580.061
35.901	723.455	579.916
35.570	724.349	580.049
35.759	725.089	579.619
36.092	724.434	579.770
36.092	724.521	579.836
36.028	724.644	580.282
36.443	724.756	579.636
36.191	724.785	579.915
35.820	725.386	579.550
36.133	723.999	580.021
35.715	724.422	579.343
35.718	724.135	579.623
35.831	724.743	580.042
36.091	724.915	580.253
36.044	724.706	579.678
35.944	724.530	579.826
36.054	724.657	579.785
35.864	725.621	580.468
35.575	726.461	579.823
35.826	726.305	581.069
35.825	725.351	580.692
36.078	725.179	580.717
36.062	726.120	579.848
36.265	725.803	579.807
36.130	725.628	579.646
36.161	725.322	579.983
36.190	723.848	580.211
36.451	723.639	579.702
35.907	723.699	579.336
35.994	723.326	578.801
36.053	723.881	578.544
35.655	723.638	579.400
36.073	723.853	578.970
35.820	723.624	579.351
36.003	723.919	579.454
35.865	724.436	579.000
35.718	724.703	578.960
35.949	725.281	579.470
35.899	725.085	579.520
35.964	725.276	579.714
36.183	726.189	579.397
35.928	725.992	578.825
35.001	727.690	578.867
35.492	728.398	579.938
36.028	727.905	581.064
36.082	728.353	580.456
36.353	727.422	580.049
36.095	727.096	580.062
36.233	726.731	579.931
35.516	728.188	580.588
36.334	728.022	581.202
36.230	726.413	580.953
36.034	726.185	580.462
36.001	726.010	579.929
36.331	725.051	580.302
36.124	724.244	580.145
36.138	724.142	579.746
36.217	724.335	579.553
35.962	725.224	579.801
35.833	725.375	579.978
35.804	725.631	579.344
35.946	725.352	579.585
36.082	724.643	580.619
36.250	724.522	580.944
35.811	724.999	580.631
36.183	725.062	581.272
36.049	726.109	580.930
35.894	725.742	580.842
36.295	725.234	580.548
35.618	724.598	580.413
35.827	724.469	580.247
36.013	723.846	579.787
35.444	723.254	580.334
35.509	723.130	579.764
35.867	722.617	580.385
35.923	723.050	579.172
35.736	722.997	578.895
35.471	723.215	579.363
35.570	723.726	578.981
35.349	724.606	579.092
35.763	725.408	579.552
35.687	725.748	580.317
35.869	725.403	580.311
36.078	724.354	580.615
35.936	724.190	580.878
36.165	723.113	580.720
35.934	723.075	580.739
35.922	723.601	580.459
36.140	723.943	579.781
35.707	724.214	579.982
36.240	724.720	579.753
35.816	725.075	580.629
36.712	724.622	580.709
35.616	724.822	580.410
35.864	725.276	579.848
35.704	725.889	580.234
35.791	726.727	579.267
35.373	727.368	579.231
35.192	727.214	579.555
35.425	728.313	580.255
36.100	728.623	580.174
35.895	728.995	580.455
35.984	728.424	579.615
36.058	727.050	580.330
35.496	727.226	580.221
36.086	726.827	580.776
35.848	726.960	581.451
36.219	726.571	580.748
36.169	726.349	580.530
35.901	726.284	580.139
35.934	726.268	579.796
36.146	725.644	580.867
35.872	726.209	580.982
35.776	726.603	581.272
36.151	726.946	581.005
36.010	727.822	580.435
36.655	727.282	580.468
36.216	726.011	580.684
36.541	725.536	580.687
35.827	724.946	581.370
36.076	725.724	580.107
35.404	727.094	580.544
35.675	727.814	581.307
36.305	728.029	581.084
36.295	727.248	581.190
35.902	726.355	580.804
36.372	726.061	580.412
35.689	725.781	580.044
35.553	727.354	579.667
35.852	727.310	580.321
36.415	727.225	579.853
35.850	726.714	580.775
36.243	725.350	580.871
36.187	724.545	580.479
35.979	725.499	580.247
35.990	725.686	579.802
35.931	726.007	580.683
35.953	726.010	581.012
36.223	726.205	580.869
36.120	725.853	580.707
36.324	725.099	580.574
36.165	723.819	580.566
35.720	725.171	580.062
35.942	725.085	579.786
36.043	724.325	579.760
36.023	723.880	580.132
36.113	724.185	580.366
35.717	724.991	579.667
35.826	725.456	579.920
35.475	725.716	580.352
36.014	725.574	580.244
36.116	725.247	580.188
36.207	724.065	579.514
35.645	724.516	580.343
36.236	725.320	579.600
36.134	724.490	580.545
35.978	723.132	581.147
36.099	722.414	581.204
36.354	722.888	580.810
35.940	723.410	580.598
36.048	723.537	581.429
35.506	723.532	581.278
36.238	723.755	581.037
35.719	724.039	580.847
36.215	724.046	580.920
35.913	724.614	580.478
35.821	725.616	580.181
36.085	726.003	580.201
35.991	725.446	580.337
35.810	724.851	580.367
35.488	725.317	579.587
36.086	725.934	579.755
35.754	727.132	579.743
36.048	726.876	580.267
35.880	726.880	580.380
36.280	726.331	580.109
35.946	725.943	580.190
36.109	724.642	580.487
36.289	724.889	580.498
35.825	724.588	580.667
36.301	724.722	580.844
36.341	724.221	580.553
35.619	723.701	581.185
35.508	724.296	580.852
36.411	722.888	581.553
35.767	723.262	581.642
35.260	724.431	581.066
36.036	723.583	581.053
36.003	723.424	581.635
36.223	723.036	581.584
35.823	722.670	581.401
35.477	723.368	580.819
35.644	724.044	580.322
35.769	723.639	580.415
35.806	723.387	580.132
36.083	722.828	579.554
36.124	722.944	579.886
35.156	724.524	579.678
35.752	725.697	579.976
35.781	725.849	580.354
36.203	725.272	580.589
36.285	724.589	581.303
36.202	723.755	581.177
36.264	723.653	580.652
36.365	723.454	581.799
35.522	724.397	581.493
35.979	723.456	580.739
35.382	723.251	581.359
36.145	723.077	580.387
35.767	723.909	580.012
35.859	724.887	580.124
35.900	725.231	579.797
36.075	724.833	580.338
35.884	725.665	579.753
35.657	726.776	580.237
36.445	726.437	580.610
35.942	725.963	580.546
36.145	725.632	580.167
36.091	724.809	580.558
36.232	725.459	580.683
36.187	725.014	580.549
35.826	724.910	580.633
36.141	725.253	581.064
36.052	724.778	580.793
36.192	724.932	580.730
35.865	725.231	580.903
36.203	725.368	580.804
35.820	726.278	580.595
36.199	726.413	580.844
35.779	726.665	580.591
36.361	726.961	580.616
35.829	725.336	580.784
36.139	723.375	580.990
35.902	722.298	580.833
36.508	721.462	580.482
35.993	721.560	580.405
35.410	723.322	580.124
35.497	724.338	579.641
35.829	723.685	579.895
36.054	723.666	580.191
35.574	723.853	580.182
35.658	724.293	580.209
35.789	723.725	579.876
36.168	723.506	580.338
35.782	723.998	580.084
36.003	723.169	579.876
36.040	723.490	580.255
35.542	723.888	579.761
35.982	723.336	579.589
36.000	723.648	579.904
35.684	723.760	579.648
35.916	723.941	580.303
35.866	724.305	580.472
35.510	724.289	579.719
35.770	724.545	579.820
35.353	724.739	580.178
35.953	724.873	580.045
36.005	725.575	580.063
36.014	726.023	579.671
35.862	726.843	579.417
35.410	727.614	579.711
36.312	727.285	579.785
35.604	727.464	580.255
36.128	726.271	579.902
36.078	726.436	579.483
35.949	725.744	579.068
36.127	725.283	579.218
35.573	725.424	579.763
35.791	725.409	580.202
36.100	724.772	580.156
35.940	724.530	580.317
36.008	724.848	580.754
35.419	726.893	580.773
35.574	728.005	581.874
35.955	728.475	581.027
35.806	729.074	581.239
36.219	728.713	581.413
36.370	728.908	581.308
36.218	729.423	580.794
35.724	728.852	580.908
36.264	728.658	580.733
36.348	728.325	581.725
36.271	727.092	581.748
36.284	726.652	581.346
36.188	725.700	580.907
36.120	724.360	580.770
36.230	723.238	580.809
36.307	723.252	581.108
35.829	723.124	580.523
35.762	722.995	580.780
35.775	723.547	580.108
36.433	723.603	579.830
36.007	724.066	579.952
35.749	724.724	580.073
35.955	724.532	580.217
35.601	725.841	579.237
35.912	726.140	578.727
35.898	726.976	579.393
35.797	727.101	579.690
35.417	727.958	579.931
35.975	727.195	581.004
35.689	726.937	581.403
35.638	727.361	580.884
35.902	727.233	581.234
35.893	727.490	581.276
36.061	726.209	581.373
35.590	726.070	580.857
36.128	726.020	580.996
35.803	727.143	580.795
35.837	727.199	581.295
36.313	726.538	580.911
36.044	726.072	580.706
35.974	726.557	580.814
35.986	727.639	580.970
36.313	726.774	581.335
36.392	726.388	581.709
36.298	725.648	580.749
35.871	725.924	580.814
35.874	725.959	581.550
35.923	726.092	582.031
36.062	725.917	581.480
36.118	725.812	580.872
35.463	726.393	581.176
35.945	725.702	581.574
36.123	726.155	582.064
35.810	727.006	581.147
36.270	727.592	580.909
35.828	728.159	581.624
35.792	728.103	581.835
36.213	727.373	581.945
36.150	725.810	581.651
35.713	725.155	581.708
36.167	723.916	582.309
35.681	723.953	581.833
36.020	724.678	582.207
35.917	725.925	581.126
35.886	725.410	580.772
35.989	725.409	580.462
35.587	726.001	580.146
35.840	725.469	580.250
35.991	724.962	580.451
36.275	724.468	580.441
36.337	723.142	579.853
35.658	723.241	580.117
35.702	723.451	579.894
35.640	723.817	580.241
36.177	723.878	579.662
35.444	725.231	579.215
36.179	725.157	579.528
35.834	724.989	580.401
36.087	725.428	580.408
35.366	725.267	580.388
35.665	724.787	580.902
36.157	724.302	581.134
35.809	723.787	580.599
36.121	724.223	580.709
36.042	723.993	580.524
35.625	724.427	581.499
34.979	725.862	580.794
36.044	726.866	580.425
35.721	726.997	580.693
35.313	728.485	580.880
36.006	727.417	581.400
35.887	727.619	581.550
36.030	727.286	581.864
35.781	727.342	581.567
35.874	727.555	581.733
36.120	727.819	581.365
35.686	727.848	581.154
36.036	727.083	581.237
36.367	726.011	581.582
35.759	726.032	581.590
35.776	726.527	581.909
36.009	726.890	581.574
35.657	727.867	581.730
36.156	728.566	581.899
35.846	728.856	582.500
36.142	728.633	581.944
36.216	728.631	581.973
36.029	729.592	582.339
36.316	729.088	581.930
35.827	728.934	582.005
36.318	728.608	582.299
36.054	728.375	582.089
35.856	727.422	582.086
36.182	725.453	582.123
36.255	723.813	582.261
35.774	723.645	582.053
36.062	724.515	581.444
35.837	725.417	580.506
35.912	725.916	580.517
35.439	727.501	581.221
36.177	727.825	581.085
36.173	726.978	581.586
36.220	726.383	582.389
36.375	725.695	581.675
35.990	726.212	581.952
35.645	726.823	581.512
34.868	727.994	581.719
35.805	729.015	582.003
36.162	728.293	582.115
35.705	728.747	582.120
35.886	729.415	582.016
35.619	730.012	581.965
35.879	730.069	582.139
36.216	728.515	581.743
36.167	728.785	581.901
36.113	727.773	581.935
36.240	727.411	582.218
35.864	726.487	582.010
36.051	726.126	581.116
35.991	726.103	580.973
36.178	725.953	580.899
36.194	725.470	580.730
35.759	724.488	580.704
36.054	723.556	580.996
36.008	724.668	580.178
35.996	724.972	580.628
36.187	724.269	581.933
36.600	723.924	581.850
36.302	724.713	581.054
35.892	724.728	581.001
35.900	724.823	581.015
36.158	724.583	581.033
35.710	724.953	581.439
36.242	723.870	581.771
35.906	725.197	581.547
36.248	725.524	581.188
35.855	724.739	581.353
36.221	725.072	581.132
36.157	725.093	580.495
36.413	724.033	580.412
35.668	723.980	580.178
35.546	724.759	579.670
35.189	725.329	580.533
36.136	724.280	580.910
35.898	723.188	581.226
35.411	723.185	581.151
35.885	723.946	580.560
35.927	724.804	580.181
35.917	724.066	579.976
35.538	725.009	580.031
35.280	726.043	580.220
35.583	725.773	580.734
36.325	725.911	581.389
35.838	726.513	581.529
35.920	727.729	581.311
36.133	727.555	581.292
35.988	727.934	581.791
36.248	727.341	582.662
36.195	726.431	582.559
36.011	726.090	582.778
35.868	725.391	582.577
36.307	725.895	582.594
35.848	726.283	582.229
35.533	727.070	581.693
36.075	726.922	582.089
36.354	726.401	581.983
36.141	726.030	582.096
35.963	725.026	581.853
36.235	725.316	582.273
36.029	725.184	582.374
35.970	724.770	581.741
36.318	724.384	582.313
36.110	724.691	581.507
36.091	724.520	581.405
35.871	724.487	580.839
35.501	724.104	581.324
35.983	723.466	581.306
35.344	723.340	581.290
35.187	725.159	580.484
35.216	725.744	580.360
35.471	727.197	580.174
35.823	727.321	580.450
35.905	725.801	580.388
36.333	726.101	580.535
35.958	725.641	581.134
35.676	726.211	581.085
35.540	726.461	581.204
35.625	725.687	580.914
35.963	725.982	581.180
36.222	725.837	581.072
36.094	725.470	581.440
35.702	726.234	580.974
35.555	726.860	581.263
36.095	727.392	581.210
35.700	727.276	580.912
35.936	728.125	581.318
35.952	727.897	581.034
35.850	727.154	581.285
35.609	725.772	581.648
36.034	724.879	582.294
35.758	723.572	582.294
36.284	724.667	582.046
36.026	725.065	581.553
36.280	724.166	581.922
36.188	724.126	582.343
35.669	724.862	581.785
36.242	725.057	581.724
36.147	725.580	581.890
36.015	726.238	581.982
35.884	725.987	582.036
35.858	726.764	582.129
36.089	726.724	582.327
36.116	726.596	582.089
36.437	727.146	582.392
35.804	727.199	581.865
35.953	726.611	582.323
35.911	725.983	581.778
36.295	725.354	581.990
35.651	724.648	582.311
36.234	724.525	581.847
36.426	724.503	581.768
36.086	724.488	582.054
36.182	724.551	581.551
36.220	725.296	581.804
35.756	724.476	582.294
35.576	724.407	581.541
35.865	724.519	581.979
36.149	725.014	582.506
36.045	725.912	582.095
35.622	726.672	582.237
35.711	726.920	581.765
36.482	725.694	581.803
35.953	725.669	581.947
36.368	724.843	582.363
36.182	724.795	582.209
36.354	725.321	581.790
35.779	724.443	581.801
36.240	723.509	581.859
35.934	724.829	581.186
35.803	724.806	581.368
35.985	724.761	581.720
36.341	725.684	582.215
36.333	726.021	581.857
36.044	725.952	581.692
36.525	724.976	581.872
36.221	724.689	581.898
36.043	724.120	581.836
36.079	724.221	582.043
36.290	723.445	581.853
35.969	722.443	582.421
35.842	722.640	581.688
35.619	723.360	581.726
35.816	723.167	581.987
35.959	723.532	582.005
35.800	724.798	581.502
35.624	725.244	581.487
36.420	725.232	580.920
35.534	725.807	580.975
35.921	726.523	581.019
36.398	726.075	581.014
36.177	725.508	581.364
36.055	726.250	580.686
35.534	725.734	581.420
35.517	726.191	581.972
35.764	725.848	582.328
36.096	725.323	582.204
35.634	725.765	582.222
36.044	726.517	582.238
35.245	727.773	582.834
35.739	727.354	583.170
35.599	728.052	582.317
36.184	728.251	582.266
36.098	728.301	581.955
36.071	727.428	582.473
35.963	726.660	581.768
36.258	727.290	581.456
35.978	727.162	581.101
35.274	727.254	581.460
35.573	728.196	581.640
35.497	728.898	582.305
35.662	730.129	581.942
35.765	730.224	582.362
36.061	729.423	582.235
36.052	727.704	582.332
36.105	726.756	581.881
35.768	727.294	582.119
36.140	726.905	581.873
36.128	727.125	582.298
35.549	727.504	581.927
35.566	727.729	581.434
35.686	727.757	581.582
35.981	728.132	582.172
36.077	727.930	581.933
35.942	727.719	582.162
35.965	727.082	582.326
36.408	726.430	582.999
36.005	726.065	582.295
35.873	726.618	581.624
36.123	726.090	582.448
36.398	725.540	581.586
35.641	725.228	581.660
35.405	724.977	582.146
36.417	724.546	581.626
36.089	724.053	582.298
36.336	723.528	581.649
35.532	724.107	582.063
35.931	724.406	582.420
36.003	724.408	582.148
35.758	723.709	581.983
35.899	724.169	582.630
35.832	724.889	582.485
36.236	725.801	582.125
35.713	727.205	582.232
35.528	727.305	582.001
35.210	726.353	582.749
36.535	725.010	582.523
36.241	724.395	582.014
36.135	724.175	581.959
35.952	724.836	581.921
36.108	725.052	582.788
35.768	725.169	583.694
35.919	726.556	583.123
35.611	726.328	583.193
35.672	726.409	582.755
35.609	726.309	582.327
35.509	727.257	581.924
35.767	727.909	581.709
35.176	728.895	582.320
35.488	729.740	582.203
35.887	730.052	582.340
35.981	728.744	582.426
36.095	727.879	582.487
36.162	727.972	581.846
35.600	728.052	582.456
35.970	728.216	582.492
36.142	727.381	582.651
35.829	726.618	583.103
36.493	726.171	582.876
36.142	725.066	582.845
36.012	724.520	583.060
35.981	724.109	582.609
36.086	723.442	582.933
35.938	724.563	582.191
35.932	725.142	581.367
35.960	724.379	582.073
35.879	723.782	582.592
36.164	723.641	582.701
36.037	723.491	583.330
35.942	723.724	582.635
35.605	724.962	583.008
35.823	725.489	582.716
35.889	725.592	582.661
36.055	725.654	583.024
36.077	725.777	582.730
35.684	726.165	583.219
36.178	725.979	583.047
36.290	725.908	582.471
36.002	725.312	581.777
35.624	725.439	581.943
36.270	725.467	581.820
35.743	726.494	581.440
35.877	726.376	581.078
35.862	726.035	581.062
35.926	725.302	582.156
35.830	725.315	582.506
36.276	725.521	583.348
35.795	725.933	582.753
36.484	726.903	582.533
35.963	727.522	583.686
35.866	726.829	583.884
36.202	726.864	583.183
36.022	727.665	582.333
36.130	727.191	581.964
35.650	727.617	582.280
36.348	727.762	581.894
35.570	728.304	582.456
35.412	728.088	582.281
35.690	728.446	581.568
36.187	727.851	582.766
35.894	727.333	583.096
35.935	726.977	583.459
36.001	727.926	582.672
35.458	727.934	583.317
35.778	728.323	582.361
36.231	727.461	582.061
35.628	727.299	582.538
36.443	726.989	583.125
35.905	726.597	584.318
36.402	726.759	583.241
35.821	725.932	582.639
36.420	724.461	583.607
35.913	723.492	583.639
36.157	723.202	583.696
35.984	723.755	583.641
36.135	724.176	583.486
35.890	724.104	583.771
36.269	723.419	583.724
35.716	722.495	584.285
35.935	721.930	583.709
35.686	722.090	583.987
35.698	722.892	583.210
35.913	724.537	582.547
35.582	726.059	582.837
35.641	727.423	582.745
35.848	727.833	582.876
35.838	728.567	582.875
35.952	728.781	583.054
36.252	728.418	583.234
35.758	727.821	583.100
35.788	728.258	583.039
35.216	727.799	583.080
35.702	728.193	583.428
36.066	727.074	583.156
35.905	727.129	583.062
35.928	727.881	582.619
36.198	728.879	582.168
35.813	729.236	582.238
36.021	728.420	582.267
35.938	727.577	582.379
35.813	728.123	582.286
35.857	728.888	581.834
35.355	730.678	582.312
35.056	731.192	582.823
36.231	731.047	583.606
36.065	730.937	583.857
36.158	729.807	583.729
36.236	728.890	583.559
36.113	727.561	583.732
36.063	726.204	584.316
36.027	725.772	583.598
36.228	725.280	584.015
35.824	725.681	584.133
36.495	725.484	583.904
36.160	724.707	583.417
36.419	725.155	582.921
35.928	724.693	582.953
36.079	725.091	583.294
35.951	725.462	582.696
35.634	724.785	582.764
36.324	725.254	583.321
35.979	725.654	583.250
35.561	727.015	583.113
35.953	727.080	582.609
36.192	726.131	583.341
36.179	725.670	583.277
35.690	725.736	583.203
35.100	725.811	583.602
35.733	726.296	583.860
36.195	726.038	583.611
36.249	726.350	583.866
35.651	727.140	583.407
35.928	727.914	582.793
35.978	728.534	582.782
35.801	728.936	583.140
36.273	728.374	583.396
35.802	727.681	583.309
35.668	728.016	582.709
36.440	727.312	582.585
35.822	727.621	582.535
35.618	728.015	582.760
35.928	728.126	583.483
35.641	727.773	583.329
35.717	727.498	583.119
35.703	727.654	582.787
35.529	727.712	583.010
36.388	726.285	583.374
36.076	725.855	582.975
36.019	725.390	583.314
35.727	725.661	583.972
35.808	725.968	583.495
36.363	725.339	583.764
35.806	726.174	583.872
36.085	725.955	583.957
36.144	725.324	583.862
35.753	724.849	584.007
35.706	724.233	583.842
35.563	724.442	583.736
36.289	724.213	583.460
35.906	723.956	582.872
36.260	723.885	582.824
35.681	724.071	582.987
35.890	725.074	582.935
35.851	724.691	582.816
36.010	724.601	582.383
35.425	725.349	582.563
35.935	725.807	582.978
36.202	726.331	583.240
36.023	726.040	583.482
35.724	726.495	583.273
35.672	726.711	583.462
35.651	726.898	582.912
36.202	726.296	583.351
35.562	725.755	583.718
36.209	726.207	583.800
35.990	726.459	584.217
35.754	726.372	583.537
36.002	726.267	583.417
35.650	726.205	583.519
35.728	726.184	583.561
36.433	725.326	584.267
36.128	725.008	584.070
35.595	725.848	583.812
35.960	726.292	583.891
35.957	726.576	583.559
35.666	727.711	583.757
36.053	728.220	583.790
35.962	727.670	583.384
36.179	727.497	583.134
35.820	727.132	582.706
35.639	727.775	583.073
35.968	726.885	583.172
35.696	728.869	582.508
35.911	728.947	582.785
35.611	729.164	582.876
35.223	730.462	583.195
35.852	730.430	583.169
35.726	729.890	583.514
35.743	729.082	583.751
36.293	728.304	584.327
35.553	727.285	584.009
35.833	726.290	584.274
35.643	726.649	583.933
35.612	727.095	583.845
36.279	726.372	583.817
35.671	726.831	583.625
35.329	727.197	583.924
35.697	727.477	584.795
36.031	726.903	584.734
35.888	727.860	584.078
35.835	728.718	583.587
35.863	729.317	583.947
35.814	727.751	583.975
36.231	727.680	583.118
35.525	726.008	582.698
36.535	725.140	583.147
35.555	725.001	582.927
35.839	725.649	583.574
35.892	726.398	584.309
35.833	726.055	584.046
36.261	726.281	584.174
35.912	725.373	584.248
35.602	725.913	583.865
35.960	725.456	583.787
36.209	725.267	583.738
36.263	725.286	583.827
35.956	725.359	583.682
35.895	725.697	583.686
36.387	726.017	584.370
35.517	726.451	583.671
36.224	726.271	583.643
35.746	725.682	583.714
36.142	724.988	584.542
36.127	725.146	585.203
35.878	725.698	585.059
36.123	725.588	585.345
36.107	725.590	585.354
36.383	725.719	584.792
35.583	726.073	584.736
36.498	725.495	584.745
36.062	725.402	585.088
35.741	724.873	584.937
36.146	725.911	584.274
35.762	726.560	583.898
35.895	726.875	584.535
35.728	726.932	584.496
35.648	727.346	583.917
35.759	727.051	584.089
35.982	727.058	583.928
35.937	726.174	583.853
36.070	724.529	584.709
35.910	724.259	584.604
35.950	723.550	585.137
36.021	723.323	584.677
35.753	722.714	584.559
36.107	722.747	584.994
35.776	722.655	585.031
36.066	721.984	585.653
35.955	721.520	587.039
35.592	721.333	586.864
35.746	720.345	587.298
35.674	719.991	586.971
35.520	720.953	586.909
35.225	721.935	586.875
35.529	723.324	586.093
35.638	724.939	585.454
35.636	726.152	584.878
35.736	725.250	584.518
35.831	724.940	585.096
35.961	725.157	585.727
36.064	724.653	585.838
35.591	725.156	586.332
35.697	726.024	584.666
35.163	727.584	584.852
35.517	728.426	584.795
35.609	728.647	584.779
35.856	728.291	584.501
35.708	728.700	584.446
35.879	728.468	584.241
35.958	727.731	583.858
35.698	727.416	584.237
35.634	726.309	583.998
35.696	726.143	584.026
35.854	726.613	583.803
35.752	726.254	584.741
36.051	725.968	584.524
35.678	726.307	584.843
36.047	726.369	584.903
35.472	727.082	584.433
35.707	726.717	584.257
36.110	726.858	584.062
35.645	726.511	584.297
35.389	727.085	584.071
35.885	726.638	584.337
35.589	726.389	584.060
35.739	725.877	583.813
35.994	725.579	584.302
35.739	726.171	584.465
36.145	725.777	584.337
35.923	726.012	584.241
35.678	726.046	584.265
35.500	727.350	583.575
35.522	727.624	584.667
35.643	728.160	584.618
36.094	728.274	584.849
35.222	728.952	584.009
34.620	730.171	583.593
34.280	732.086	583.386
35.976	731.626	584.195
35.913	731.052	584.057
35.357	730.512	584.275
36.279	730.373	583.932
35.615	728.562	584.369
35.757	726.910	584.509
35.670	726.136	585.155
35.699	725.662	585.180
35.345	726.232	585.392
35.013	726.937	584.673
35.508	726.660	584.756
35.894	726.608	585.059
35.368	726.771	584.777
35.255	727.074	584.961
35.850	726.457	585.256
35.284	726.957	584.800
35.921	727.008	585.075
36.039	725.959	584.537
36.049	726.094	584.494
35.208	726.334	584.345
35.686	726.560	584.180
35.558	725.962	584.230
35.477	725.508	584.593
36.039	725.917	585.157
36.253	725.611	584.959
35.536	725.401	585.561
35.498	725.037	586.503
35.516	724.591	586.342
35.811	724.057	585.829
35.600	724.177	585.829
35.531	725.262	585.902
35.000	726.068	585.542
35.665	726.049	585.407
35.796	726.013	585.404
35.871	726.396	584.817
35.827	725.557	585.216
35.694	724.883	584.958
35.642	724.303	585.146
35.946	723.178	584.464
35.419	722.681	584.750
35.544	722.879	585.211
35.960	724.275	584.810
36.051	724.440	584.945
35.922	724.859	584.520
36.130	725.871	584.096
36.087	726.296	584.421
36.029	725.434	584.451
35.498	725.540	584.485
35.086	725.637	584.267
35.578	725.266	584.089
35.852	724.730	584.342
36.089	724.700	584.139
35.486	724.682	584.728
35.527	725.187	584.647
36.131	725.925	585.174
35.105	726.601	584.478
34.967	728.476	584.225
35.454	728.347	584.807
35.564	728.035	584.274
35.932	727.610	584.231
35.179	727.043	584.222
35.433	726.267	584.569
35.769	726.750	584.933
35.658	727.439	584.902
35.825	726.150	585.179
35.231	726.258	585.656
35.317	725.536	585.611
35.349	726.682	586.004
36.321	727.035	585.786
35.715	727.654	585.264
35.558	727.890	584.577
36.277	727.389	584.866
35.864	727.211	585.184
35.949	727.452	584.669
36.069	726.490	585.259
35.642	726.790	585.111
35.125	727.782	584.847
35.570	727.963	584.967
35.734	728.249	584.569
35.444	727.950	584.893
35.936	727.655	584.489
35.706	727.567	584.339
35.429	727.580	584.548
35.642	727.707	585.465
35.212	728.140	584.401
35.436	727.329	584.774
35.247	727.541	584.564
35.758	727.655	585.030
35.508	728.660	584.937
35.598	728.935	585.310
35.704	728.038	584.831
35.839	727.065	585.225
35.957	726.685	584.675
35.725	727.014	584.433
35.444	726.635	584.408
35.581	726.873	583.988
35.539	726.656	584.232
35.750	726.526	583.842
35.728	727.125	584.717
35.506	727.170	585.633
35.467	728.275	585.122
35.580	727.813	585.007
35.756	728.638	584.218
36.352	728.189	584.578
35.984	727.833	584.638
35.904	727.518	585.249
35.589	727.602	584.811
36.263	726.922	585.175
35.966	726.507	584.814
36.045	725.892	585.530
35.811	726.620	585.683
35.502	727.364	585.292
35.781	727.068	585.102
35.785	727.283	584.711
35.468	726.347	585.752
35.657	725.742	585.734
35.646	725.765	585.096
35.974	726.042	585.410
35.741	727.149	585.085
35.911	728.081	584.296
35.143	727.907	584.313
35.919	727.677	584.103
35.506	728.073	584.232
35.615	727.922	584.042
35.626	727.811	584.953
36.182	727.007	584.775
35.838	726.869	585.418
35.869	728.091	584.392
35.476	729.010	583.841
35.793	729.582	584.776
35.882	729.326	585.117
35.636	729.381	584.691
36.033	728.948	584.480
35.599	729.236	584.133
35.462	728.264	583.757
35.299	728.574	584.064
35.645	729.439	584.271
35.776	729.134	584.183
35.537	728.984	583.952
35.752	728.986	584.967
36.273	728.740	584.763
36.210	728.872	584.981
35.772	727.116	584.781
35.834	726.529	585.042
35.991	725.740	585.215
36.079	725.372	584.802
35.560	724.495	585.029
35.307	723.507	585.792
35.352	724.257	586.109
35.304	724.364	586.130
35.060	724.159	586.449
35.812	722.997	586.074
35.968	722.962	585.910
35.930	722.858	586.333
35.620	722.400	586.888
35.661	721.961	587.724
35.457	722.239	587.795
35.488	721.192	587.797
35.522	721.481	588.157
35.732	720.644	588.379
35.046	722.262	587.696
35.949	722.486	587.597
36.030	721.643	587.316
35.363	722.344	586.326
35.145	722.559	586.800
35.180	723.061	587.867
35.341	723.281	587.644
35.193	723.535	588.059
35.448	725.184	587.313
35.952	725.412	586.613
35.796	726.377	585.907
35.828	726.463	585.930
35.427	726.436	586.211
35.828	726.493	585.444
35.642	726.866	584.583
35.411	727.289	584.768
35.463	726.323	585.322
34.969	726.775	584.724
35.750	727.518	584.356
35.590	728.379	583.985
35.207	729.098	584.078
34.507	730.311	584.141
34.936	730.091	584.840
36.141	729.685	584.529
35.444	729.604	584.716
35.615	729.623	584.988
36.032	729.124	585.316
35.729	727.887	585.269
35.994	727.607	585.153
35.803	728.582	584.759
36.213	729.074	584.666
36.042	728.657	585.093
35.496	727.750	584.171
35.613	728.012	584.786
35.866	727.841	584.662
35.373	728.236	585.121
35.454	727.208	584.834
35.509	727.238	585.063
35.303	728.649	584.206
34.977	729.772	583.926
35.739	729.778	584.436
35.988	729.714	584.490
35.865	728.966	583.777
35.773	729.032	584.158
35.832	728.633	583.918
35.889	728.946	584.342
35.642	728.738	584.598
36.045	728.827	584.413
35.895	727.843	583.883
35.439	726.782	584.611
35.761	726.190	584.911
35.449	726.604	585.466
35.479	727.152	584.796
35.365	727.315	584.908
35.359	727.677	584.489
35.660	728.280	584.095
35.809	727.097	584.440
35.833	727.170	583.444
35.765	726.603	583.845
35.302	726.906	584.492
34.887	726.690	584.038
35.026	726.142	584.081
34.765	725.769	584.457
35.224	726.807	584.549
34.807	727.456	585.473
35.372	726.913	585.260
35.355	727.206	585.204
35.376	727.267	585.190
35.693	727.497	584.797
35.616	726.494	585.040
35.063	726.909	585.429
35.422	727.448	585.061
35.489	727.055	584.613
35.754	726.776	585.146
35.188	726.510	585.594
35.700	726.757	585.730
35.559	727.102	586.149
35.830	726.739	586.225
35.992	727.228	585.612
35.775	726.958	585.604
35.905	727.171	585.585
35.630	727.841	585.937
35.777	727.941	585.724
35.481	727.573	585.239
35.214	727.784	584.913
35.693	727.560	585.159
35.521	727.374	585.424
35.461	727.565	585.758
35.756	727.958	585.543
36.255	728.099	585.589
35.997	727.835	585.078
35.487	727.330	584.872
35.523	726.943	585.274
35.538	727.005	584.940
35.492	727.749	584.891
35.404	727.722	585.284
35.270	726.509	584.646
36.012	726.337	585.762
35.474	725.958	586.411
35.581	726.315	586.280
35.111	726.457	585.987
35.475	727.185	585.009
35.619	727.880	584.651
35.261	728.649	584.951
35.742	728.086	585.470
36.079	726.729	585.345
35.609	725.988	585.048
35.948	726.123	585.554
35.676	725.644	586.720
35.663	725.335	587.055
35.696	725.619	586.409
35.960	726.149	585.516
36.022	726.360	586.424
35.557	726.517	586.132
35.641	726.381	586.222
34.856	725.810	586.272
34.854	726.887	586.277
35.546	726.687	586.837
35.651	726.949	586.412
35.680	727.366	585.421
35.818	727.131	584.559
36.085	727.161	585.046
35.323	726.189	585.201
35.419	726.059	584.778
35.284	726.124	585.451
35.523	725.673	585.510
35.573	726.626	586.269
36.053	727.149	585.661
36.020	726.271	585.935
35.634	725.606	586.185
35.622	725.870	585.562
35.155	725.682	586.109
35.553	725.549	586.588
36.043	726.070	586.427
35.214	726.230	586.031
35.565	726.567	585.758
35.130	727.505	586.668
35.938	727.031	586.637
35.707	725.901	586.805
35.019	724.797	587.233
35.271	725.194	586.440
35.630	725.682	585.686
35.519	726.415	586.045
35.567	727.409	585.623
35.550	728.036	585.191
35.979	727.609	585.193
35.741	727.370	584.983
35.546	726.439	585.164
35.120	727.032	584.871
35.536	727.263	585.376
35.134	726.955	584.684
35.307	726.424	585.032
35.213	725.163	585.173
35.297	724.228	585.487
35.515	724.074	585.579
34.792	723.356	586.479
34.976	723.350	586.478
34.686	722.390	587.194
35.638	721.653	587.460
34.939	722.065	587.487
35.536	721.314	587.541
35.591	720.094	587.939
34.734	719.834	588.101
35.899	719.295	587.875
35.424	718.626	588.694
35.707	719.177	589.649
35.456	719.596	590.541
35.352	720.031	591.401
35.481	720.051	591.807
35.484	720.733	592.214
35.405	720.368	592.610
35.412	720.500	592.431
35.793	720.961	591.390
35.343	721.305	590.709
35.353	721.216	590.993
36.060	720.376	591.469
35.486	720.069	591.244
35.755	719.965	590.683
36.001	720.557	591.085
35.564	721.448	591.064
35.197	721.766	591.344
35.550	722.915	590.704
35.270	722.987	591.199
35.431	722.846	591.716
35.573	722.412	591.922
35.373	721.744	591.856
35.259	723.033	591.757
35.440	724.095	591.504
35.552	724.573	590.796
35.710	725.429	591.317
35.925	726.156	590.349
36.075	726.612	589.665
36.162	726.998	590.149
36.160	727.635	588.302
35.840	728.196	587.216
36.063	727.569	587.074
36.136	727.253	587.225
35.596	726.736	586.565
35.805	726.003	587.594
35.297	726.196	587.289
35.120	727.422	586.468
35.133	728.556	584.797
34.901	729.617	584.656
35.793	730.484	584.788
35.585	730.015	584.979
35.484	730.621	584.464
35.016	731.854	583.906
35.994	731.349	584.586
35.673	730.233	585.571
35.426	730.050	585.827
35.385	729.905	586.085
35.722	729.426	585.439
35.485	728.916	585.492
35.589	728.964	584.947
35.851	728.257	584.849
35.255	727.531	585.507
35.751	728.116	585.711
35.622	728.363	585.856
35.995	728.594	586.198
35.839	728.987	585.661
35.666	728.206	585.875
35.752	727.677	586.506
35.863	727.473	586.604
35.111	727.171	586.929
35.574	726.371	586.315
34.846	725.484	586.232
35.135	725.226	586.366
35.616	724.955	586.488
35.195	724.248	587.161
35.110	724.252	587.840
35.103	723.746	588.273
34.851	724.630	588.237
35.331	726.137	587.594
35.476	726.547	587.645
36.260	726.923	587.619
35.908	726.998	588.018
35.931	725.996	587.866
35.458	725.939	587.893
35.691	725.866	587.868
35.631	726.949	587.148
35.312	728.058	586.564
35.585	728.958	586.254
35.625	729.097	585.442
35.210	729.829	584.610
34.165	730.616	584.761
34.921	731.844	584.851
34.935	732.004	584.940
35.355	732.100	585.629
36.036	731.999	585.868
36.155	731.372	585.897
35.644	730.935	586.210
35.920	730.242	586.026
35.571	730.354	586.297
35.999	729.962	585.401
35.832	729.409	585.394
35.560	728.895	584.815
35.835	728.391	584.826
35.321	728.006	585.411
35.953	727.545	585.415
35.294	728.069	585.043
35.224	728.294	585.964
34.412	728.365	585.160
35.002	727.645	585.060
34.915	727.455	584.933
35.432	725.997	584.981
35.190	725.730	585.485
34.610	726.507	585.248
35.068	726.614	585.298
35.192	726.911	585.598
34.406	726.863	586.210
35.036	727.659	585.232
35.030	727.712	584.803
35.266	727.707	584.735
35.145	727.879	584.808
35.512	727.753	585.151
35.500	727.938	584.868
35.446	728.058	584.992
35.268	727.938	585.109
35.729	727.905	584.416
35.033	727.840	584.141
35.435	728.559	584.301
35.377	729.873	583.206
34.983	730.032	583.363
35.847	730.103	584.154
35.541	728.866	584.305
35.384	728.045	584.597
34.873	727.983	584.745
35.042	728.122	584.917
35.063	727.945	584.429
35.590	727.314	585.013
35.489	727.059	584.727
34.718	726.586	585.303
35.349	727.521	585.282
35.258	727.914	585.602
35.222	728.122	586.078
35.573	728.224	585.844
35.573	728.415	586.133
34.911	727.920	586.822
34.935	728.262	587.096
35.298	728.104	587.672
35.919	728.209	588.144
35.696	727.251	588.721
35.547	726.258	589.608
34.999	727.254	589.605
35.472	727.717	589.629
35.660	727.957	589.752
36.293	726.943	590.275
36.215	727.513	589.515
36.279	728.593	589.468
35.861	730.478	588.533
35.886	731.373	588.470
35.700	731.169	587.596
35.846	731.069	588.231
36.060	730.937	588.027
36.409	730.339	587.792
36.285	728.790	588.056
35.724	728.183	587.494
35.844	727.106	586.701
35.620	726.564	587.020
35.531	727.304	586.059
34.871	728.600	585.850
35.751	729.733	585.505
36.078	729.761	586.032
35.901	729.955	586.103
35.792	729.367	585.998
35.505	730.187	585.300
35.421	730.299	585.317
36.016	729.581	584.917
35.307	729.189	585.132
35.029	729.500	585.312
35.119	729.070	584.812
35.217	728.342	584.984
35.553	728.060	585.333
35.441	728.232	585.288
35.440	727.369	585.360
34.321	727.682	585.063
35.306	727.944	586.172
35.370	727.898	585.660
36.086	727.936	586.177
35.486	727.969	586.030
35.107	728.169	586.091
35.355	727.538	586.519
35.812	727.133	586.534
35.384	726.134	587.122
35.089	726.264	587.057
35.720	725.948	587.179
35.010	726.345	586.669
34.537	726.931	587.188
34.886	727.552	586.532
35.192	728.293	586.303
35.605	728.352	585.943
34.664	728.145	585.995
35.502	728.259	585.732
34.912	729.029	585.584
35.629	729.112	586.024
35.601	728.469	585.768
35.730	728.922	585.364
35.203	729.301	584.566
35.212	729.080	585.317
35.516	728.944	585.015
35.181	728.870	584.792
35.278	728.946	585.356
35.755	728.892	585.128
35.388	728.633	585.333
34.861	729.885	585.146
34.696	730.862	584.617
35.166	730.489	585.123
35.006	730.283	584.960
35.586	730.161	585.463
35.754	729.793	585.256
34.370	730.588	584.635
35.125	730.937	585.136
34.858	730.667	585.349
35.076	730.789	585.011
35.501	730.497	585.318
33.986	730.016	584.516
34.587	730.310	584.844
35.304	730.003	585.288
34.697	730.177	585.309
35.413	730.193	585.238
35.805	730.107	584.966
34.676	729.878	585.143
34.263	730.221	584.733
34.690	730.207	584.569
34.741	729.496	584.876
33.815	729.601	584.531
34.818	729.915	584.802
34.802	729.552	585.005
34.676	730.165	584.879
34.690	729.848	584.458
34.840	729.514	583.786
34.558	729.351	583.836
34.505	728.778	584.109
35.295	728.976	583.787
35.072	728.556	583.968
35.209	729.092	584.203
35.835	729.521	584.447
35.027	729.338	584.313
35.186	728.870	584.539
34.239	729.281	585.146
34.293	728.587	584.914
34.741	729.499	584.459
34.487	729.300	584.008
34.543	728.577	583.740
35.368	728.674	583.641
34.613	728.779	584.190
35.101	728.476	584.186
34.838	727.897	583.654
34.886	728.196	583.954
35.129	727.091	584.457
34.561	727.408	584.194
34.839	727.036	584.451
34.647	727.167	584.409
35.290	727.506	584.930
35.107	728.245	585.379
35.077	728.497	584.842
35.321	727.832	584.884
34.814	727.629	585.115
34.486	727.272	584.564
34.770	727.003	584.994
35.003	726.970	585.027
34.963	727.092	585.127
35.202	727.406	585.564
34.858	726.988	585.973
34.626	727.237	585.615
34.627	727.307	585.486
35.405	727.223	584.603
34.892	727.775	584.915
35.243	728.860	585.243
35.745	728.935	584.427
34.664	728.962	583.569
35.007	728.875	584.704
34.109	728.738	584.424
33.894	729.275	583.549
34.413	729.166	583.612
34.439	728.886	584.041
33.410	729.380	583.166
34.004	729.357	582.409
33.799	729.173	582.315
33.415	728.953	582.640
34.244	729.683	583.612
35.344	730.170	584.500
34.946	730.816	584.677
35.198	730.673	585.265
34.430	731.308	585.228
33.026	730.932	584.296
33.062	730.838	584.145
32.462	731.357	582.803
33.844	730.489	583.036
33.071	730.266	582.771
33.803	729.809	582.697
34.391	730.449	583.575
34.380	730.123	583.507
34.797	730.394	584.163
35.177	730.123	584.948
33.888	730.268	584.665
34.115	730.470	585.589
35.232	730.303	586.612
35.017	730.330	586.443
34.905	730.010	585.963
34.976	730.228	586.161
34.931	730.803	586.274
34.916	730.982	585.950
34.818	731.600	586.470
34.277	732.733	585.722
35.088	733.809	585.923
36.104	734.219	585.877
35.896	732.920	586.390
35.301	731.674	585.962
34.789	731.353	585.053
34.580	730.217	583.959
34.722	729.770	583.725
34.277	729.410	583.541
34.275	728.904	583.689
34.133	728.906	584.192
34.056	728.762	583.966
34.175	728.574	583.787
34.894	728.155	583.822
34.230	727.691	584.178
34.633	727.956	583.829
34.360	728.351	583.867
34.447	728.101	584.183
33.979	728.085	583.997
33.481	728.980	583.812
34.163	728.662	583.496
34.126	729.172	583.029
33.634	729.334	582.891
33.041	729.443	583.206
32.515	729.241	581.068
31.625	729.719	580.174
32.225	729.593	579.979
32.304	729.697	580.328
32.452	729.993	581.551
31.976	729.597	583.319
31.523	729.403	582.318
31.140	728.979	582.870
31.484	728.363	582.297
31.175	727.689	580.150
31.798	728.595	579.423
31.719	728.779	578.706
32.009	728.640	579.618
31.300	728.653	580.763
31.782	730.000	580.848
32.116	729.823	580.161
31.812	729.749	579.781
32.512	730.284	580.222
32.294	729.363	579.369
33.000	728.532	579.843
32.845	728.713	580.290
33.438	728.840	579.665
32.218	728.700	580.069
32.140	729.060	579.748
32.269	728.614	580.676
32.833	729.697	580.717
32.734	729.888	580.872
31.671	729.661	580.584
32.715	729.695	580.985
32.519	729.512	580.081
31.413	729.906	580.148
32.211	729.651	580.561
31.939	729.296	580.493
31.264	728.413	580.228
31.667	727.670	580.778
32.259	728.550	580.076
32.025	729.021	579.380
31.824	728.722	579.012
32.823	728.721	579.364
32.891	728.913	579.502
33.407	729.515	581.018
33.403	729.418	581.059
32.881	729.000	580.764
32.341	729.229	580.271
32.280	728.687	579.424
32.207	728.651	579.377
32.643	728.545	579.731
32.898	728.886	579.894
33.202	729.024	581.168
33.313	728.743	580.997
33.387	729.283	581.344
33.495	728.931	581.545
33.778	728.529	582.540
33.767	728.989	582.833
32.899	729.867	582.786
34.114	730.051	583.237
33.818	729.350	583.034
33.768	729.067	583.506
34.383	729.619	583.596
33.852	730.049	583.895
33.948	729.576	583.131
33.923	729.951	583.204
33.784	730.027	582.980
34.224	729.790	583.105
34.004	729.816	583.111
34.055	730.056	583.125
33.479	729.503	582.791
33.747	729.825	583.754
33.814	729.859	583.405
33.792	729.811	582.819
33.733	731.053	583.294
34.390	730.265	582.786
34.021	730.310	582.655
34.492	729.938	582.708
34.373	729.386	583.425
33.964	728.924	583.388
34.013	728.125	582.992
33.555	727.652	583.027
33.536	728.399	582.542
33.815	728.920	583.205
33.932	728.811	582.973
34.110	729.320	582.925
34.425	728.269	583.474
34.049	727.710	583.539
33.841	727.321	583.951
34.061	727.046	584.259
33.914	726.732	583.850
33.718	727.230	584.513
34.043	727.296	584.519
32.980	727.191	585.734
33.046	727.347	587.259
33.525	726.892	586.813
32.996	727.354	587.312
32.731	727.169	586.711
33.581	727.043	587.896
33.410	727.017	588.240
33.746	727.527	588.075
34.432	727.632	587.565
34.552	727.810	587.929
35.236	726.926	587.995
34.818	726.319	588.570
34.591	726.256	589.543
35.027	726.607	591.257
35.352	726.639	592.442
35.730	726.343	592.696
35.118	726.334	593.255
35.044	726.755	593.363
36.103	726.640	593.691
36.024	727.270	594.070
35.770	726.501	594.669
35.956	726.290	595.191
35.548	725.006	595.883
35.441	723.730	597.210
35.497	722.727	596.806
35.476	723.332	597.092
35.688	723.111	597.017
35.582	723.445	597.001
35.339	723.137	597.531
35.891	722.501	597.555
35.518	723.422	597.877
35.586	724.033	596.774
35.510	723.499	596.789
35.347	722.962	597.002
35.408	723.472	597.204
35.145	724.023	597.166
35.077	724.563	597.269
35.199	725.661	597.009
35.921	726.588	597.519
35.227	726.371	597.749
35.357	727.269	597.541
35.179	726.219	597.980
35.314	725.614	598.012
34.778	725.637	599.185
35.546	725.338	599.377
35.258	724.799	599.369
35.083	724.220	599.914
33.682	724.357	600.856
34.796	723.603	601.095
34.294	722.724	601.412
34.197	723.225	600.854
35.066	723.457	600.374
35.199	722.935	599.716
35.258	723.401	599.136
35.025	724.071	597.992
35.411	725.064	598.277
35.834	724.765	598.116
35.077	725.387	597.936
35.368	725.235	597.503
35.921	725.184	598.037
35.872	724.216	599.173
35.587	723.430	599.276
35.598	723.640	599.182
35.378	724.282	599.222
35.135	723.763	598.870
35.292	723.883	599.411
34.999	726.041	598.159
35.473	725.935	598.028
35.477	726.122	597.280
35.610	726.146	597.559
35.170	726.090	597.520
35.155	727.461	596.754
35.366	728.402	595.991
35.703	728.627	595.561
35.579	728.979	595.839
36.194	728.485	596.485
35.843	727.473	596.251
35.739	726.251	596.423
35.691	726.105	596.353
35.278	726.023	596.177
35.763	725.628	596.939
35.903	725.714	596.943
35.731	725.669	596.889
35.347	726.202	596.483
35.501	726.403	596.318
35.647	725.525	596.635
35.294	726.577	596.810
35.106	727.599	597.301
35.323	728.367	597.687
35.683	726.543	598.185
35.264	727.461	597.474
35.044	727.815	597.273
35.416	729.342	596.183
35.812	729.927	594.971
35.493	730.177	594.984
35.769	729.942	595.805
35.418	730.577	595.834
35.855	730.189	596.012
35.485	729.044	596.643
35.726	728.402	597.667
34.804	728.382	597.843
35.024	728.107	597.897
35.679	728.353	597.934
35.436	727.913	597.824
34.959	728.372	598.226
35.489	727.805	598.181
35.765	727.462	598.397
35.487	726.707	598.756
34.826	727.408	598.735
34.693	728.052	598.603
35.252	728.466	597.963
35.327	727.746	597.970
35.143	728.149	597.548
35.437	728.352	596.823
35.209	727.915	597.104
35.508	727.897	597.165
35.330	727.892	597.380
35.182	727.419	597.632
35.137	726.042	598.673
34.985	724.890	600.183
34.918	724.695	599.978
34.315	725.146	600.195
34.230	724.912	600.975
34.304	724.832	601.421
34.476	724.028	601.559
34.930	723.536	601.981
34.994	722.700	602.408
35.491	722.261	601.249
35.533	720.377	601.603
35.397	719.509	602.344
35.096	719.779	601.688
35.849	720.806	600.910
35.512	719.822	600.359
35.746	720.406	599.263
35.473	720.608	599.511
35.313	721.123	599.201
35.234	721.659	598.450
35.934	721.419	598.934
34.918	721.146	598.975
35.494	720.787	600.080
35.774	719.153	600.339
35.099	719.802	599.844
35.401	719.711	600.212
35.512	719.206	600.175
35.639	719.049	600.294
35.495	719.332	599.535
35.481	718.790	599.961
35.312	719.602	599.822
35.163	719.141	600.105
35.297	720.583	599.138
35.434	721.102	599.282
35.332	720.513	598.561
35.310	720.625	599.212
35.495	720.128	599.623
35.510	719.756	599.390
35.271	719.820	599.118
35.550	719.726	599.382
35.235	721.700	598.542
35.020	723.606	598.125
35.268	724.952	597.878
35.126	725.172	597.686
34.956	725.634	598.219
34.602	726.006	599.008
35.172	726.285	599.829
34.969	725.964	599.905
34.935	727.924	598.443
34.775	728.583	598.192
34.596	729.543	597.631
35.182	729.527	598.004
35.416	729.948	598.142
35.380	730.152	597.560
35.925	729.706	597.557
35.693	729.008	597.190
35.487	728.815	597.183
35.017	728.550	597.148
35.491	728.084	596.863
35.162	727.899	597.655
35.375	728.159	597.430
35.324	727.642	597.303
35.818	727.592	597.330
35.415	727.497	597.278
35.647	727.405	597.174
35.171	726.187	596.897
35.700	725.270	597.709
35.274	724.159	598.599
35.037	724.384	599.073
35.288	724.621	598.652
35.454	725.622	598.940
34.762	726.164	599.047
35.048	726.551	598.740
34.483	728.342	598.348
35.009	729.065	597.831
34.910	730.542	597.348
35.572	731.099	596.965
35.596	731.368	596.712
35.923	730.703	597.336
35.748	730.918	596.981
35.606	730.438	597.577
35.593	729.105	597.745
35.403	728.604	597.856
35.644	727.579	598.364
35.572	726.898	598.080
35.709	725.435	598.913
35.652	723.512	599.322
35.393	723.307	598.497
35.170	724.295	598.458
34.319	726.399	597.126
34.842	728.189	596.399
35.139	729.413	596.202
35.638	730.015	595.982
35.457	729.900	596.590
35.539	729.758	597.204
35.633	729.912	596.835
35.938	728.939	597.039
35.373	728.901	596.924
35.451	728.211	597.477
35.057	728.620	597.450
35.257	729.566	596.704
35.586	731.429	596.133
35.798	731.349	595.709
35.232	730.994	595.934
35.665	731.563	595.901
35.875	731.359	596.453
35.660	730.399	596.845
35.334	730.045	597.081
35.281	730.091	596.693
35.614	730.590	597.098
35.769	730.943	597.374
35.640	730.892	597.407
35.660	730.752	596.955
35.708	730.878	597.027
35.240	731.333	597.085
35.314	731.524	596.932
35.355	732.086	596.687
35.599	732.309	597.248
35.383	732.627	596.728
35.476	733.703	597.281
35.490	734.134	596.931
36.078	733.253	597.612
35.600	731.404	598.483
34.882	731.536	598.434
35.429	731.513	598.644
35.308	730.846	599.708
34.535	730.003	601.104
35.405	728.693	600.916
35.017	729.327	600.696
34.416	728.919	600.598
34.924	729.246	600.306
34.234	728.868	600.418
34.843	728.534	600.119
34.857	728.652	599.810
35.451	728.843	599.286
35.189	728.545	599.005
35.228	730.183	597.777
35.247	729.917	597.297
35.631	730.001	596.844
35.202	730.345	597.119
35.376	729.503	596.850
35.499	728.922	597.168
34.796	728.255	597.617
34.361	726.221	598.757
33.546	723.792	600.379
33.369	721.771	600.434
32.785	719.114	600.905
34.457	717.606	602.500
34.630	716.610	602.154
34.807	715.725	602.785
34.885	714.298	603.970
34.992	713.121	605.449
34.563	712.867	605.593
35.090	712.667	606.616
34.323	713.459	606.141
34.365	714.121	606.525
33.773	714.805	606.066
31.799	715.812	603.564
33.155	716.162	604.548
34.882	716.757	604.771
34.797	718.434	604.462
34.103	719.098	602.973
34.400	720.458	602.237
33.745	721.448	601.939
34.424	721.500	601.966
33.771	722.364	601.570
34.505	723.365	600.909
34.591	723.562	601.313
34.485	725.721	599.812
34.599	726.788	599.802
34.681	727.094	600.223
34.545	726.110	600.402
34.941	726.122	600.022
34.904	725.484	600.437
34.372	725.154	599.958
32.972	725.323	600.345
33.775	725.858	599.884
34.415	726.471	600.163
34.040	727.081	600.075
34.143	726.809	601.115
33.609	726.761	601.556
33.934	726.500	602.570
33.772	726.318	602.604
33.804	725.647	601.900
34.646	726.113	601.837
34.920	726.605	601.060
35.290	727.944	599.941
34.710	728.199	599.219
33.860	728.579	599.495
34.404	728.945	599.326
34.125	728.857	599.140
34.464	728.673	599.823
35.386	728.183	600.404
34.836	729.222	598.440
35.038	729.275	597.825
35.369	728.487	598.153
34.963	726.942	599.161
34.463	727.324	600.068
34.858	727.360	600.238
34.949	727.706	599.571
34.606	727.842	599.870
34.156	727.974	600.130
33.466	728.521	600.588
33.895	728.955	601.521
34.182	729.002	601.967
34.440	729.199	601.559
34.480	728.622	601.825
34.552	727.899	602.204
34.521	726.822	601.887
34.155	726.146	602.270
34.270	724.583	602.176
34.850	725.128	601.289
34.745	723.937	601.081
34.480	724.589	600.942
34.491	725.236	600.703
34.472	725.449	600.532
34.971	725.390	599.957
35.195	725.885	599.648
35.147	726.250	600.155
35.036	725.506	600.062
35.434	725.818	600.132
35.039	726.768	599.967
35.039	728.094	599.495
35.112	729.382	598.493
35.176	728.793	599.098
34.578	728.845	599.171
34.890	727.948	599.093
34.765	727.991	599.795
35.065	727.719	600.870
34.116	728.745	600.911
33.916	729.887	601.021
33.706	730.716	600.866
34.408	731.532	601.334
34.648	733.125	600.325
34.979	733.899	600.011
34.683	733.723	600.663
35.491	732.715	601.612
34.395	730.896	603.137
33.989	728.705	603.829
34.666	726.799	604.488
34.294	725.783	604.032
33.014	725.393	604.434
32.563	726.028	603.982
33.431	725.811	604.276
33.746	725.228	604.148
33.966	724.445	604.610
33.860	723.576	604.576
34.056	723.614	604.395
32.119	723.731	603.683
33.020	723.141	604.816
33.924	722.333	604.832
34.630	722.228	603.674
34.603	722.531	603.081
34.280	724.326	602.285
34.485	724.231	601.587
32.298	724.561	601.617
32.536	724.769	602.502
33.394	725.251	602.905
31.977	725.347	602.389
29.782	724.182	602.896
29.419	723.527	604.184
29.849	723.042	605.288
29.215	722.112	605.110
29.361	721.654	604.185
29.363	722.397	604.978
29.668	722.713	603.978
29.373	723.219	603.205
28.977	723.082	600.864
28.705	723.814	602.139
28.994	724.313	602.738
30.297	724.713	601.863
30.624	724.151	601.661
31.702	723.895	601.909
33.619	723.466	602.373
33.789	722.201	602.791
33.865	720.724	603.562
34.299	719.768	603.396
33.109	719.117	603.317
33.181	718.161	603.377
34.497	716.996	604.336
34.441	716.779	604.407
34.342	717.304	603.877
32.881	717.842	603.727
32.947	717.912	603.674
32.288	718.784	603.324
31.798	719.368	601.627
30.137	718.481	601.022
29.890	717.950	599.812
29.703	717.112	599.499
29.627	716.806	597.848
29.416	717.164	599.663
29.955	716.781	599.121
30.282	718.332	598.244
30.123	718.635	596.486
31.012	719.599	596.092
30.505	719.703	596.891
30.523	719.802	598.251
30.270	719.843	597.193
29.993	719.746	597.555
30.287	718.794	598.620
30.688	719.184	599.048
30.631	719.917	597.893
30.798	720.302	596.731
30.766	720.347	596.949
29.324	719.964	597.311
29.589	721.422	598.781
30.021	721.109	598.871
30.320	721.491	598.681
30.692	721.240	597.776
31.230	720.491	598.561
32.521	720.252	599.557
31.634	719.935	600.400
31.791	719.861	600.394
30.702	720.370	598.842
29.721	719.884	599.216
30.001	718.716	600.812
29.755	718.614	601.631
29.593	717.863	602.315
30.015	716.588	605.442
30.079	715.646	606.904
30.237	715.413	609.284
30.187	714.270	608.996
30.685	713.587	608.355
30.451	714.835	608.139
30.955	714.071	606.669
30.258	712.333	607.989
30.253	711.162	608.215
30.770	710.320	608.266
30.628	709.830	608.152
30.255	709.975	607.529
30.358	709.445	608.095
29.790	709.751	607.537
30.529	710.150	606.938
30.416	709.029	608.568
30.318	708.462	611.077
30.602	707.581	609.572
30.197	706.989	609.991
30.436	705.927	609.389
30.028	706.119	609.153
30.506	706.481	606.683
30.529	706.734	608.611
30.256	706.807	607.367
30.127	707.889	607.691
30.212	707.403	608.432
30.027	707.828	608.947
29.910	707.974	608.448
30.628	708.157	609.646
30.159	708.697	612.777
29.259	710.546	615.232
30.152	711.032	616.916
29.729	711.952	620.315
30.502	711.391	619.289
29.891	712.067	617.530
30.494	712.002	618.639
30.592	712.480	618.407
29.510	712.467	618.708
30.172	713.752	618.564
29.771	715.642	621.523
30.381	716.437	623.948
30.107	714.717	624.600
30.446	715.286	625.322
30.182	715.030	625.656
30.834	714.683	626.627
31.111	713.984	626.561
31.773	712.984	626.432
32.270	711.522	626.438
32.176	712.311	626.116
33.262	711.126	627.958
34.141	710.079	629.062
31.828	709.434	627.700
30.167	707.754	627.750
30.379	707.531	626.979
30.495	708.684	628.800
29.882	708.046	629.561
30.719	708.863	629.444
30.486	708.560	628.221
30.647	708.117	626.769
29.794	707.642	625.795
30.526	708.148	625.570
30.783	709.562	625.514
31.043	710.697	625.318
30.333	711.950	624.686
30.764	711.118	623.725
30.207	713.005	624.308
30.313	714.217	624.454
30.220	714.191	623.864
30.477	714.656	623.538
30.341	715.549	623.104
30.684	716.094	622.330
30.053	717.501	622.570
30.364	718.061	624.268
29.990	718.353	625.056
30.635	718.857	625.454
30.175	719.380	624.380
30.288	721.759	622.623
30.378	722.767	622.347
30.297	723.817	622.632
30.813	725.309	622.532
30.449	726.629	621.747
30.801	727.902	620.735
31.367	728.124	619.790
32.562	729.088	619.727
32.275	728.638	620.249
32.921	728.992	620.704
33.779	728.792	621.322
34.200	728.198	621.533
34.354	729.125	621.808
34.349	730.021	622.146
33.262	730.411	621.863
34.467	730.245	623.407
33.998	729.552	624.247
34.556	730.620	624.708
35.644	730.685	625.165
35.440	729.649	625.006
35.557	728.805	625.470
35.885	728.400	625.456
35.245	728.405	625.134
34.949	728.014	626.085
34.268	728.695	627.188
34.790	727.875	627.501
35.104	728.205	629.236
34.441	728.631	630.079
35.216	730.543	630.348
35.603	731.870	630.978
35.672	731.881	631.383
35.675	732.553	630.568
35.808	732.977	630.470
35.873	732.110	628.986
35.846	732.176	627.663
36.101	732.280	627.546
35.597	733.057	626.447
35.814	733.342	626.177
35.927	733.249	626.135
34.965	733.006	627.234
35.268	732.961	628.556
35.275	732.996	629.883
35.607	734.549	630.362
34.967	736.718	631.513
36.114	738.071	630.406
35.722	738.141	629.455
35.740	737.973	628.685
35.932	738.120	628.917
35.408	739.150	628.718
35.588	738.723	629.210
35.632	738.309	630.207
35.459	735.424	630.489
36.181	733.556	629.867
36.050	733.718	629.239
36.047	733.320	629.089
35.909	732.203	629.529
35.661	732.139	630.508
35.940	731.277	632.077
35.757	731.054	630.919
35.614	731.027	630.949
35.495	730.542	631.896
35.522	731.200	631.990
35.513	730.745	632.084
36.061	731.602	631.403
35.565	731.506	631.931
35.569	729.850	633.092
35.725	728.529	633.598
35.709	727.827	634.879
35.656	727.643	634.940
35.501	727.824	635.006
36.066	726.839	635.509
35.355	726.212	635.793
36.025	725.115	636.036
35.705	724.555	636.113
35.726	725.642	635.133
35.483	728.280	633.440
35.583	729.368	632.119
35.673	731.958	630.539
36.023	734.516	628.800
35.534	736.467	628.579
35.636	738.479	627.459
36.109	738.223	626.201
35.820	736.871	624.541
36.202	737.154	624.226
35.882	738.739	623.016
35.313	738.842	623.956
36.454	738.771	624.746
35.907	738.776	625.003
35.539	737.970	625.923
36.054	737.448	626.494
35.804	736.124	626.385
35.768	734.328	626.313
35.868	732.244	628.116
35.651	730.401	629.019
36.166	729.227	630.425
35.926	728.809	631.117
35.872	728.792	631.451
35.364	729.332	631.161
35.475	729.561	631.378
35.392	728.565	632.157
35.734	728.303	632.148
35.209	727.555	632.725
35.922	726.678	633.813
35.616	725.789	633.758
35.593	725.160	633.728
35.952	725.349	633.444
35.639	724.378	633.126
35.649	723.419	633.375
34.948	723.651	634.104
35.795	723.982	634.460
34.688	725.161	635.148
35.449	725.594	636.402
35.042	727.120	636.699
35.874	726.201	637.996
35.242	725.996	638.641
36.046	726.014	638.836
35.599	727.353	638.140
35.572	728.611	637.912
35.769	729.203	638.264
35.876	728.477	638.716
35.573	729.300	637.585
35.364	728.476	637.039
36.173	729.321	635.081
35.515	729.468	634.522
35.587	731.892	632.883
35.465	732.839	632.079
35.915	733.944	631.233
35.848	735.029	629.936
35.567	735.599	630.481
35.316	736.662	630.591
35.660	737.385	631.512
36.161	736.319	632.131
35.927	736.300	632.249
35.789	736.040	631.270
35.802	734.548	631.356
35.611	734.320	631.526
35.998	733.893	632.127
36.186	735.162	630.557
35.424	735.342	630.701
35.765	734.056	632.016
35.885	734.263	632.854
35.192	735.249	633.199
35.631	733.698	633.581
35.737	733.583	633.752
35.280	734.407	633.315
35.655	733.939	633.767
35.227	733.239	635.025
35.827	732.539	635.177
35.918	732.916	634.718
35.867	732.270	634.957
35.621	731.948	634.038
35.345	730.080	633.496
35.517	728.339	634.333
36.260	726.890	635.821
36.030	726.861	636.719
35.837	727.500	637.058
35.800	726.223	638.495
35.860	726.282	639.010
35.486	726.225	639.241
35.812	726.513	639.178
35.839	726.983	639.412
35.431	727.665	639.137
35.944	728.213	639.396
35.876	728.179	639.349
35.598	727.461	640.509
35.610	727.182	641.237
35.765	727.391	639.613
35.608	728.304	638.748
35.428	729.127	637.833
35.817	729.094	637.811
35.646	728.384	637.919
35.843	727.852	637.433
36.121	727.163	636.933
35.359	727.284	635.607
35.556	726.817	635.914
35.745	727.711	636.620
35.814	727.904	637.604
35.362	727.935	639.160
35.097	728.334	640.169
35.140	728.111	641.056
35.488	728.080	641.387
35.605	727.728	641.442
35.944	727.599	640.965
35.768	728.309	641.505
35.769	727.804	642.131
35.752	730.260	639.716
35.415	731.924	637.971
35.326	731.479	638.339
35.211	731.234	638.325
35.392	730.780	638.289
