33.160	730.638	552.143
32.668	731.432	551.348
33.422	731.774	550.900
32.972	730.677	552.888
32.559	730.626	553.798
32.258	731.246	553.424
32.880	731.175	552.809
32.560	731.659	552.002
32.911	733.547	551.697
32.662	733.089	553.703
32.569	732.269	554.466
32.666	731.579	554.495
32.762	732.889	553.080
32.569	732.305	554.720
32.510	732.139	553.030
31.609	732.762	549.227
33.235	734.509	548.080
33.646	735.165	548.495
33.196	734.292	550.314
33.049	731.757	552.171
32.552	730.975	551.991
32.678	730.370	553.281
32.130	730.293	551.272
32.629	729.534	550.009
32.511	728.469	550.671
32.264	728.223	549.605
33.092	727.838	549.457
33.048	728.270	549.585
32.918	728.116	550.620
33.302	727.582	551.914
32.909	727.612	551.091
33.059	726.893	550.529
32.919	727.967	549.868
33.056	727.539	550.708
33.280	727.412	551.909
33.279	727.523	552.119
32.804	729.099	551.433
33.092	728.684	549.893
33.329	729.122	550.389
33.383	727.572	551.311
33.193	727.501	552.956
33.486	728.567	554.603
33.019	729.778	555.016
33.397	731.180	554.654
33.289	732.731	552.474
33.248	733.479	552.286
33.070	733.056	551.311
32.617	732.602	550.260
32.773	731.501	550.461
33.221	730.886	550.265
32.786	729.763	551.349
33.574	729.230	551.694
32.742	728.951	551.318
33.059	729.278	549.350
33.322	728.906	549.707
32.299	730.770	549.762
32.346	732.516	549.180
32.812	732.153	550.226
32.965	732.146	551.327
32.567	732.842	550.804
32.032	733.405	550.926
31.962	733.766	549.737
31.838	734.813	550.264
31.230	735.566	548.249
31.443	735.187	548.175
31.967	734.389	548.790
31.870	734.745	547.342
32.093	733.854	547.577
32.484	732.914	550.481
32.778	731.883	552.778
32.313	732.396	552.179
32.362	733.213	550.558
32.443	734.317	551.275
32.597	735.071	551.378
32.666	733.012	553.556
33.062	732.440	554.695
32.223	732.049	552.875
32.603	731.566	552.609
32.494	731.802	553.261
32.806	732.066	553.215
32.707	732.991	552.548
32.892	733.314	552.210
32.627	733.659	551.135
32.876	734.776	550.881
32.605	733.800	551.215
32.674	732.855	552.176
32.737	731.886	552.797
32.314	731.039	551.988
32.683	731.733	551.227
32.747	732.018	550.257
32.430	732.705	549.386
32.520	732.216	549.737
32.619	731.701	550.612
32.416	732.955	548.629
32.498	733.215	547.321
31.887	731.998	545.724
32.360	730.533	548.284
32.557	730.315	548.837
32.529	729.776	548.637
32.493	730.992	548.537
32.742	731.306	550.844
32.677	731.888	552.942
32.441	733.618	551.133
32.518	733.190	551.368
32.953	732.390	553.147
33.176	732.202	553.684
32.338	732.251	552.683
32.253	732.322	550.854
32.572	732.991	550.147
32.618	734.399	550.435
32.243	733.425	551.119
33.074	733.131	552.157
32.727	733.404	552.926
32.624	732.033	554.722
32.508	731.825	553.136
32.221	731.824	552.038
32.175	731.325	552.869
32.051	729.782	551.918
32.258	729.714	553.058
32.583	731.037	553.373
32.918	730.773	554.077
32.616	730.684	553.566
32.799	732.085	553.627
32.614	731.626	555.151
32.573	732.323	554.241
32.291	732.411	553.637
32.301	732.719	551.567
33.016	732.364	554.452
32.469	732.633	554.913
32.531	732.985	555.165
32.437	732.638	554.979
31.887	732.346	554.047
32.309	732.702	553.202
32.422	733.711	553.167
32.414	733.694	553.784
32.528	733.098	554.579
32.391	731.845	554.339
32.552	731.861	552.088
32.320	732.160	552.632
32.538	731.915	553.223
33.056	733.322	552.469
32.784	732.887	553.871
32.781	734.265	553.416
32.300	732.774	553.331
32.464	731.650	554.074
31.934	730.735	553.066
32.047	730.710	552.582
31.912	731.759	551.506
31.698	732.306	551.661
32.300	733.874	549.215
32.266	734.725	548.401
32.849	734.400	550.263
32.244	733.591	550.868
32.031	732.363	551.825
32.501	732.835	552.746
32.378	734.296	552.333
32.346	733.857	552.725
32.076	733.743	551.464
32.433	733.634	551.383
32.506	733.320	551.274
32.804	733.033	553.553
33.546	731.920	556.155
32.754	731.238	556.118
32.716	731.335	555.095
32.014	733.489	552.624
32.415	734.082	552.429
32.808	734.347	551.074
32.718	734.079	551.412
32.561	734.107	550.851
32.903	735.039	551.625
32.860	735.559	552.579
31.913	736.129	552.559
31.713	737.054	553.379
32.293	737.443	552.185
31.955	736.521	551.877
32.485	735.553	551.209
32.620	734.580	551.971
32.285	736.806	551.276
33.192	736.359	550.102
32.990	734.290	551.391
32.598	733.814	550.151
32.362	733.193	550.572
31.970	732.510	550.984
32.006	731.666	550.915
32.665	732.921	551.840
32.716	733.043	553.767
32.596	733.283	555.052
32.266	732.685	555.098
32.767	731.487	555.987
32.232	732.089	554.798
32.035	731.671	553.566
32.862	731.452	554.143
32.414	731.453	554.380
32.780	730.836	555.735
32.798	731.118	555.907
31.975	731.789	556.065
32.417	733.570	554.607
32.281	732.801	554.753
32.123	732.055	554.164
32.258	732.631	552.298
32.617	733.005	553.619
32.385	733.579	551.106
32.155	733.953	549.409
32.714	733.597	550.205
32.814	731.824	552.722
32.732	732.728	552.523
32.501	732.539	552.919
32.568	731.693	554.351
32.526	731.753	554.696
32.105	731.825	555.489
32.395	732.552	553.504
32.213	732.125	553.154
32.489	732.609	552.474
32.472	733.259	552.630
32.474	732.133	553.263
32.213	732.115	552.665
31.703	732.694	550.121
32.682	733.527	549.529
33.217	735.386	549.911
33.161	732.744	551.747
32.638	731.183	555.022
32.237	731.067	554.262
31.997	730.874	553.036
32.386	731.204	553.529
32.618	730.879	555.085
31.924	731.549	554.490
32.212	731.195	553.495
32.464	730.711	554.451
32.383	730.953	554.583
32.124	730.947	554.000
31.837	730.229	551.950
32.258	730.374	553.419
32.198	731.357	552.708
32.280	731.867	553.343
32.752	731.513	554.625
32.390	732.404	554.429
31.965	732.648	551.988
32.119	732.584	552.926
32.249	733.140	552.168
32.291	732.068	553.309
32.292	732.086	553.462
31.913	733.032	550.915
32.424	732.453	553.582
32.479	732.459	554.440
32.218	733.357	553.454
31.860	734.617	551.801
31.995	732.995	552.724
31.827	733.562	551.258
32.206	732.732	552.138
32.276	732.541	553.965
32.641	734.283	552.551
32.542	732.911	554.093
32.624	734.593	554.335
32.865	734.939	554.407
32.573	734.962	554.751
32.218	734.671	555.506
32.740	734.991	556.121
32.857	733.469	556.509
32.355	733.637	558.544
32.501	734.679	558.224
32.699	733.877	559.137
32.278	735.020	557.074
32.482	735.639	557.227
32.155	735.291	557.646
31.906	733.992	556.492
32.343	733.318	555.414
32.807	733.813	554.630
32.572	734.471	553.330
32.859	732.929	554.247
32.147	732.429	553.491
32.305	730.773	553.256
32.268	730.446	554.037
32.185	730.852	552.163
32.294	729.881	552.494
32.477	729.498	553.369
32.538	730.194	553.098
31.865	731.630	554.417
32.725	733.706	553.620
32.702	735.018	553.297
32.296	735.021	553.704
32.699	735.045	554.642
32.385	735.425	556.596
32.607	735.023	558.187
31.706	735.418	557.000
32.050	734.630	556.889
32.828	734.603	557.293
32.263	733.595	557.097
32.012	734.173	556.419
32.733	733.831	557.797
32.326	734.456	556.845
32.485	734.298	556.919
32.908	733.523	556.758
32.148	733.296	556.689
32.609	732.913	557.230
32.660	732.378	556.344
32.542	731.439	556.193
32.406	730.377	554.758
32.565	730.566	554.274
32.442	730.669	554.392
32.287	731.545	554.780
32.552	732.866	555.544
32.056	733.601	553.415
31.515	732.948	551.881
32.372	733.304	551.759
32.202	733.796	551.601
32.658	734.935	551.246
32.979	734.512	552.371
32.551	734.528	553.117
32.576	734.625	552.599
32.670	733.591	553.366
32.018	733.187	551.152
31.703	735.196	550.320
32.243	735.530	548.299
32.304	734.437	548.527
31.989	733.581	549.260
32.465	733.393	550.323
32.914	733.095	551.863
32.806	733.614	552.232
32.563	734.694	551.869
32.720	734.965	551.601
32.428	734.020	552.397
32.623	732.415	554.598
32.004	732.133	553.501
32.609	733.291	551.595
32.674	734.095	552.480
32.646	733.856	553.492
32.130	733.753	552.864
32.248	734.154	552.492
32.145	733.570	551.789
32.142	733.176	552.987
32.193	732.755	554.256
32.055	733.401	552.698
32.037	733.026	552.856
32.160	732.518	551.930
31.912	732.737	550.665
32.370	732.161	551.680
32.254	731.398	553.832
32.437	730.993	554.406
32.413	731.188	554.842
32.302	731.598	554.212
32.526	733.627	553.033
32.540	732.099	555.105
32.257	731.967	554.893
31.945	732.188	551.972
32.208	732.553	552.315
32.587	733.293	552.880
32.497	731.826	554.540
32.285	731.934	554.569
31.971	733.207	552.042
31.990	732.399	552.353
32.216	730.899	553.166
32.952	730.191	553.237
32.381	729.853	552.572
32.472	729.289	552.723
32.002	728.797	553.419
32.221	728.299	554.141
32.310	729.768	552.356
32.445	730.412	552.998
31.888	730.426	554.262
32.136	730.501	553.483
32.682	730.566	554.221
32.556	732.086	553.457
32.997	731.838	556.126
32.419	730.883	557.235
31.985	733.337	554.433
32.101	734.340	552.827
32.703	734.963	553.108
31.787	736.173	552.891
32.258	736.203	553.836
31.860	735.702	554.738
32.220	736.380	553.896
32.812	735.290	554.139
32.924	736.154	554.274
32.660	734.662	555.757
32.561	735.786	556.027
31.589	735.027	554.342
32.258	734.519	551.641
31.799	734.709	551.111
32.490	734.981	551.214
32.816	734.942	552.686
32.110	735.958	553.399
31.880	736.387	552.342
32.877	734.858	553.739
32.581	735.889	553.162
32.297	734.831	553.777
32.503	734.313	554.757
33.065	733.050	556.651
32.361	733.542	556.468
32.778	733.320	557.092
32.379	734.312	557.078
32.639	733.659	557.291
32.433	733.691	557.313
32.505	734.213	556.226
32.890	736.041	554.219
32.797	733.869	556.051
32.057	735.051	554.000
32.439	736.042	552.883
32.011	735.394	551.914
32.162	733.774	551.903
32.319	732.674	552.921
32.262	731.293	553.264
31.806	730.751	552.493
32.095	730.935	552.540
32.153	732.248	552.708
31.988	733.691	552.284
31.754	732.882	553.180
32.055	732.521	553.018
32.260	733.988	552.409
32.000	735.152	551.835
31.872	733.351	551.867
31.464	732.223	551.248
32.092	731.478	551.943
31.652	732.314	552.083
32.426	731.966	553.780
31.972	731.908	554.130
32.250	731.542	555.295
32.836	731.741	556.174
31.992	731.463	555.381
31.830	731.407	553.643
32.069	731.661	554.162
32.439	731.576	555.733
32.815	731.074	557.327
32.751	731.029	556.502
32.871	730.016	557.527
32.668	730.053	558.184
32.391	730.393	557.573
32.253	730.933	556.142
31.665	732.408	553.433
32.300	730.767	553.604
31.833	731.503	552.381
32.014	730.992	553.071
32.029	729.994	553.699
31.702	730.684	552.913
31.481	731.132	551.836
32.945	730.391	553.699
32.120	729.616	555.877
32.232	729.917	554.651
32.909	729.462	556.717
31.619	729.337	555.765
32.442	728.590	556.117
32.280	729.036	555.337
31.940	729.024	554.528
31.921	730.452	554.193
31.774	731.236	552.942
32.182	733.608	552.180
31.888	734.158	551.546
32.568	733.069	553.998
32.246	733.486	553.448
32.700	733.436	554.206
32.251	734.083	553.234
32.357	733.685	554.445
31.763	734.480	554.209
32.442	736.845	553.744
31.855	735.586	554.824
31.735	736.703	554.164
32.460	736.756	555.621
32.086	736.634	557.297
32.667	735.452	559.239
31.673	737.269	555.914
31.730	737.825	556.188
31.163	738.184	555.915
31.181	736.776	553.451
31.787	735.985	552.342
32.048	735.270	552.513
32.165	735.524	552.134
32.764	734.152	553.895
31.653	736.110	550.631
31.746	734.762	550.149
32.937	736.035	549.550
32.710	736.441	550.272
32.621	735.515	551.692
32.983	735.866	553.354
33.008	733.882	556.211
31.485	734.535	556.637
32.029	734.169	556.772
32.171	733.832	558.836
31.904	734.220	559.232
31.990	735.534	558.447
31.969	736.943	556.525
31.229	735.219	555.870
32.008	734.103	555.645
32.662	734.638	557.199
32.252	733.758	557.021
32.193	733.780	557.543
31.883	733.501	556.528
32.162	732.946	556.566
32.058	732.855	556.733
31.861	734.266	556.596
32.564	734.420	557.610
32.473	733.154	558.995
31.838	731.688	559.029
31.989	732.025	557.985
32.300	734.014	557.344
31.653	734.551	557.032
32.134	736.070	556.157
31.789	734.111	555.081
31.913	732.965	553.837
32.250	732.958	552.862
32.334	733.146	553.827
32.528	732.122	554.679
31.950	732.014	554.286
32.579	731.331	555.302
31.962	731.036	554.839
32.487	732.473	553.936
32.312	734.883	553.238
32.733	736.906	553.771
32.155	735.460	556.099
31.655	735.489	555.362
32.157	736.287	554.702
31.734	734.846	554.348
32.439	733.574	556.100
31.528	733.940	555.563
32.236	733.559	556.436
32.144	733.127	556.694
31.802	733.463	555.502
31.700	732.664	554.109
31.182	732.928	552.749
32.089	732.725	552.961
31.470	733.599	549.732
31.722	732.874	551.476
32.376	731.444	553.994
31.897	731.258	553.157
31.560	730.323	552.427
31.723	731.423	550.831
31.849	733.123	551.130
31.963	733.499	551.233
31.712	734.357	551.735
32.073	736.320	552.871
32.264	736.341	552.884
31.600	736.011	552.026
31.834	734.443	552.480
31.458	733.174	551.233
31.577	732.241	551.551
31.795	731.715	551.409
31.788	731.455	551.349
31.791	730.494	553.321
31.717	731.746	553.773
32.117	733.446	553.651
31.612	733.443	553.123
32.327	734.892	552.709
32.147	734.397	553.978
31.812	734.286	552.453
31.402	733.462	551.855
31.686	732.785	551.908
31.697	732.178	551.827
32.151	732.263	550.479
31.968	732.765	549.675
32.422	733.885	550.609
32.356	734.657	551.878
31.803	734.649	552.683
32.109	732.512	553.478
32.281	731.346	554.736
32.060	730.534	555.264
32.025	731.199	553.798
32.185	732.159	553.723
31.602	733.040	552.598
31.700	732.828	552.627
31.667	733.495	552.001
32.087	733.305	552.408
32.576	732.306	553.359
32.526	732.318	554.284
32.264	731.685	554.655
32.356	731.594	554.727
32.579	731.409	557.287
32.260	731.274	556.391
32.151	732.275	556.212
32.093	733.005	555.724
31.252	733.619	552.956
31.816	732.993	551.771
32.418	731.577	553.267
31.837	732.611	552.488
32.442	734.348	552.689
32.255	734.891	551.706
31.599	735.435	552.016
32.368	735.078	551.561
32.376	733.650	553.224
32.300	733.972	553.162
32.267	732.888	555.747
31.702	733.600	555.828
31.827	736.010	554.052
31.406	735.533	553.181
31.938	734.879	554.316
32.402	734.509	555.108
32.169	734.225	555.165
32.218	734.728	556.395
32.563	734.426	555.958
32.277	733.252	556.903
31.855	731.942	554.965
32.170	732.078	556.190
32.187	733.744	555.407
32.322	734.560	556.233
32.008	734.651	555.840
31.680	735.731	554.088
31.573	736.856	552.084
31.955	736.400	551.332
31.708	735.920	550.426
32.676	736.385	549.960
32.694	734.469	551.870
31.978	732.895	552.694
31.726	732.739	553.493
32.135	734.384	551.912
31.673	733.381	550.062
31.735	734.012	549.148
32.483	734.279	548.959
32.297	733.058	551.357
31.882	734.379	551.922
32.323	735.457	551.892
31.613	733.780	552.604
31.761	734.239	551.791
32.021	735.188	551.669
31.957	734.989	553.405
31.642	735.257	552.793
31.587	734.225	552.248
31.826	733.905	551.754
32.016	733.184	552.350
32.584	731.836	554.122
31.609	733.534	552.096
31.694	734.248	551.659
31.836	734.020	552.321
32.021	734.760	552.282
30.853	734.839	550.631
31.321	734.347	551.185
31.794	735.048	551.317
32.176	735.213	553.045
32.136	734.101	553.837
31.912	735.160	552.852
31.496	734.843	550.947
30.872	736.198	547.746
31.360	736.193	547.750
31.637	735.368	549.123
31.799	734.816	549.285
31.873	733.912	551.781
31.597	733.910	551.812
31.685	733.090	552.337
31.920	732.137	554.842
31.398	733.065	553.663
31.568	733.022	552.929
31.467	734.033	549.764
31.726	734.818	550.720
31.203	735.909	549.939
31.492	735.204	550.104
31.845	734.794	550.355
32.507	733.477	552.291
32.350	732.092	554.745
31.999	732.242	555.096
31.308	733.485	552.875
32.100	733.610	552.615
31.578	734.316	554.247
31.665	734.586	554.649
31.446	734.076	553.770
31.942	734.854	554.804
32.001	734.381	555.733
31.433	735.084	554.995
31.607	734.181	554.032
31.625	733.448	553.110
31.660	734.999	551.502
31.453	734.903	552.076
31.791	733.474	553.743
32.135	731.934	555.283
32.714	730.689	557.502
32.105	730.619	558.118
32.101	731.147	557.587
31.712	731.299	556.415
31.721	731.416	555.231
31.450	732.308	552.477
31.555	732.051	552.991
31.778	732.464	552.801
31.691	731.643	553.797
31.728	731.432	554.194
31.791	732.441	552.798
31.690	735.411	551.410
32.234	734.720	553.471
31.885	734.699	553.779
31.680	736.027	553.626
31.793	737.783	552.870
31.906	737.347	553.131
32.179	736.316	552.431
31.540	735.484	551.427
32.037	735.057	551.128
31.601	733.997	550.189
31.779	735.041	548.591
31.686	735.841	547.759
32.139	735.132	548.574
32.180	733.488	550.379
31.632	732.935	548.485
32.031	732.050	548.038
31.697	731.446	548.901
31.943	731.518	549.041
32.114	731.264	549.892
31.871	732.232	548.763
31.893	733.269	548.916
31.654	734.424	547.926
31.626	733.839	547.187
32.352	732.638	548.843
31.515	734.029	548.279
32.312	733.959	549.872
32.044	735.792	549.335
32.702	734.922	551.610
32.480	735.451	552.194
31.882	735.577	551.462
31.766	735.297	551.947
31.930	735.998	551.649
31.984	736.617	551.218
32.102	734.730	552.537
31.863	734.261	553.072
31.753	734.138	552.487
32.145	733.454	553.840
32.165	734.358	553.224
32.006	735.579	552.610
31.879	736.401	553.134
31.393	738.147	551.090
31.971	737.075	551.988
32.402	736.930	552.164
32.191	736.619	553.047
32.147	735.247	553.768
31.338	734.122	551.982
31.945	734.133	551.747
31.969	734.459	551.061
32.412	732.953	553.746
31.597	733.682	551.988
31.552	734.029	551.398
32.073	734.558	550.844
31.762	734.569	551.785
31.929	732.966	555.243
31.957	733.599	555.269
31.566	734.069	554.573
31.852	734.158	554.298
31.629	735.126	553.005
31.830	734.934	553.645
31.675	734.178	553.624
31.976	733.904	555.207
31.938	735.913	555.404
32.034	735.909	555.725
31.511	737.003	555.706
31.843	735.682	556.623
31.710	736.061	557.868
31.630	735.820	557.696
31.195	735.089	556.339
31.884	735.050	554.609
31.550	734.240	554.824
32.114	733.437	555.097
32.527	734.457	554.487
32.510	733.188	555.648
32.840	732.569	557.816
32.213	733.438	557.514
31.736	734.032	556.279
31.839	734.495	556.253
32.088	733.701	558.019
31.945	735.304	559.625
32.878	734.487	561.302
32.164	733.270	560.965
31.411	733.724	558.036
31.175	734.279	556.843
31.723	735.122	556.318
32.640	734.586	557.462
31.659	734.727	557.199
32.426	734.125	557.199
32.170	733.984	558.053
31.849	734.697	556.470
32.306	733.966	557.497
32.334	733.002	557.790
32.172	732.891	556.972
31.756	733.089	556.668
31.645	733.719	555.390
31.549	734.689	555.231
31.872	734.260	556.543
31.664	734.735	553.560
31.634	732.825	554.270
31.894	732.561	553.604
32.011	733.580	553.791
31.378	733.937	551.820
31.852	734.468	549.876
31.558	733.944	551.347
32.166	735.045	551.274
30.936	732.925	551.333
32.490	731.329	552.495
31.980	729.970	552.736
31.674	730.343	553.441
31.408	730.936	552.263
31.262	732.258	551.832
31.478	731.864	552.771
31.807	732.354	554.083
31.776	732.709	554.189
31.578	733.016	551.952
32.089	731.800	554.129
31.635	733.042	554.910
32.105	733.003	555.636
31.850	733.390	554.626
32.085	733.737	553.948
32.061	734.672	552.661
31.667	735.245	552.122
31.993	734.842	552.007
31.995	735.420	553.826
31.348	734.697	553.194
31.547	735.366	551.065
32.355	734.867	551.500
31.761	733.819	551.552
31.824	733.752	551.682
31.458	735.464	551.436
31.515	735.660	551.371
32.436	736.372	551.146
32.303	736.436	550.677
31.847	735.804	551.309
31.755	736.839	551.531
32.835	736.653	553.660
32.683	736.433	556.028
32.045	735.033	557.522
31.402	735.842	555.950
31.430	736.177	553.693
31.708	738.243	554.150
31.694	739.049	552.898
31.844	737.705	552.162
32.712	736.290	553.636
32.165	734.925	554.918
31.422	736.197	553.862
32.701	736.326	555.025
31.893	736.353	555.243
32.011	735.737	554.874
31.862	736.692	552.317
32.069	736.436	551.568
32.289	737.178	551.128
32.567	736.753	552.694
32.592	736.197	553.948
31.954	734.087	554.508
32.298	734.685	556.132
32.875	734.278	558.301
32.233	734.670	557.816
31.251	734.591	556.025
31.895	733.965	554.953
32.380	733.512	554.602
31.891	733.219	553.972
32.125	733.182	553.006
31.881	733.582	551.590
32.734	733.797	552.812
32.754	734.960	553.011
32.246	734.559	552.794
31.856	735.082	551.673
32.223	732.808	553.189
31.512	732.996	551.030
31.989	734.440	550.310
32.210	734.016	550.721
32.376	734.466	552.557
31.982	732.678	552.746
32.171	733.472	552.779
32.333	733.340	552.689
32.461	733.317	553.313
32.419	732.188	554.489
31.785	733.103	553.761
32.119	735.010	551.966
31.585	737.017	552.914
32.694	736.811	554.000
31.787	735.529	555.262
30.792	736.499	552.207
31.511	734.793	552.767
32.002	734.584	553.272
31.338	733.861	553.058
32.239	733.209	554.681
32.151	733.086	554.393
32.002	733.244	552.818
32.429	733.149	554.367
32.246	733.146	554.617
31.915	733.247	553.931
31.541	733.221	552.606
32.075	734.250	550.497
31.690	734.385	548.451
32.240	732.062	550.452
31.616	732.970	548.874
32.113	734.080	548.673
32.115	734.362	549.191
32.216	734.763	549.779
31.646	734.459	550.387
32.233	735.445	549.996
32.040	734.468	551.636
31.809	734.397	551.701
31.955	734.979	552.140
32.065	737.112	552.376
31.446	736.930	551.291
31.738	735.216	551.845
31.011	734.982	550.475
31.858	735.019	550.834
32.853	733.103	554.005
32.110	733.501	554.729
32.323	734.128	557.055
32.568	733.331	558.316
32.708	732.790	560.023
32.264	733.119	562.109
31.828	732.632	562.057
31.752	731.369	560.896
31.823	730.444	561.162
31.485	730.306	561.083
31.822	731.793	559.131
31.790	732.971	558.530
31.302	733.576	557.900
31.996	735.380	557.184
32.124	735.675	557.739
31.787	735.249	557.061
31.919	734.576	557.220
31.291	735.732	555.029
32.380	734.829	556.576
31.924	734.851	556.119
32.108	735.605	553.656
31.911	735.948	554.611
31.994	735.826	555.922
31.868	737.233	555.697
31.818	735.720	557.376
32.322	735.282	556.990
31.909	733.794	556.670
31.764	736.402	556.472
31.471	737.836	555.466
31.298	738.462	555.335
31.067	738.757	553.596
31.389	738.827	553.477
32.044	739.027	552.801
32.921	736.793	555.738
31.770	735.249	557.088
31.787	736.399	556.345
31.618	737.067	554.659
31.532	736.778	554.442
32.248	736.253	555.967
32.194	735.277	557.034
31.540	735.684	554.627
32.103	734.819	553.420
32.446	735.471	555.958
31.858	735.843	555.884
32.109	734.060	557.006
31.709	734.410	555.804
31.563	733.150	553.943
32.211	731.901	553.540
32.633	732.735	553.103
32.306	733.434	553.430
32.402	732.956	555.038
32.281	733.767	555.893
32.037	734.480	557.145
31.563	735.974	555.219
32.545	734.799	555.245
32.290	734.492	556.050
32.026	734.503	556.267
31.940	734.970	555.519
32.417	735.786	557.789
32.661	735.241	559.867
32.396	735.029	559.783
32.528	736.195	561.018
32.681	735.661	559.786
31.374	735.972	556.008
31.279	735.579	553.264
31.466	734.794	553.185
32.322	734.752	553.607
31.830	734.867	554.892
31.651	736.286	553.563
31.783	735.601	552.098
32.502	737.206	552.443
32.011	736.271	552.543
31.752	735.586	551.515
31.550	736.570	551.122
32.124	735.998	551.772
31.773	735.492	551.199
32.352	734.552	553.316
32.231	734.694	552.953
32.190	734.297	553.399
32.564	735.922	552.342
31.975	735.867	552.528
32.442	736.078	555.901
32.027	735.141	556.128
31.854	734.505	554.643
32.423	734.314	554.864
32.450	733.607	553.831
32.286	733.277	553.102
32.819	733.105	554.242
32.868	732.832	555.476
32.988	732.324	556.675
33.004	732.330	557.644
32.333	733.116	557.995
31.996	734.748	556.531
32.297	734.929	557.296
31.587	734.615	556.036
31.865	735.011	555.737
32.306	735.927	555.874
31.558	736.999	554.727
30.884	738.133	552.533
31.452	737.124	553.310
30.986	738.218	551.910
31.634	737.683	551.777
32.363	736.312	553.909
31.808	737.058	551.627
31.642	738.184	550.346
31.804	737.423	551.520
32.096	738.212	551.017
32.393	736.712	551.545
31.564	736.134	550.805
32.181	735.985	550.536
32.441	736.069	550.476
32.303	736.401	550.611
32.436	735.458	552.549
31.462	735.959	550.095
32.146	734.846	549.555
32.045	733.816	551.202
31.713	733.291	551.562
31.938	734.716	550.107
31.748	736.353	550.641
31.985	735.610	553.230
31.996	736.369	553.947
32.012	737.293	554.509
31.577	737.159	555.133
31.520	737.625	554.766
31.706	736.879	555.791
31.617	736.014	555.243
31.467	737.653	553.651
31.473	737.654	553.488
32.052	735.622	554.700
31.300	736.694	553.506
31.938	737.145	553.773
31.651	736.870	553.731
32.004	735.520	555.716
32.140	735.917	554.852
32.197	737.267	555.603
31.943	735.680	556.570
31.470	735.619	555.059
32.071	733.305	555.546
32.036	733.171	554.875
32.110	731.816	555.791
32.327	731.835	556.152
32.250	731.312	556.490
32.200	730.427	557.453
32.247	729.882	557.700
32.177	730.958	556.955
32.174	731.142	556.360
32.057	732.020	555.552
32.594	732.730	556.649
32.338	733.147	558.021
32.499	733.115	561.085
32.446	733.968	561.648
31.936	734.346	559.687
32.013	734.712	558.786
31.373	736.226	555.383
31.826	734.852	555.783
32.140	734.614	556.002
32.131	735.159	556.604
32.158	735.704	557.937
32.008	736.190	558.478
31.221	735.582	556.371
31.816	735.528	556.051
31.694	736.924	555.625
31.424	734.833	555.410
32.070	734.965	555.474
32.414	733.223	556.775
32.886	732.340	557.127
32.520	731.171	558.921
32.244	730.548	559.321
31.659	731.799	556.782
31.672	732.491	554.942
32.369	731.706	554.821
32.208	732.688	554.299
31.369	734.065	550.361
31.972	733.385	552.252
32.050	732.887	551.669
31.406	732.841	549.818
31.547	733.223	550.329
31.867	731.724	551.504
32.433	731.173	553.606
31.691	730.672	553.093
31.738	730.906	552.794
32.267	730.219	555.779
32.559	729.851	556.720
32.174	730.222	557.798
32.020	730.355	558.105
32.099	729.914	557.203
32.055	730.124	558.554
31.756	730.733	558.994
31.582	731.323	556.924
32.473	730.864	557.401
32.359	730.648	556.490
31.551	732.668	555.981
31.537	733.959	557.959
31.431	735.199	556.712
30.790	734.759	554.917
31.474	735.633	554.169
31.877	735.800	555.409
31.367	735.323	555.680
31.821	734.288	554.451
32.118	733.168	555.106
31.574	732.559	554.627
32.110	733.076	554.868
31.855	734.939	555.792
31.271	734.968	556.092
31.625	735.772	556.700
31.775	735.397	557.060
31.337	735.470	557.267
31.340	735.276	556.411
32.441	733.982	557.879
32.033	734.219	557.115
31.429	734.473	557.017
31.134	734.799	555.046
31.446	733.669	555.404
32.025	733.993	555.382
31.688	734.312	554.529
31.192	736.445	552.422
31.189	736.795	551.051
31.371	737.221	551.481
31.162	736.561	551.548
31.084	737.041	550.863
31.121	736.143	550.787
32.172	736.649	550.598
31.460	735.571	551.866
31.346	734.138	553.468
32.084	735.056	553.088
31.988	734.273	555.366
31.716	733.937	554.348
30.779	735.800	553.813
31.400	736.250	555.358
31.899	736.736	556.356
31.083	737.499	557.276
31.022	737.978	558.079
31.115	738.150	557.859
30.941	737.394	557.283
30.451	738.861	554.562
31.659	737.468	556.008
31.547	736.807	554.891
32.075	735.715	556.560
31.233	736.099	557.532
31.196	737.378	557.942
31.142	737.901	556.823
30.895	737.861	555.113
31.114	735.982	556.186
31.510	734.177	556.267
31.768	732.819	556.347
32.181	732.239	556.837
32.051	731.080	557.575
31.585	730.681	557.715
31.652	730.938	556.010
31.125	730.895	555.638
31.639	732.278	555.367
31.310	732.150	553.950
31.330	731.729	552.937
32.585	731.238	554.110
32.109	730.607	555.590
31.287	730.495	554.334
31.737	729.951	554.557
31.194	729.101	554.258
31.076	729.452	554.290
30.835	729.789	554.038
31.492	732.038	553.299
31.653	733.485	552.223
31.899	733.991	553.506
31.686	734.252	554.640
31.099	736.393	554.765
31.772	735.977	556.481
31.266	736.767	556.397
31.405	736.802	557.471
31.169	736.054	557.363
30.906	735.542	555.927
31.667	734.491	556.492
31.293	735.061	552.581
32.394	732.469	555.272
32.081	732.392	555.505
31.422	732.730	553.594
31.856	732.085	554.752
31.394	732.030	552.754
31.376	732.715	551.010
31.416	732.606	550.698
31.847	733.910	548.177
32.834	734.599	548.557
33.010	734.899	550.481
33.521	734.247	552.989
32.762	732.773	555.356
32.320	731.830	556.526
32.246	731.273	556.384
32.011	730.947	556.925
31.853	732.014	556.658
31.860	732.416	557.998
32.171	732.264	558.953
31.826	731.576	557.290
31.655	732.159	555.988
31.981	731.518	556.295
32.196	731.358	556.525
31.794	730.555	555.861
32.250	729.994	556.228
32.452	729.163	556.506
31.798	729.826	556.347
31.962	731.047	554.189
32.054	731.027	554.997
32.069	730.690	555.161
32.245	730.493	555.263
32.848	729.557	555.247
33.187	729.272	556.437
32.416	728.972	557.920
32.151	729.902	558.218
32.025	731.345	557.455
31.686	731.336	555.495
32.501	731.208	554.968
31.871	730.881	554.372
31.823	731.609	554.874
31.621	732.015	553.424
31.615	732.562	552.420
31.574	733.984	553.633
31.092	736.004	553.437
31.670	736.426	554.058
31.175	738.825	552.083
31.343	736.612	553.466
31.911	734.224	555.043
31.363	733.440	554.323
31.979	732.865	554.577
31.632	733.179	557.581
31.321	734.819	558.947
31.357	736.835	558.971
31.344	735.960	559.759
31.584	735.539	559.538
31.466	736.327	556.565
31.717	735.347	556.240
31.368	735.131	556.420
31.352	735.148	556.556
31.042	735.693	556.002
30.994	734.288	556.174
31.483	733.786	555.416
31.630	732.398	555.055
31.687	732.519	553.961
31.527	732.338	552.954
31.734	732.995	554.082
31.717	734.756	555.878
31.770	734.066	558.075
31.362	733.587	557.811
31.588	734.542	557.274
30.998	735.763	555.014
32.028	734.792	556.335
31.416	734.901	555.277
31.714	736.290	554.335
31.674	737.223	554.758
31.974	736.706	555.815
31.829	736.458	556.634
31.031	736.667	557.201
31.123	736.283	557.804
31.226	737.718	556.996
30.696	737.691	555.062
30.894	735.600	555.977
31.330	735.921	555.169
30.652	737.815	553.555
31.100	737.928	551.529
31.704	737.436	552.037
32.144	737.182	552.484
31.837	737.125	552.537
31.513	739.028	552.754
31.847	739.947	552.833
31.575	740.394	553.510
31.723	740.378	553.328
31.652	739.107	554.493
32.434	737.809	554.240
31.997	736.674	555.618
31.360	737.459	556.358
30.840	736.897	555.676
30.869	737.079	553.662
31.585	735.914	554.156
31.358	736.637	555.168
31.853	736.132	555.677
31.035	734.892	556.200
31.292	734.674	555.340
31.849	735.391	555.259
31.592	735.231	555.644
31.553	735.563	556.804
31.823	735.037	557.620
32.248	735.248	559.681
31.773	734.233	560.800
30.892	733.345	559.907
31.430	733.618	557.764
31.101	733.854	555.889
31.485	732.987	556.259
31.576	731.946	555.959
32.212	731.502	557.214
31.566	732.440	557.916
31.789	731.891	558.014
31.751	731.382	557.464
31.770	732.117	554.950
32.161	731.452	556.340
31.352	733.369	554.065
31.102	734.547	554.041
31.508	734.580	554.482
32.303	733.806	555.438
31.760	733.268	553.761
31.874	732.751	552.663
32.118	733.333	553.465
31.807	733.520	553.417
31.704	734.034	553.119
31.757	733.801	554.372
31.595	733.461	554.799
31.412	733.792	554.510
32.315	733.420	555.217
32.022	732.388	555.458
32.651	731.099	555.917
32.391	731.065	557.527
31.892	731.387	560.087
31.940	731.751	560.435
31.906	732.019	558.869
31.856	732.217	557.408
32.326	732.474	556.085
32.367	731.185	556.357
32.093	731.799	555.436
32.134	732.299	554.136
31.781	732.779	554.928
31.759	733.241	556.332
31.550	733.058	557.769
31.331	733.517	557.872
31.573	735.153	556.958
31.513	736.179	557.196
31.040	735.558	556.360
31.098	735.827	555.677
30.843	736.099	554.508
30.646	736.632	554.375
30.715	738.458	554.050
31.300	738.275	553.040
32.019	738.352	551.663
32.003	739.682	552.362
32.205	738.764	554.057
32.072	735.266	555.845
31.404	734.518	554.706
31.052	734.284	554.746
31.685	734.130	555.026
31.924	733.798	555.264
31.832	731.968	556.112
31.142	732.032	554.837
31.087	731.167	553.393
31.846	730.661	556.020
31.643	730.536	555.587
32.025	730.511	558.718
31.463	730.145	560.015
31.167	730.272	559.332
31.142	730.591	559.022
31.719	732.159	558.194
31.399	733.090	557.633
31.597	733.487	557.276
31.703	732.815	557.579
31.336	732.680	557.237
31.523	731.988	557.095
31.214	732.255	556.843
31.798	731.301	556.855
31.504	730.528	556.047
31.280	730.123	554.450
32.639	729.445	552.777
32.655	728.258	552.878
32.445	727.031	551.827
32.470	727.034	550.496
32.090	726.683	551.015
31.444	728.107	550.471
30.946	729.093	551.509
31.549	730.005	553.310
32.205	730.367	555.166
31.906	731.032	554.928
31.702	733.485	553.344
31.802	734.848	552.560
31.579	736.403	552.725
31.637	737.486	552.832
31.102	738.207	551.400
31.495	738.223	552.141
30.987	738.192	551.992
31.783	736.437	553.576
31.761	735.688	555.579
31.574	736.201	555.028
31.188	737.550	553.894
31.486	736.679	553.998
32.112	736.647	554.566
31.787	736.677	554.311
32.229	736.114	553.739
32.180	736.730	553.567
32.508	737.699	553.617
31.655	736.597	555.611
31.651	736.477	555.491
31.509	737.286	553.766
31.331	737.389	552.361
31.969	736.947	552.615
31.757	735.797	554.876
31.894	736.968	554.113
31.268	738.178	553.385
31.531	737.939	552.742
31.786	737.185	553.559
31.255	737.068	554.123
31.586	737.596	553.787
31.202	738.758	552.216
31.355	738.411	552.470
31.662	736.298	552.732
31.103	737.225	553.242
31.279	736.330	555.076
32.107	735.715	555.762
31.725	734.649	556.969
31.873	734.559	556.806
31.353	734.437	555.218
30.947	733.700	553.225
30.895	735.144	550.840
31.763	733.837	552.024
30.997	733.574	550.700
31.436	734.288	549.961
31.070	733.666	550.302
32.060	733.295	551.532
32.107	733.034	554.082
31.973	734.136	554.915
31.292	734.555	555.898
31.739	736.397	556.083
32.342	736.587	557.122
32.537	735.493	559.684
31.984	736.211	558.089
31.786	734.579	557.686
31.810	734.884	557.249
31.942	734.249	557.442
32.053	733.886	556.831
32.073	732.963	558.074
32.115	732.164	558.920
31.031	732.340	557.035
32.143	732.630	555.159
32.733	731.708	556.284
32.215	731.876	555.132
31.809	731.389	555.494
31.506	731.823	554.320
31.779	733.096	552.997
32.293	732.464	552.942
31.767	733.499	552.261
31.907	736.341	550.858
31.766	735.904	551.014
31.440	734.750	549.658
31.920	733.487	551.130
32.435	731.808	553.095
32.598	730.863	555.006
32.154	731.676	554.956
31.802	733.578	554.533
32.902	732.762	556.497
31.905	732.438	556.268
31.981	732.250	556.139
31.473	732.392	555.146
31.299	732.183	555.195
32.115	733.693	553.873
31.924	733.531	554.188
32.238	733.578	555.113
32.579	733.942	555.027
32.289	733.488	555.621
32.299	733.170	555.741
31.576	734.152	554.197
32.013	734.192	553.661
31.849	733.947	553.414
32.035	733.212	554.488
31.921	732.924	554.930
31.416	734.916	554.757
31.716	735.268	555.597
31.274	735.834	555.058
30.795	737.650	553.747
30.983	739.905	553.583
30.861	739.089	554.978
30.717	739.750	554.831
30.043	741.854	553.916
31.354	742.610	551.560
30.942	740.433	554.651
30.907	738.248	555.279
30.682	735.961	554.651
31.411	734.780	555.727
30.656	734.358	553.327
31.185	733.266	552.238
31.618	734.242	552.931
31.180	733.057	553.636
31.704	732.842	554.951
31.474	733.404	553.757
31.681	732.265	554.215
31.319	731.838	554.321
31.016	732.513	553.893
31.428	732.649	554.514
31.342	733.336	554.085
32.091	732.172	555.473
31.194	733.264	554.829
31.320	735.313	554.034
31.742	734.778	553.456
32.515	732.938	555.613
31.662	732.034	555.823
31.844	732.196	555.973
32.045	731.594	556.935
31.072	732.489	555.080
31.411	731.917	554.992
31.799	732.415	556.120
31.947	731.654	554.977
31.922	731.744	555.216
31.952	732.128	554.385
32.276	732.120	555.088
31.619	731.272	554.576
32.114	730.740	555.947
32.102	731.311	555.905
31.469	730.967	553.988
31.305	731.717	552.698
31.718	731.735	553.720
30.914	732.895	551.020
31.215	732.724	552.052
31.239	731.680	552.233
31.633	730.905	551.851
31.563	730.908	552.103
31.375	730.254	550.796
31.028	731.382	548.874
31.497	732.155	549.086
32.173	732.894	551.724
31.930	733.922	553.124
31.804	733.107	555.418
31.623	733.075	554.836
31.447	733.336	554.564
31.340	734.468	553.489
32.695	734.397	554.618
32.366	735.434	555.458
31.701	734.497	555.011
31.849	735.148	555.733
31.677	734.669	557.313
32.537	733.472	559.465
31.309	732.652	557.054
32.387	732.569	557.993
31.577	733.633	557.299
31.046	735.297	555.879
31.283	736.647	555.089
30.496	737.051	554.685
31.129	738.110	554.853
32.041	736.768	558.886
31.636	737.178	558.894
31.322	736.345	557.903
31.765	735.291	558.064
32.462	734.194	558.361
32.955	732.824	559.078
31.985	732.689	558.908
32.409	731.548	558.377
32.214	731.236	558.726
32.356	731.025	558.809
32.230	730.946	559.854
31.487	732.939	558.564
32.034	733.425	558.699
31.120	734.953	557.667
31.064	736.223	555.893
31.049	736.930	553.810
31.583	734.961	555.539
31.578	733.879	556.147
32.219	732.615	556.149
31.664	732.371	555.382
32.188	731.583	555.665
31.683	732.330	555.880
31.553	732.763	554.709
31.394	735.106	553.422
32.123	733.204	555.317
31.437	733.303	554.173
31.637	732.184	555.125
31.422	732.699	553.652
31.629	732.295	554.120
31.755	732.223	553.992
31.553	731.748	554.241
32.283	731.029	555.103
31.598	731.528	553.735
31.503	731.815	553.938
31.524	731.673	554.567
31.884	731.396	555.030
31.547	731.335	554.754
31.219	731.408	554.245
31.830	730.915	553.717
31.988	730.767	554.394
31.455	731.923	554.990
32.051	732.552	555.597
32.277	732.428	555.961
31.790	732.631	556.692
31.304	732.796	556.675
31.150	733.001	554.637
31.447	731.533	553.893
31.625	731.754	553.930
31.605	732.208	555.098
32.122	731.680	556.155
32.271	731.933	556.302
32.279	732.374	556.655
32.213	730.768	556.782
31.947	731.038	556.598
31.464	732.292	556.041
31.853	733.494	555.958
31.318	733.081	557.187
31.117	733.108	554.818
30.969	733.056	554.343
31.590	733.712	554.092
31.572	734.832	554.792
31.606	733.425	555.313
31.943	732.369	555.054
31.617	731.812	556.223
32.254	732.008	557.071
32.178	731.134	556.937
31.583	731.859	554.801
31.526	732.012	555.477
31.711	732.706	555.059
32.003	734.337	554.578
31.379	735.561	554.889
31.259	735.848	553.622
31.119	734.887	553.510
31.580	733.944	554.576
31.956	732.927	555.801
32.000	733.789	556.024
31.411	733.627	555.906
31.847	733.860	556.116
31.849	732.854	556.997
31.724	733.309	558.701
31.135	734.541	557.156
30.987	736.215	554.842
31.510	735.552	555.929
31.288	736.252	556.078
31.271	735.206	556.811
31.882	735.145	556.171
32.645	733.816	556.271
32.069	733.810	556.696
32.478	734.058	557.089
31.606	735.274	555.111
31.771	733.245	554.565
31.598	732.596	555.021
31.747	733.929	555.483
32.134	732.156	556.305
32.201	731.830	555.747
31.742	731.742	555.165
31.631	731.716	553.600
32.380	730.973	553.951
32.236	729.935	554.174
32.350	730.067	554.274
31.725	731.097	554.728
32.185	731.462	556.781
31.400	733.119	555.774
31.403	734.675	555.051
31.728	735.841	556.642
32.345	735.453	557.864
31.596	735.060	557.551
31.605	735.315	556.594
30.863	734.062	555.205
31.141	733.820	553.490
32.067	733.141	554.021
31.435	733.066	552.987
31.810	732.958	552.351
31.655	731.957	552.264
31.670	732.047	551.679
31.743	731.684	552.710
31.810	734.082	552.250
31.599	736.330	552.053
32.146	736.144	553.988
31.390	736.965	552.757
31.403	736.117	553.659
30.958	737.022	551.167
31.508	737.904	550.310
32.079	736.328	552.177
31.593	736.081	553.791
31.244	736.438	553.366
31.331	736.315	554.211
31.786	736.530	554.764
32.050	737.550	556.216
31.855	737.371	556.322
31.503	736.896	555.512
30.818	736.932	554.038
31.420	738.019	553.817
31.561	737.307	555.915
31.546	737.924	556.096
31.319	738.170	554.958
30.978	738.414	552.637
31.745	737.895	554.496
31.053	737.967	553.716
31.259	738.812	552.626
30.732	739.863	551.794
31.663	739.563	550.860
30.733	740.407	548.604
31.444	739.609	547.844
31.446	738.121	548.319
30.996	738.300	549.401
31.836	737.976	550.138
31.637	735.488	552.147
31.933	734.677	553.216
32.548	733.122	555.788
31.351	734.231	554.516
31.644	735.504	553.641
31.463	734.592	554.219
31.571	734.980	553.042
32.015	733.232	553.206
31.997	731.388	553.874
31.935	730.853	554.261
32.285	730.593	555.015
32.046	731.146	554.857
32.216	731.255	555.434
31.551	731.719	554.321
32.357	731.029	554.800
32.132	730.727	555.802
31.641	731.156	555.142
31.714	730.808	554.731
31.741	731.708	553.964
31.467	731.818	553.986
32.868	731.474	556.765
31.840	731.086	557.143
31.550	731.641	554.254
31.720	733.023	553.251
32.222	732.817	552.437
31.569	732.810	553.099
31.483	732.682	553.629
31.198	732.828	552.026
31.638	732.195	553.702
31.532	731.596	553.611
31.997	730.921	554.235
31.916	730.385	554.969
31.041	730.761	554.113
31.445	731.308	553.520
31.314	731.242	552.495
30.804	732.133	551.404
31.944	731.451	552.975
31.538	730.650	555.192
31.762	731.469	555.596
31.311	731.640	555.691
31.360	732.951	556.838
31.342	733.091	557.007
32.201	732.356	557.556
31.860	732.188	557.290
32.335	732.210	558.151
31.450	732.193	558.129
31.262	732.545	559.151
30.743	733.311	559.913
30.940	734.769	559.888
31.194	734.112	558.826
30.699	733.757	555.720
31.264	732.661	556.529
30.784	732.635	554.333
31.163	731.671	554.500
32.490	731.095	553.842
32.340	730.477	553.460
32.257	729.180	553.046
33.780	728.363	554.688
31.812	728.009	555.549
31.173	728.969	553.521
31.478	730.137	554.339
31.465	730.771	554.450
31.252	731.633	553.941
31.123	731.828	553.863
31.304	733.547	552.733
31.590	733.092	555.011
31.490	733.774	554.380
31.392	734.933	555.454
30.864	735.146	553.461
31.469	737.632	550.478
32.660	736.594	552.445
32.839	735.896	554.370
32.163	735.084	557.517
31.458	734.446	558.777
30.683	734.471	559.107
30.742	734.896	555.448
31.096	734.395	554.630
29.992	736.357	552.940
31.460	737.939	551.913
31.082	736.224	553.973
30.535	737.578	554.942
30.492	737.423	554.364
30.771	735.211	555.052
30.831	735.657	555.655
30.402	736.272	554.281
30.425	735.967	553.809
30.927	735.626	553.410
31.181	734.844	554.856
31.328	734.446	556.472
31.457	734.367	555.944
31.739	733.708	554.630
30.598	733.203	552.568
30.821	733.240	552.506
31.198	732.592	553.100
31.556	731.923	554.471
31.661	731.955	554.245
31.844	731.976	554.120
31.473	732.118	553.076
31.726	731.303	555.090
31.095	731.218	555.009
30.900	732.354	552.492
30.915	732.628	550.398
31.638	733.171	549.690
31.456	732.513	550.898
32.426	731.938	553.568
31.508	732.562	554.770
31.119	733.136	554.561
31.049	732.571	553.590
31.617	732.099	554.122
31.069	732.525	551.255
30.957	732.309	550.555
31.445	731.336	551.777
31.179	731.130	552.535
30.901	731.568	551.124
31.919	731.003	553.423
31.222	730.059	553.029
31.222	730.021	552.024
31.160	729.899	550.645
31.605	730.579	551.555
31.469	730.556	553.602
31.498	731.212	552.820
31.394	732.106	553.080
31.552	732.588	552.610
31.197	732.117	553.133
30.868	731.738	550.653
31.856	731.080	550.237
31.164	730.473	550.163
31.228	729.648	549.371
31.722	729.522	550.337
30.721	729.634	550.277
31.633	728.434	549.895
31.297	728.320	548.800
31.310	729.673	548.724
31.894	731.148	550.379
31.412	731.214	551.016
30.819	731.503	551.277
31.506	731.024	553.116
31.404	732.736	552.528
31.379	731.980	553.985
31.374	731.022	554.577
31.600	731.048	554.327
31.241	731.852	553.126
31.867	731.534	553.868
31.388	731.565	553.969
31.405	732.599	553.631
31.853	732.141	555.102
31.188	734.166	554.469
30.901	735.949	553.599
30.967	736.571	553.531
31.087	735.561	554.756
31.581	734.345	557.298
31.318	733.254	557.662
31.875	732.895	557.618
32.025	731.834	558.104
31.477	732.755	556.218
31.713	732.083	555.716
31.549	730.971	556.208
31.262	731.106	555.210
31.754	731.513	554.596
31.215	733.060	552.706
31.701	733.097	551.278
31.710	732.509	551.136
31.717	734.128	551.559
31.768	734.033	552.849
31.378	735.364	553.220
31.100	732.397	553.197
31.580	731.243	553.173
31.955	730.719	553.889
31.358	730.648	553.836
31.169	730.967	552.402
32.749	730.524	552.354
32.163	731.020	552.289
31.398	730.911	551.695
31.550	731.675	551.888
31.662	733.761	550.330
32.046	732.235	552.497
31.323	732.319	552.580
31.769	732.391	552.967
30.975	732.215	553.423
31.591	733.014	552.834
31.237	733.235	551.084
31.738	733.285	551.277
31.697	732.742	550.722
31.947	732.465	552.763
31.312	732.106	553.149
31.716	734.354	552.306
31.280	737.170	550.728
30.869	737.389	551.251
31.586	736.656	552.437
32.112	737.507	552.630
31.619	737.611	554.290
31.620	737.090	553.259
32.064	736.632	552.084
31.370	735.009	553.536
31.379	733.663	554.345
31.714	732.378	556.668
31.507	731.066	557.599
30.783	731.032	555.237
31.428	731.502	554.736
31.222	732.039	554.405
31.637	731.108	555.156
31.909	731.079	556.616
31.606	733.034	555.948
31.465	732.497	554.337
31.443	731.181	554.291
31.384	731.011	554.292
31.018	731.730	554.267
31.917	731.829	555.777
31.510	730.960	555.996
30.898	730.687	552.702
31.536	730.643	553.241
31.483	730.207	552.868
31.296	730.124	551.995
32.852	729.744	553.252
31.596	729.690	554.259
31.260	729.862	554.752
31.300	730.896	552.916
31.677	730.732	554.134
32.268	730.966	555.674
31.900	731.796	556.091
31.846	731.864	556.060
31.958	731.232	555.697
31.240	730.871	556.074
31.120	731.448	553.608
31.433	730.700	554.824
31.733	730.886	555.453
31.267	731.948	553.607
31.047	731.727	552.841
30.943	732.375	551.200
30.774	731.875	549.535
31.397	731.951	550.914
32.422	731.633	552.635
31.310	731.302	552.735
30.687	731.034	551.638
30.496	731.205	550.030
31.699	730.549	550.435
31.585	729.932	551.520
30.803	730.420	551.751
31.569	730.929	552.238
32.435	731.048	553.951
31.574	731.231	555.993
31.736	729.941	556.288
31.744	730.095	557.196
31.453	730.744	556.363
31.462	730.390	557.370
31.664	730.493	558.637
31.252	730.438	558.661
31.186	729.898	559.032
31.228	731.504	559.956
30.587	733.543	558.780
30.395	735.190	556.824
30.226	736.407	555.998
30.820	735.901	555.089
30.747	735.725	553.181
31.084	735.514	552.513
31.129	734.697	553.555
31.021	735.075	555.069
31.346	735.040	555.520
30.716	735.574	555.225
30.289	736.008	553.116
30.833	734.693	553.473
31.526	734.510	554.153
31.817	734.361	555.468
31.145	734.747	553.465
31.030	735.056	552.482
31.083	734.218	552.506
31.073	735.688	553.047
31.282	735.901	554.826
31.233	735.617	555.148
31.335	736.230	555.507
31.985	734.572	557.059
32.031	734.555	557.660
31.295	735.473	557.484
30.724	737.331	556.678
30.329	737.963	555.287
30.817	738.344	554.809
29.735	739.308	554.501
31.233	738.284	553.949
30.592	737.433	555.641
30.876	736.908	556.282
30.972	736.511	556.725
31.250	736.868	558.442
31.151	736.787	557.292
30.900	738.144	557.098
31.122	737.834	557.137
30.168	739.061	556.242
30.639	737.080	553.936
31.261	735.341	554.960
31.316	734.239	554.580
30.211	734.183	552.051
31.512	735.024	551.767
31.234	735.182	553.432
30.982	736.311	553.481
31.608	735.008	555.382
32.032	734.426	555.824
31.421	734.126	556.337
31.738	733.802	555.802
31.100	734.201	555.012
30.980	734.478	553.203
31.183	734.859	552.026
31.460	734.682	550.675
31.605	734.755	551.287
31.738	735.344	552.162
31.780	734.148	555.375
31.657	733.331	557.560
30.746	734.532	556.838
30.590	735.733	555.268
30.779	735.530	552.753
31.509	733.744	554.211
31.192	733.475	553.065
31.520	733.177	554.393
31.145	733.279	555.217
31.154	734.187	556.519
31.072	734.621	555.779
30.977	735.447	554.405
31.066	734.543	553.981
31.651	735.440	555.761
31.483	736.079	557.410
30.438	737.495	556.170
31.173	737.159	555.962
31.487	736.147	556.831
31.010	735.666	556.739
31.618	734.673	557.629
31.387	734.301	557.747
31.183	734.852	556.386
30.556	736.597	555.964
30.504	738.656	555.907
31.022	737.292	556.482
31.543	736.635	556.290
31.387	735.745	556.829
30.538	735.160	555.019
31.428	734.814	555.101
31.327	733.796	555.257
31.038	734.776	552.949
31.651	734.018	554.377
31.274	734.037	553.448
30.988	733.956	553.092
30.830	735.617	551.819
31.336	736.136	552.620
31.240	735.247	555.461
31.184	735.010	556.165
30.903	737.293	555.783
30.719	737.499	555.244
30.546	739.975	553.882
31.421	740.686	553.428
31.269	739.805	554.768
30.842	739.266	556.087
30.517	739.176	554.895
30.715	738.039	555.019
30.822	738.676	554.668
31.275	736.846	557.013
31.196	736.176	557.919
30.810	736.752	557.162
30.717	737.370	558.092
30.691	738.353	556.889
30.599	737.421	556.862
30.269	738.422	557.039
29.827	738.988	554.722
29.986	740.827	552.013
31.087	738.890	552.198
30.826	736.780	553.318
30.229	737.333	551.759
31.445	736.660	553.272
30.941	736.342	554.060
30.897	736.956	553.751
31.602	736.452	556.196
31.485	735.319	558.094
31.347	736.097	556.144
31.024	736.332	556.410
31.181	735.981	556.326
30.831	737.180	555.780
30.682	738.320	554.463
30.954	737.626	554.326
30.396	738.258	551.988
30.720	737.226	551.934
30.751	735.810	552.984
30.900	734.911	553.877
31.162	735.300	555.545
31.339	735.176	555.743
30.509	735.804	553.335
31.013	736.401	553.283
30.943	735.340	555.728
31.263	734.921	556.063
30.768	734.994	555.110
30.970	734.363	553.970
30.742	734.710	552.352
31.678	734.985	553.692
30.734	733.586	553.875
31.672	733.604	554.866
31.329	734.769	555.444
31.386	733.780	556.230
31.218	734.321	555.290
30.954	734.297	554.923
31.190	733.726	554.976
31.265	735.028	553.591
31.209	734.046	554.012
31.604	732.651	555.344
32.175	732.241	557.055
31.539	732.705	556.695
30.945	734.913	556.344
31.209	735.137	555.818
31.195	734.068	555.882
31.265	734.950	556.917
30.909	735.475	557.575
31.164	735.850	558.322
30.647	736.157	556.501
31.248	734.539	556.750
31.631	732.945	556.308
31.219	732.643	553.473
30.950	732.725	551.986
31.014	732.350	551.319
30.736	732.789	551.712
30.743	734.232	552.365
30.841	735.058	551.384
31.259	734.031	551.895
30.855	733.223	551.784
30.397	732.851	552.186
31.219	733.346	553.858
31.116	734.531	553.879
31.937	734.974	556.475
31.786	734.755	557.705
31.182	736.665	558.117
30.849	736.084	558.205
30.884	736.109	556.174
30.685	737.317	553.910
30.345	736.460	552.695
30.567	737.192	551.575
31.275	735.420	552.869
31.215	734.741	552.306
31.066	736.802	551.731
31.132	737.204	550.239
31.560	737.064	551.359
31.106	737.310	552.386
30.741	738.005	552.989
30.946	738.150	554.528
30.605	738.230	555.396
30.718	737.107	554.886
30.717	737.798	556.017
31.208	736.437	556.713
30.552	736.299	554.913
30.600	737.134	553.986
30.880	737.253	553.541
30.860	736.242	555.201
31.426	736.173	554.987
30.958	735.662	554.820
30.455	735.361	555.430
31.097	735.337	556.086
31.110	736.406	556.553
31.394	735.789	559.270
30.952	735.733	559.078
30.583	735.996	555.649
30.110	735.837	554.242
30.482	736.626	552.562
32.013	737.373	552.866
31.456	738.212	555.702
30.717	738.655	556.810
30.738	737.532	557.409
30.273	737.545	554.623
30.629	737.686	553.120
30.784	738.170	553.788
30.647	738.932	554.572
30.809	739.452	555.457
31.052	736.896	556.217
31.024	735.001	556.703
31.319	735.268	555.688
30.503	735.292	554.468
31.072	735.176	553.157
31.324	738.041	552.690
30.707	739.996	553.657
30.405	739.946	554.660
29.919	739.641	556.180
30.240	739.957	556.183
30.015	738.045	553.505
30.577	736.140	553.808
30.758	737.715	553.296
30.853	739.763	553.283
30.873	739.258	553.500
30.760	737.639	553.833
30.639	736.531	553.491
30.960	736.698	553.087
31.216	735.616	553.888
31.329	737.054	554.113
30.974	735.346	556.055
31.072	735.429	556.534
31.257	734.704	556.650
31.477	735.072	557.229
31.068	735.569	558.217
30.545	736.005	557.813
31.213	735.557	557.463
30.378	736.443	554.924
31.041	735.117	554.057
30.791	734.928	551.650
31.228	734.322	552.438
30.940	736.093	551.318
31.272	735.972	552.821
30.543	736.122	552.321
30.711	735.343	553.884
31.144	734.589	554.200
31.029	733.907	553.296
31.112	732.982	552.988
31.628	734.385	553.235
30.545	735.752	551.467
31.838	735.957	551.888
31.408	736.181	553.235
31.176	737.388	553.358
30.920	737.780	553.703
30.794	738.344	552.444
31.362	737.789	552.617
30.760	737.058	553.306
30.737	735.959	553.972
30.389	738.186	552.046
30.145	738.949	552.258
31.169	738.127	552.753
30.064	736.828	553.441
30.423	735.867	553.435
30.866	734.886	553.544
30.910	734.624	553.607
30.885	736.079	555.931
31.084	735.946	557.152
31.476	734.955	558.751
30.925	733.723	557.447
31.003	733.062	556.327
31.186	733.156	555.532
31.392	731.564	556.036
30.582	732.564	553.778
30.921	732.212	553.029
31.103	731.568	552.566
31.368	731.964	553.032
31.622	732.750	554.901
31.949	733.245	556.244
30.712	733.520	556.143
30.275	733.988	553.919
30.702	733.963	553.360
30.970	733.190	553.526
30.516	733.694	553.534
30.331	736.666	554.806
30.600	737.389	555.010
30.750	738.459	554.683
30.514	738.673	553.923
30.348	737.812	554.229
30.060	738.452	553.962
30.202	737.497	553.375
29.872	738.481	552.618
29.748	738.924	551.383
30.611	738.199	551.098
30.714	737.632	549.505
30.654	736.857	552.119
30.603	735.949	552.439
30.892	737.086	553.836
30.793	737.271	555.822
30.456	735.943	552.769
30.843	736.977	550.624
30.662	737.537	550.969
30.588	740.004	552.095
30.737	739.225	552.591
30.921	737.677	554.019
31.247	737.365	556.277
30.116	737.383	555.829
30.181	736.573	555.222
30.360	735.769	552.359
31.374	736.919	551.657
30.825	736.099	550.635
31.217	736.557	552.304
31.007	736.211	553.326
30.317	735.552	552.804
30.424	736.049	553.209
30.442	737.835	552.001
30.706	737.762	553.027
30.917	737.822	554.910
30.863	737.473	557.653
30.408	738.341	556.082
30.363	738.513	555.124
29.931	739.130	552.773
30.494	739.637	554.518
30.575	738.815	555.045
30.593	737.368	556.040
31.086	737.378	558.017
30.445	737.304	558.263
31.060	736.959	558.182
31.181	736.427	559.463
31.036	736.475	557.968
31.387	736.078	557.907
31.684	735.192	558.390
30.919	735.610	557.036
31.169	735.872	555.627
30.350	737.135	553.600
30.738	736.731	553.721
30.890	738.165	554.327
30.514	739.359	554.430
31.084	736.357	555.813
30.615	737.853	555.215
30.182	739.951	554.343
30.253	740.711	553.719
30.610	741.315	552.286
31.152	739.542	552.156
31.366	737.650	553.431
30.934	735.416	553.343
31.225	733.682	554.374
31.110	733.060	555.162
30.707	733.042	554.839
30.941	735.047	552.079
31.355	735.697	553.090
30.952	735.673	552.773
31.552	734.983	552.708
30.625	733.862	553.556
31.044	734.441	553.230
31.079	735.228	552.610
30.797	735.245	552.931
31.643	733.043	554.944
30.204	734.277	552.193
31.248	733.097	552.934
31.097	732.141	554.404
30.999	732.656	553.715
30.833	734.623	554.704
30.686	734.845	553.249
31.611	737.062	551.701
31.153	736.822	551.701
30.392	736.520	549.561
31.540	737.794	547.757
32.356	737.864	547.640
31.386	737.916	549.619
30.840	737.174	550.083
31.249	736.568	550.891
31.993	737.088	551.925
31.909	734.265	553.883
31.358	735.074	553.722
30.853	733.656	554.715
31.134	733.220	553.590
30.639	734.480	550.377
31.522	734.600	550.054
31.177	736.535	546.420
31.749	736.928	546.498
31.940	737.427	545.566
31.954	736.935	545.912
31.887	736.139	548.576
31.214	737.504	548.776
32.165	737.043	549.274
30.889	736.868	549.769
