34.856	728.226	551.292
34.890	729.836	550.623
34.289	730.918	550.684
34.703	731.069	551.359
34.702	730.651	550.805
34.293	730.216	551.273
34.755	729.902	551.278
34.582	730.378	550.761
34.811	729.893	551.987
34.678	730.060	552.052
34.422	729.483	551.730
34.865	728.253	551.540
34.592	728.786	550.684
34.630	729.989	550.031
34.645	730.264	550.670
34.293	731.024	551.094
34.409	732.086	550.656
34.617	733.204	549.992
34.350	733.289	550.499
34.516	732.764	551.868
34.366	733.333	551.747
34.683	733.170	552.585
34.415	732.667	553.436
34.478	733.037	551.831
34.640	732.331	552.703
34.710	732.920	552.632
34.447	733.075	553.309
34.572	732.385	552.998
34.906	731.923	552.553
34.284	731.938	551.607
34.628	731.340	551.758
34.534	730.531	551.684
34.988	730.018	552.754
34.482	730.928	552.371
34.650	731.618	551.811
34.469	732.088	551.401
34.247	731.683	550.830
33.721	731.641	550.703
34.426	732.010	551.004
34.227	731.178	550.884
34.643	730.876	551.018
34.612	730.092	551.075
34.729	728.849	552.078
35.157	728.777	552.222
34.999	728.923	551.944
35.211	729.385	552.322
34.607	730.699	551.467
34.517	732.372	551.104
34.257	732.771	551.664
34.451	732.688	552.313
34.442	733.738	550.713
33.970	733.288	550.481
34.451	732.475	551.140
34.645	731.654	552.128
34.660	732.180	552.830
34.487	732.444	552.477
34.348	731.730	551.902
34.389	731.947	551.090
34.116	731.768	551.040
34.612	731.937	552.073
34.715	732.397	552.043
34.526	732.397	552.348
34.707	732.904	552.073
34.777	733.207	552.051
33.736	732.015	551.269
34.065	730.642	551.287
34.581	731.009	551.318
34.856	730.959	551.347
34.414	732.472	550.527
34.442	732.977	551.793
34.440	733.770	552.428
34.775	733.498	553.560
34.595	733.858	553.881
34.888	734.328	553.998
34.514	733.307	553.699
34.530	731.834	553.428
34.248	731.542	552.822
34.217	731.324	552.763
34.287	730.576	551.238
34.393	730.504	551.164
34.167	729.214	550.706
34.890	729.342	550.210
35.028	728.897	551.147
34.931	730.008	551.364
34.986	730.656	551.184
34.311	731.357	550.823
34.670	731.765	551.481
34.777	732.443	552.223
34.826	732.750	552.295
34.566	733.363	551.970
34.408	732.115	552.212
34.434	730.986	552.204
34.423	729.752	552.286
34.746	729.678	552.557
34.476	730.829	552.470
34.563	731.176	550.763
34.644	731.378	551.054
34.964	731.089	552.339
35.011	731.013	553.220
34.734	730.328	552.918
35.075	729.470	553.975
34.538	729.556	552.784
34.701	729.981	553.434
35.203	730.614	553.305
35.054	730.943	553.575
34.529	731.055	554.400
34.937	730.215	555.253
34.735	729.918	554.245
34.752	730.733	553.608
34.219	731.541	552.666
34.947	732.439	552.754
34.856	732.474	553.259
35.095	732.685	553.048
34.692	732.702	553.642
34.723	732.612	554.494
34.867	732.873	554.369
35.110	733.490	555.335
35.209	732.967	555.536
34.750	733.149	554.421
34.351	732.776	553.324
34.302	733.501	552.252
34.316	732.838	551.779
34.171	732.862	551.077
34.009	732.036	550.643
34.567	732.188	550.217
34.055	731.432	550.095
34.322	730.933	550.624
34.394	730.841	551.654
34.870	731.100	552.378
34.703	731.383	552.665
34.623	731.490	552.533
34.796	731.407	553.186
34.644	732.246	554.015
34.801	732.452	554.593
35.086	731.982	554.927
34.440	731.907	554.028
34.143	731.764	552.893
33.870	731.187	552.414
34.602	731.205	551.762
34.581	731.248	551.943
34.851	730.862	553.656
34.718	732.396	551.856
34.624	732.515	551.680
34.513	733.234	551.499
34.309	733.396	550.783
34.821	732.049	551.924
33.954	730.998	551.772
34.208	731.097	550.311
33.761	730.849	549.729
34.231	730.680	549.981
34.234	730.056	550.734
34.288	730.305	549.859
34.660	730.333	549.955
34.847	730.376	550.305
34.721	730.923	549.880
34.217	731.470	550.585
34.444	731.834	550.292
34.785	731.417	551.772
34.404	731.467	551.438
33.908	731.964	549.527
34.451	732.076	550.639
34.531	733.191	549.426
34.474	732.671	549.989
34.218	733.152	550.235
34.682	731.943	551.820
35.090	732.116	552.643
34.743	732.582	553.546
34.512	733.416	553.379
34.709	733.054	553.090
34.602	732.725	553.064
35.112	733.940	552.865
34.451	734.720	553.471
34.660	734.261	554.248
35.144	733.106	554.815
34.450	732.458	554.840
34.543	730.998	554.774
34.765	730.452	554.511
34.540	730.401	553.229
34.351	731.387	551.422
34.518	731.005	551.286
34.508	731.056	550.497
34.813	729.887	551.761
34.737	729.896	551.073
34.710	730.041	551.193
34.881	730.598	550.602
34.078	732.512	549.979
34.450	732.962	551.064
34.290	732.429	551.174
34.432	732.084	551.868
34.649	732.224	551.629
34.712	733.154	551.210
34.853	732.533	552.152
34.801	733.083	552.448
34.716	732.092	552.839
34.278	731.813	552.644
34.098	731.253	551.523
34.370	730.980	550.439
34.374	730.716	550.562
34.441	731.131	551.535
34.331	729.877	552.120
34.513	729.885	550.294
34.722	729.429	549.018
35.056	728.117	549.655
35.022	727.807	550.195
34.728	728.188	550.145
34.812	728.867	548.795
34.479	729.646	549.230
34.509	730.492	549.864
34.747	729.905	550.677
34.334	731.347	550.244
34.338	731.819	550.147
34.201	732.735	550.818
34.478	732.912	552.414
34.435	733.384	551.438
34.506	732.393	551.564
34.907	731.437	553.061
34.864	731.496	553.475
34.700	731.694	553.502
34.806	731.798	554.339
34.512	732.044	553.401
34.529	731.793	552.124
34.408	732.300	551.131
34.479	733.107	550.097
34.218	733.074	549.917
34.210	732.636	551.254
34.527	732.597	551.959
34.454	732.019	553.474
34.807	732.363	554.146
34.790	732.267	554.873
34.597	733.017	553.450
34.516	733.310	552.811
34.434	733.506	552.656
34.861	733.395	553.152
34.193	732.695	552.362
34.362	732.665	551.425
34.625	732.562	551.734
34.597	733.345	551.949
34.830	733.711	552.281
34.400	733.733	552.135
34.343	732.792	551.769
34.459	731.797	552.779
34.113	731.257	552.435
34.659	731.319	552.098
34.281	731.145	551.460
34.553	730.685	551.018
33.975	730.366	550.022
34.792	729.461	549.853
34.744	729.289	550.318
34.824	729.023	550.967
34.419	728.517	550.803
34.543	729.911	550.516
34.681	731.286	550.696
34.355	730.692	551.498
34.440	731.198	550.634
34.281	731.961	549.753
33.954	732.632	549.228
34.487	733.079	549.012
34.496	732.581	550.306
34.673	732.770	551.405
34.869	732.438	552.357
34.820	731.176	552.933
35.444	731.351	553.859
35.143	731.210	553.888
34.367	730.634	553.958
34.267	730.170	553.021
34.988	729.850	553.412
34.663	730.345	553.174
34.782	730.535	554.102
34.914	730.749	554.724
34.738	731.535	554.695
34.987	732.237	554.729
35.060	731.997	554.644
34.402	731.526	554.724
34.588	732.336	554.147
34.612	731.628	554.012
34.948	732.241	553.949
34.747	732.645	554.465
34.678	732.330	554.244
34.602	731.530	554.159
34.850	731.522	554.915
35.446	732.194	554.817
34.592	731.889	554.653
34.775	733.302	552.764
34.503	733.934	551.044
34.380	733.648	550.342
34.509	733.574	551.095
34.650	733.209	552.636
34.901	733.056	553.376
34.848	732.423	554.155
34.310	731.272	553.257
34.779	731.479	552.740
34.495	730.648	552.605
34.510	731.140	552.544
34.740	731.102	551.841
34.796	730.741	552.465
34.388	731.200	552.074
34.666	731.660	551.346
34.766	732.575	551.674
34.846	732.778	552.430
35.015	732.782	552.043
34.251	732.804	552.459
34.600	732.317	552.563
34.143	730.152	553.500
34.703	730.955	553.194
34.626	732.228	553.555
34.697	733.001	553.058
34.163	732.805	552.229
34.350	732.477	552.037
34.388	732.262	551.790
34.333	731.784	552.007
34.690	731.105	552.714
34.479	730.798	552.830
34.893	731.823	552.114
34.612	730.808	551.979
34.701	730.076	552.432
34.977	729.626	552.336
34.231	729.617	551.208
34.832	729.684	551.739
34.881	730.209	551.637
35.029	729.689	552.686
34.797	730.594	553.044
34.380	731.403	551.924
34.515	730.490	551.735
34.930	729.656	552.766
34.605	730.180	551.426
34.594	728.743	550.920
34.790	727.807	551.923
35.003	727.259	552.014
35.207	726.884	551.392
35.112	728.102	550.161
35.104	728.219	549.144
35.429	728.287	548.792
35.062	727.664	550.366
34.995	728.056	550.428
34.699	729.003	550.351
35.231	728.905	551.066
34.664	729.550	550.861
34.857	730.646	551.330
34.547	731.093	552.205
34.737	730.836	552.909
34.762	730.632	553.604
34.716	731.878	552.348
34.321	733.002	551.678
34.551	733.542	551.680
34.809	732.822	552.527
34.109	732.695	551.134
34.228	732.415	551.440
34.429	731.592	550.649
34.313	731.494	551.451
34.511	729.321	552.838
34.527	728.916	552.183
34.669	728.963	551.551
34.497	729.350	551.216
34.629	728.933	550.598
34.954	728.559	550.826
34.755	729.206	550.955
34.950	729.081	551.161
35.028	729.671	551.332
34.387	730.835	551.004
34.760	731.382	551.218
34.753	731.604	551.725
34.504	732.113	552.517
34.768	732.857	552.961
34.729	732.636	553.605
34.591	733.778	552.529
34.415	734.520	552.389
34.524	735.089	551.706
34.290	734.925	551.654
34.516	734.095	552.784
34.711	733.521	552.407
34.469	733.839	551.679
34.590	733.853	552.102
34.375	733.801	552.293
34.516	734.297	551.523
34.448	733.349	552.460
34.366	732.881	552.328
34.149	731.378	552.647
34.212	730.537	551.827
34.395	731.695	550.293
34.038	731.719	549.892
33.852	731.429	550.112
34.464	729.317	550.361
35.019	729.499	549.972
34.798	729.439	550.325
34.411	729.302	550.019
34.776	729.328	550.273
34.617	729.432	550.232
34.724	729.530	549.963
34.482	729.315	550.526
34.959	728.914	550.697
34.505	730.776	549.771
34.218	730.833	550.241
34.374	730.140	550.813
34.756	729.730	551.196
34.950	729.298	551.775
34.725	729.905	551.434
35.016	730.171	551.960
34.909	730.441	552.679
35.019	730.347	553.582
34.849	731.024	553.803
35.059	731.640	553.788
34.767	732.637	553.650
34.636	733.219	552.801
34.760	732.947	553.379
34.611	733.098	552.989
34.360	732.928	551.898
34.763	733.690	552.263
35.003	732.869	553.637
34.899	732.794	554.058
34.889	731.817	553.981
34.720	730.799	554.057
35.062	730.488	554.809
34.544	730.039	553.412
34.178	729.281	551.615
34.725	728.374	551.391
34.705	728.280	551.399
34.883	728.708	550.945
35.084	728.464	552.342
34.789	728.653	552.066
35.023	729.632	552.288
34.980	729.657	553.083
34.630	731.646	553.831
35.056	731.863	554.329
35.108	731.013	555.684
34.915	732.061	555.785
34.701	733.180	554.252
34.231	734.112	552.455
34.403	732.783	551.978
34.196	732.337	551.783
34.232	731.824	551.413
34.197	732.210	551.366
34.623	731.474	552.144
35.062	730.725	552.286
34.569	731.388	552.500
34.854	731.647	552.480
34.700	732.943	551.869
34.696	732.971	553.107
34.181	732.362	552.489
34.228	731.237	552.362
34.471	730.761	552.640
33.983	730.482	552.135
34.008	729.867	550.631
34.673	728.847	550.455
34.757	728.136	551.348
34.813	728.863	550.302
34.475	730.062	548.896
34.742	730.105	548.864
35.042	728.928	550.066
34.891	728.960	550.192
34.740	729.768	549.692
34.510	729.973	550.411
34.636	730.319	549.964
34.715	730.507	550.085
34.584	730.928	550.337
34.043	731.554	549.802
34.152	732.335	549.207
34.335	730.574	550.288
34.949	730.049	551.478
34.754	730.161	551.256
34.889	730.182	550.753
34.731	730.268	551.604
34.920	730.735	553.068
35.049	731.202	553.528
34.816	731.713	553.345
34.752	731.940	553.598
34.998	731.815	554.784
34.723	731.124	555.270
34.353	730.896	555.475
34.322	730.686	553.218
34.441	731.078	552.233
34.521	730.571	552.172
34.546	730.725	551.422
34.811	730.137	551.784
34.572	729.553	552.150
34.283	729.305	551.299
35.049	728.482	550.778
34.807	728.195	550.156
34.828	728.307	550.444
34.610	728.829	550.353
34.374	729.914	550.336
34.391	729.889	549.728
35.006	729.987	550.812
34.621	730.572	551.735
34.659	731.941	551.693
34.680	732.489	551.411
34.416	732.890	551.674
34.623	733.058	552.700
34.414	731.458	552.969
34.186	730.841	551.892
34.766	731.623	551.839
34.538	732.526	552.810
34.800	732.971	553.270
34.434	733.279	551.443
34.660	732.568	551.785
34.692	732.681	552.040
34.477	733.281	552.144
34.493	733.106	552.637
34.704	732.914	553.370
35.000	731.623	553.615
35.049	732.286	553.653
34.609	732.149	554.022
34.509	732.627	553.510
34.123	733.523	552.939
34.727	732.787	553.498
34.620	733.635	553.680
33.560	732.843	553.011
33.736	731.887	551.363
34.100	730.576	551.318
34.329	731.883	550.575
33.934	732.553	550.649
34.387	732.910	550.989
34.118	732.317	550.873
34.487	732.024	550.936
34.401	731.785	550.656
34.352	731.659	551.145
34.142	731.976	551.168
34.975	731.689	551.999
34.458	733.520	551.622
34.644	733.845	553.233
34.524	733.842	553.281
34.831	733.719	553.678
34.524	733.620	554.264
34.512	733.337	554.637
34.924	733.013	555.387
34.974	732.932	554.207
34.658	733.066	553.287
34.514	732.307	552.578
34.161	732.292	551.220
34.014	731.540	550.281
34.332	731.983	550.313
34.599	732.129	550.237
34.490	731.483	550.465
34.318	731.657	549.519
34.031	732.348	549.569
34.375	731.557	550.363
34.392	732.013	550.508
34.220	731.742	551.399
34.466	731.687	551.690
34.507	731.772	552.177
34.638	731.776	553.267
34.705	731.821	553.051
34.553	731.957	552.906
34.868	731.765	553.163
34.910	732.830	552.636
34.297	732.765	552.850
33.817	732.773	551.932
33.914	731.838	551.875
33.613	731.663	550.604
33.671	731.251	550.042
34.104	731.562	550.609
34.209	731.307	551.123
34.515	731.382	551.377
34.451	730.739	551.202
34.519	731.553	551.194
34.175	732.064	550.945
34.084	731.911	550.179
34.542	731.004	550.241
34.489	730.753	550.956
34.469	730.092	550.463
34.941	729.994	551.033
34.471	730.768	551.099
34.366	731.700	550.924
34.602	730.821	552.052
34.577	731.333	551.727
34.562	730.997	552.310
34.469	730.679	552.486
33.920	729.716	551.956
34.369	729.651	550.951
34.358	729.882	550.249
34.218	729.913	549.203
34.768	729.269	549.601
34.274	727.589	549.566
35.063	727.738	550.096
34.586	728.447	550.530
35.000	727.136	551.000
35.227	726.209	551.238
35.243	725.398	551.090
34.690	725.361	550.858
34.654	725.895	551.031
34.767	726.080	551.470
34.983	725.506	551.796
34.878	725.474	552.325
34.524	725.061	551.710
34.944	725.601	552.109
35.087	727.080	551.937
35.084	727.707	552.422
34.870	728.800	552.078
35.135	729.680	552.554
35.189	730.297	553.477
34.602	729.992	553.107
34.961	730.380	552.456
34.436	730.455	551.393
34.465	730.024	550.965
34.039	728.496	550.690
35.200	726.864	551.108
34.700	727.360	550.508
35.134	727.048	550.607
34.870	727.309	551.127
35.024	727.885	550.996
35.045	727.961	552.016
34.742	728.847	552.491
34.845	730.103	552.093
34.355	730.933	552.526
34.758	731.543	553.141
34.553	732.664	553.470
34.826	733.915	552.905
33.783	733.671	551.789
33.814	732.154	551.159
34.306	731.677	549.465
34.459	731.355	548.967
34.043	729.976	548.777
34.377	730.195	548.447
34.157	730.257	548.464
34.693	731.985	546.748
34.569	732.432	547.346
34.514	730.582	548.034
34.347	729.444	549.257
34.637	728.546	549.398
34.780	727.531	550.423
35.126	726.630	549.690
34.694	726.734	549.008
35.142	726.784	549.928
34.745	727.778	550.553
34.859	729.086	550.344
34.657	729.186	550.172
34.819	729.577	550.698
34.805	731.026	550.659
34.662	730.596	551.011
34.655	731.050	552.134
34.956	730.522	552.819
34.619	731.820	552.727
34.483	731.715	552.449
34.456	732.585	552.127
33.890	731.968	551.672
34.530	731.772	551.994
34.467	731.625	551.412
34.271	731.104	550.632
34.374	730.708	550.584
34.369	730.542	551.328
34.420	731.311	551.194
34.578	730.911	551.601
34.884	731.372	552.272
34.530	730.434	552.006
34.187	729.780	551.085
34.568	729.723	550.126
34.836	728.896	549.605
34.859	727.290	550.996
34.828	726.779	551.276
35.032	726.976	550.798
34.940	727.921	549.458
34.604	728.986	548.613
34.553	730.006	548.020
34.523	730.174	547.628
34.746	730.079	549.083
34.389	730.492	549.114
34.954	729.811	549.787
34.744	730.591	550.835
34.578	730.911	551.926
34.941	730.844	551.793
34.832	730.324	552.178
34.396	730.963	550.593
34.449	731.459	551.294
34.728	731.253	552.284
35.118	730.758	552.556
34.842	732.028	552.445
34.673	731.664	551.804
34.602	732.421	552.588
34.140	731.279	552.796
35.080	731.478	553.119
34.949	731.373	554.045
34.811	731.594	553.846
34.763	731.625	554.305
34.227	731.584	554.007
34.657	732.340	553.364
34.607	732.052	552.690
33.995	731.659	552.091
34.147	732.075	551.535
34.693	732.240	551.724
34.320	732.812	550.391
34.250	731.657	550.067
34.439	732.439	550.738
34.717	731.873	552.153
34.570	733.471	551.169
34.321	733.715	550.545
34.239	733.701	551.981
34.249	733.853	551.817
34.063	733.583	552.437
34.251	732.898	551.696
34.100	732.690	551.507
34.333	731.872	552.337
34.604	732.127	552.217
34.429	731.319	552.972
34.222	731.125	552.382
34.479	730.855	551.814
34.557	731.272	552.239
34.491	730.108	552.611
34.919	730.208	553.053
34.790	730.878	552.293
34.803	731.173	552.485
34.487	730.694	552.310
34.347	731.491	551.058
34.703	730.618	551.565
34.416	731.198	551.722
34.533	730.214	552.889
34.703	730.163	552.815
34.203	730.719	551.528
34.526	730.976	550.924
34.638	731.302	551.115
34.641	731.484	551.349
34.705	731.039	551.500
34.900	730.691	552.719
35.322	729.919	554.069
34.984	729.644	555.107
34.943	731.082	555.174
34.910	731.000	554.961
34.761	729.970	554.682
34.858	729.836	555.687
35.052	730.175	556.241
34.869	730.675	556.014
34.714	730.838	555.677
35.116	731.446	555.394
34.681	731.486	554.108
34.509	731.037	553.063
34.804	730.865	552.932
34.933	731.236	552.921
34.052	730.222	552.237
34.505	729.094	552.480
34.880	728.778	552.333
34.859	729.009	552.368
34.868	729.325	552.063
34.953	729.724	552.010
34.256	730.642	551.442
34.477	730.841	551.463
34.759	730.259	552.002
34.429	730.523	551.919
34.567	731.814	551.540
34.537	731.875	551.364
34.242	732.029	549.379
34.205	732.088	549.623
34.047	731.561	550.407
33.659	729.959	550.441
34.016	728.081	549.924
34.059	726.673	548.722
34.973	726.732	549.437
34.704	726.862	550.241
34.750	727.212	550.375
34.628	727.455	551.198
34.876	727.904	551.181
34.751	727.429	550.855
35.072	727.867	551.050
34.501	729.151	551.312
34.832	729.458	551.005
34.791	729.520	551.770
34.967	730.638	552.519
34.664	731.377	552.993
34.697	731.907	552.630
34.631	733.140	552.853
34.908	732.065	553.566
34.252	733.194	552.583
34.574	734.246	552.693
34.532	735.117	552.892
33.855	734.431	552.339
34.361	732.806	551.729
34.102	733.078	551.527
34.487	733.040	551.650
34.108	731.784	551.273
34.267	731.388	550.898
34.389	731.882	550.956
34.645	732.925	550.147
34.303	732.062	550.041
34.335	730.845	549.767
34.159	730.079	550.604
34.439	730.085	550.159
34.339	730.505	549.632
34.124	731.107	548.944
34.163	729.987	548.796
34.319	730.310	549.152
34.880	730.124	549.023
34.423	730.712	549.506
34.323	731.244	550.829
34.570	730.609	552.954
34.378	730.751	553.500
34.725	730.424	554.111
34.992	730.449	553.651
34.781	730.048	552.924
34.592	729.654	553.066
34.869	729.673	553.455
34.898	729.772	553.153
34.382	730.776	552.142
34.236	731.454	551.142
34.238	731.172	551.346
34.853	730.158	551.688
34.441	729.409	551.966
34.733	728.359	552.167
35.137	728.201	550.991
34.975	728.599	550.078
34.677	727.998	550.655
34.961	728.366	549.892
35.021	728.356	549.883
34.859	729.245	550.183
34.887	729.035	550.740
34.692	730.108	551.677
34.666	729.933	552.336
34.521	730.542	551.759
34.305	731.041	551.037
34.641	731.808	551.084
34.259	731.802	551.076
34.195	730.616	550.523
34.013	730.132	550.787
34.635	729.698	551.371
34.823	730.755	550.271
34.846	730.456	550.832
34.073	731.550	551.111
34.612	732.634	551.148
34.468	733.447	550.799
34.460	732.512	551.452
34.350	733.084	550.636
34.209	732.992	550.820
34.570	733.429	551.477
34.240	733.970	550.451
34.129	734.488	548.860
34.593	733.524	549.748
34.164	733.664	551.013
34.191	733.267	550.965
34.286	731.810	551.451
34.583	731.361	551.493
34.877	730.976	550.879
34.394	731.220	551.910
34.679	731.318	552.144
34.742	732.709	551.400
34.476	733.932	550.802
34.398	734.019	551.063
34.271	733.798	551.054
33.656	732.875	550.241
34.289	733.217	549.720
34.054	733.241	550.191
34.247	733.277	550.241
34.424	732.856	550.907
34.588	733.273	551.183
34.344	732.672	551.868
34.521	732.812	551.905
34.113	733.898	551.490
34.121	733.907	549.943
34.008	732.849	549.752
34.055	732.884	550.649
34.606	733.322	551.075
34.182	731.908	551.231
34.245	731.275	551.128
34.361	731.312	552.371
34.483	731.779	551.587
34.454	732.655	552.097
34.301	732.619	551.808
33.972	732.454	550.856
34.031	732.645	549.971
34.536	732.856	550.123
34.493	732.439	551.073
34.468	733.339	549.606
34.082	732.641	550.615
34.018	733.897	550.732
34.406	732.718	551.341
34.510	732.341	552.216
34.484	731.343	552.372
35.018	730.620	552.724
34.444	731.253	553.257
34.744	731.584	552.535
34.863	732.507	553.178
34.239	732.766	553.463
34.517	732.430	552.922
34.371	731.432	553.243
34.845	730.552	554.092
34.992	731.825	553.785
34.557	731.003	553.854
34.775	731.437	554.231
34.709	731.542	553.909
34.332	731.572	553.504
34.246	731.716	554.528
34.612	731.723	553.448
34.148	731.845	552.012
34.183	731.685	551.513
34.438	732.575	551.616
34.695	731.226	553.838
34.541	730.828	554.085
34.844	730.608	554.167
34.413	730.837	554.211
34.581	730.599	554.212
34.619	731.822	553.442
34.565	732.018	552.800
34.757	732.446	553.298
34.661	732.206	551.642
34.040	733.148	550.432
34.430	732.668	550.359
34.368	733.285	551.047
34.859	732.461	551.773
34.648	731.553	552.714
34.740	733.092	552.803
34.369	732.479	552.395
34.451	731.548	552.061
34.637	731.114	552.732
34.451	731.199	552.591
34.599	730.077	553.668
35.128	731.034	552.961
34.624	731.349	552.560
34.673	731.643	551.869
34.112	731.242	551.541
33.972	731.080	550.123
34.194	730.119	550.097
34.480	729.705	549.959
34.192	730.060	550.875
34.689	730.161	551.060
34.665	730.076	550.979
34.538	729.566	551.096
34.411	729.636	550.439
34.536	729.151	550.674
34.932	729.000	550.017
34.146	730.289	549.313
34.349	730.596	548.788
34.231	731.056	549.870
34.942	731.138	550.782
34.511	730.877	550.760
34.574	730.820	551.280
34.460	731.427	551.245
34.475	731.152	550.707
34.078	731.803	549.601
34.473	731.575	550.544
34.391	732.228	551.636
34.408	730.772	552.773
34.717	731.212	553.326
34.642	731.366	552.951
34.660	732.215	551.115
34.376	733.013	551.410
34.348	732.289	551.970
34.376	730.790	553.077
34.660	730.459	553.980
34.539	729.848	553.871
34.555	731.125	553.565
34.788	731.764	553.392
35.151	731.940	552.566
34.843	732.464	553.304
34.456	731.826	553.268
34.356	731.417	552.606
34.698	731.939	552.655
34.601	731.750	553.290
33.998	731.598	553.843
34.669	731.700	553.937
34.599	732.188	553.118
34.341	732.487	551.456
34.730	731.684	552.131
34.545	731.718	553.087
34.522	731.305	553.914
34.895	731.531	554.765
34.676	731.338	555.329
34.483	730.584	554.577
33.926	730.978	552.988
34.698	731.434	552.116
34.414	732.165	551.349
34.314	733.207	550.854
34.420	732.977	551.670
34.672	731.977	553.391
34.115	731.493	552.116
35.118	730.834	552.202
34.742	730.271	553.369
35.148	731.045	552.848
34.599	731.725	552.908
34.874	732.278	552.402
34.749	731.858	552.647
34.798	731.875	553.235
34.529	731.094	553.677
34.601	730.707	553.430
34.682	730.666	552.897
34.662	731.109	552.527
34.791	731.149	552.520
34.537	731.443	553.072
34.253	731.378	552.798
34.298	732.551	551.581
34.526	733.324	551.324
34.352	734.232	550.821
34.802	734.039	552.145
34.165	733.192	552.592
34.593	732.199	553.488
34.584	732.886	552.001
34.533	733.171	551.357
34.419	733.103	551.785
34.649	733.023	552.316
34.484	733.915	551.765
34.689	733.126	551.945
34.162	733.019	551.438
34.378	734.155	551.049
34.503	735.037	550.373
33.948	735.045	550.715
34.435	733.878	552.227
34.764	732.783	553.096
34.629	732.717	553.076
34.846	732.082	553.850
34.443	731.717	553.377
33.935	731.283	553.133
34.679	730.512	552.641
34.715	730.752	552.781
34.355	730.959	552.197
34.325	729.826	552.688
34.646	729.782	552.785
34.682	730.109	553.380
34.815	730.691	554.213
34.839	731.609	553.886
34.359	731.674	554.025
34.632	731.800	553.452
34.623	731.893	552.912
34.941	731.375	553.337
34.472	731.523	553.433
34.629	731.515	553.376
34.855	731.654	553.721
34.251	731.237	553.158
34.290	731.265	552.651
34.805	731.176	553.303
35.006	731.339	553.341
34.565	730.949	552.716
34.624	731.421	552.118
34.808	730.561	552.221
34.445	731.730	552.025
34.637	732.992	551.999
34.474	733.876	551.210
34.812	733.317	552.437
34.599	732.355	552.950
34.771	731.343	553.388
34.308	731.821	551.934
34.382	733.492	550.730
34.505	733.559	549.973
34.249	733.439	549.829
34.382	733.354	550.072
34.470	733.322	550.894
34.741	733.248	551.087
34.529	733.786	549.688
34.410	734.245	550.112
34.282	734.111	550.131
34.586	733.325	550.977
34.237	731.796	551.976
34.583	731.852	551.524
34.103	731.919	551.919
34.203	731.369	551.598
34.302	730.642	551.160
34.399	730.989	550.240
34.311	730.141	549.883
34.507	729.406	548.693
34.704	728.550	549.814
34.842	728.570	550.948
34.022	729.615	550.473
34.359	730.477	548.819
34.498	730.896	548.778
34.048	730.599	548.773
34.335	730.832	548.998
34.379	730.080	550.606
34.830	729.904	551.191
34.518	730.458	551.791
34.681	730.728	551.787
34.566	731.701	552.361
34.440	731.943	551.794
34.401	731.430	552.038
34.725	730.561	552.573
34.814	730.786	552.523
34.514	731.146	552.643
34.364	731.338	552.009
33.954	731.697	550.303
34.202	731.403	550.360
34.839	731.239	549.915
34.663	730.702	550.594
34.048	731.678	549.494
34.185	732.139	549.199
34.316	732.107	549.505
34.676	732.502	550.508
34.272	733.231	550.698
34.199	732.017	551.904
34.855	732.191	552.454
34.586	732.240	553.292
34.864	731.988	553.247
34.876	731.446	554.076
34.771	731.270	553.599
35.086	731.757	554.634
34.854	732.310	555.282
34.794	732.287	554.429
34.723	732.695	553.200
34.599	733.354	552.652
34.625	733.326	552.820
34.374	732.963	551.921
34.516	733.038	552.201
34.584	732.072	553.315
34.458	731.870	553.135
34.332	732.216	552.481
34.365	732.961	551.662
34.326	733.362	551.120
34.260	733.532	550.192
34.154	733.598	550.202
33.828	732.692	550.526
34.028	732.397	550.187
34.388	732.121	549.730
33.985	732.870	549.205
34.303	732.732	549.527
34.352	732.380	551.680
34.986	732.169	553.296
34.537	731.311	552.690
34.705	731.167	552.706
34.553	731.599	552.993
34.570	731.757	554.226
35.158	732.042	554.526
34.677	732.315	555.466
34.829	731.532	554.165
34.852	731.506	553.587
34.534	731.693	553.606
34.022	731.293	553.149
34.196	731.804	552.113
34.279	732.207	552.082
34.609	731.881	552.060
34.719	732.302	552.556
34.643	731.760	553.323
34.606	731.685	553.310
33.592	730.788	552.564
33.989	730.211	552.840
34.308	731.748	551.424
34.151	732.757	549.564
33.963	733.224	549.618
34.138	732.719	549.594
34.190	732.778	550.483
34.173	732.596	550.001
33.238	731.169	549.442
34.517	729.680	549.789
34.718	730.489	550.023
34.462	730.018	549.421
34.437	730.585	548.893
34.201	730.899	550.266
34.379	731.147	551.241
34.680	731.154	552.120
34.824	731.490	552.696
34.952	730.648	553.561
34.498	731.445	553.134
34.290	730.360	552.279
34.894	730.222	550.991
34.317	730.020	550.764
35.062	729.343	552.177
34.324	727.269	552.274
35.090	726.320	552.074
34.774	726.194	551.647
34.981	726.152	550.472
34.837	726.539	549.960
34.251	727.494	551.255
34.481	727.901	551.339
34.939	728.158	550.834
35.129	727.942	551.001
34.970	728.517	550.962
34.936	728.867	552.698
34.710	728.919	553.672
34.868	729.068	553.171
34.016	728.514	551.614
34.974	727.888	553.308
34.853	728.073	553.827
35.119	729.676	553.704
34.831	730.353	553.985
34.915	730.329	553.964
34.982	731.158	553.355
34.888	731.264	553.660
34.893	731.589	554.411
34.575	731.329	554.096
34.818	730.640	552.409
34.919	730.158	553.231
34.646	730.210	552.394
34.497	729.473	551.385
34.369	729.985	549.769
34.805	729.882	550.401
34.859	729.470	550.552
34.394	729.739	550.972
34.705	729.794	550.981
34.286	731.354	550.178
34.329	731.111	550.064
34.234	731.516	549.466
34.549	732.270	549.053
34.227	732.609	549.294
34.303	732.849	549.332
34.200	732.907	549.883
34.368	733.212	550.927
34.769	732.634	551.541
34.284	731.625	552.213
34.291	731.289	551.287
34.452	731.017	550.685
34.085	731.256	550.227
34.347	730.463	550.411
34.555	730.803	548.876
34.538	730.780	549.875
34.090	731.758	549.894
34.452	732.273	550.825
34.407	731.845	551.475
34.797	731.850	552.367
34.358	731.074	552.855
35.018	730.692	553.186
34.856	731.395	553.079
34.250	731.895	551.860
34.340	732.450	552.067
34.293	731.843	551.031
34.502	732.209	551.084
34.129	731.794	551.262
34.062	731.026	549.805
34.142	730.543	549.321
34.145	730.228	549.337
34.361	730.519	549.032
34.373	731.269	549.285
34.234	731.744	547.624
34.089	731.513	547.212
34.342	729.943	549.036
34.464	728.801	550.064
34.753	728.213	549.895
34.646	727.854	550.804
34.991	728.480	551.161
34.814	728.361	551.804
34.297	730.215	551.788
34.519	730.760	551.890
34.667	731.331	553.056
34.771	731.769	552.692
34.554	732.964	553.280
34.672	734.079	553.496
34.647	733.120	554.310
34.924	733.715	554.167
34.735	734.245	553.423
34.502	734.154	552.834
34.565	733.204	552.063
34.345	733.844	550.821
34.152	734.603	551.629
34.644	735.178	552.527
34.745	734.830	553.274
34.602	734.695	553.439
33.829	733.809	552.764
34.434	731.826	553.672
34.262	730.272	554.664
34.508	729.416	553.063
35.054	729.194	553.315
35.202	729.604	552.271
34.681	730.188	552.350
34.799	730.302	552.540
34.292	730.966	552.202
34.388	730.592	551.393
34.623	730.261	551.590
34.847	731.257	550.841
34.545	730.905	551.539
33.510	731.661	550.411
34.597	731.495	550.147
34.305	731.610	549.768
34.268	731.791	551.221
34.211	731.482	552.270
34.702	731.491	551.851
34.377	731.973	551.237
34.348	731.491	551.291
34.469	731.109	551.106
34.392	732.006	550.156
34.341	731.332	551.455
34.657	731.302	551.984
34.612	731.365	553.084
34.921	731.872	552.987
34.374	733.746	553.472
35.037	734.675	553.637
34.499	733.639	553.860
34.073	732.474	552.639
34.167	730.850	552.022
34.015	729.716	552.482
34.467	729.397	551.768
34.568	730.390	551.688
34.718	730.012	552.064
34.678	730.008	551.936
34.186	730.491	551.068
34.508	729.790	551.283
34.548	729.563	551.244
34.606	730.504	551.228
34.749	731.377	551.231
34.348	730.453	551.894
34.780	729.631	552.068
34.271	730.833	551.683
34.529	730.753	551.865
34.706	731.168	553.217
34.232	730.683	552.023
34.502	730.661	553.241
34.553	730.289	553.647
34.703	730.083	554.661
34.887	730.162	554.885
35.091	729.811	555.976
34.870	730.241	556.111
35.149	730.044	556.144
34.405	730.996	555.435
35.030	730.617	554.906
34.572	730.165	554.653
34.708	729.737	553.523
34.236	730.739	552.045
34.383	730.416	551.271
34.797	730.408	550.837
34.446	730.429	551.125
34.546	730.457	551.811
34.286	731.185	550.853
33.870	730.969	549.996
34.171	730.162	550.274
34.646	729.892	550.172
34.286	730.279	550.990
34.603	729.810	551.201
34.616	730.370	551.107
34.592	730.016	550.904
34.717	730.592	551.218
34.061	730.545	550.126
33.893	730.265	549.624
34.245	729.906	549.433
34.276	730.202	549.287
34.644	729.077	549.489
34.393	729.417	549.198
34.968	728.938	550.192
34.379	729.387	550.149
34.818	729.033	550.641
34.879	728.802	551.236
34.852	729.303	550.437
35.109	728.461	551.308
34.987	727.608	552.512
35.030	728.293	552.670
35.342	727.938	553.280
34.613	727.296	553.538
34.796	726.516	552.758
35.109	725.718	553.439
35.395	724.414	553.194
34.739	724.216	552.436
34.825	724.370	552.412
34.788	724.411	550.572
34.608	726.498	550.104
34.286	727.839	549.116
34.818	729.027	548.660
34.014	730.319	548.521
34.270	731.280	548.081
34.142	731.538	548.845
34.254	731.297	550.120
34.511	730.544	551.453
34.171	731.002	551.526
34.791	730.305	553.507
34.572	730.285	553.433
34.474	730.491	552.426
34.786	730.359	552.222
34.556	730.802	552.691
34.952	732.423	553.047
34.511	732.240	553.448
35.000	732.900	552.799
34.416	733.256	552.698
34.207	733.647	551.469
34.317	733.848	550.972
34.245	734.135	550.834
34.531	732.951	551.730
34.501	733.067	552.024
34.321	734.047	550.375
34.186	732.532	551.552
34.183	732.032	550.162
33.995	730.904	549.402
34.883	730.230	550.541
34.672	729.845	550.228
34.561	729.799	550.663
34.592	730.477	550.757
34.632	730.081	550.136
34.674	729.437	551.479
34.728	728.453	551.774
34.878	727.983	552.055
35.392	727.804	552.217
35.049	728.846	552.379
34.712	730.163	551.756
34.695	730.790	552.130
34.893	730.982	551.943
34.843	731.233	551.948
34.869	731.616	551.824
34.510	731.841	552.617
34.675	732.490	553.076
34.381	732.337	551.987
34.018	732.007	551.349
34.354	731.354	551.812
34.061	730.120	551.870
34.701	729.953	550.979
34.317	731.514	549.637
34.286	732.005	549.954
34.390	731.298	550.851
34.402	732.037	550.556
34.328	732.874	550.279
34.471	732.511	550.751
34.496	733.437	551.517
34.494	733.246	551.193
34.434	732.361	551.423
34.460	732.026	550.898
34.373	732.057	551.015
34.445	731.751	551.584
34.153	731.576	551.458
34.015	730.247	551.404
34.123	729.667	550.506
34.330	729.820	550.438
34.821	729.237	551.258
34.509	729.488	550.469
34.749	729.379	551.212
34.725	730.132	551.453
34.076	731.009	551.579
34.882	731.413	552.473
34.641	731.651	551.911
34.620	733.073	552.094
34.466	733.433	551.569
34.269	731.941	552.834
34.401	731.925	553.157
35.113	732.251	553.608
34.723	731.872	554.218
34.508	731.847	553.572
34.465	731.694	554.034
34.784	732.215	553.705
34.717	732.098	552.903
34.541	732.528	552.417
34.361	732.674	552.331
34.724	732.927	552.511
34.779	733.470	552.275
34.458	732.636	552.829
34.405	732.684	552.273
34.158	732.918	551.818
34.060	732.438	552.072
34.344	731.290	551.420
34.184	731.049	550.309
34.480	730.234	551.078
34.607	729.765	551.864
34.632	729.521	552.202
34.235	730.053	551.642
34.606	728.973	552.744
34.536	730.057	551.728
34.498	730.755	551.418
34.665	730.338	551.824
34.408	729.479	552.822
34.900	729.922	552.510
34.527	730.971	552.525
34.374	730.472	553.430
34.538	730.572	552.084
34.357	731.830	551.502
33.921	730.907	552.374
34.374	729.459	552.504
34.762	728.467	552.975
34.830	728.713	552.028
34.710	729.742	551.618
34.558	729.995	551.639
34.265	729.865	551.528
33.894	729.580	551.137
34.523	729.405	550.840
34.572	729.908	549.129
34.341	729.801	548.722
34.468	729.966	549.274
34.328	729.865	550.528
34.303	730.547	551.680
34.817	730.329	554.063
34.791	730.043	554.294
34.865	730.334	554.492
34.938	730.931	554.229
34.866	731.165	553.424
34.539	731.487	553.929
34.825	731.782	554.281
34.900	731.669	555.254
34.526	732.300	555.076
34.806	732.586	554.274
34.308	732.499	553.806
34.575	732.438	552.675
34.710	731.150	553.303
34.598	731.324	552.321
34.723	731.116	552.109
34.657	731.365	553.077
34.675	731.665	553.575
34.499	732.428	554.273
34.444	732.956	553.417
34.852	733.101	553.458
34.557	732.723	552.977
34.664	732.817	553.156
34.581	732.783	552.692
35.070	732.859	554.091
34.694	732.689	554.135
34.597	732.320	554.010
34.328	730.677	554.182
34.590	730.736	554.256
34.582	730.840	554.040
34.642	730.878	553.938
34.262	730.789	553.231
34.838	731.175	553.206
34.513	731.485	552.390
34.834	731.216	551.819
34.770	731.306	552.215
34.444	731.375	551.981
34.633	731.582	552.484
34.674	733.065	550.944
33.870	732.243	550.842
34.618	732.382	550.783
34.541	732.489	550.419
34.666	731.609	551.041
34.442	732.083	550.970
34.074	732.592	550.744
34.231	733.114	550.098
34.596	732.874	549.611
34.648	732.736	548.668
33.975	732.395	549.303
34.235	731.361	549.010
34.320	729.709	549.582
34.421	728.888	549.592
35.045	727.691	550.244
34.816	727.553	549.373
34.504	728.105	549.177
34.517	727.699	549.280
34.544	728.364	549.250
34.578	728.802	548.237
34.466	729.627	548.991
34.640	730.264	550.497
34.544	730.011	550.546
34.402	731.579	550.793
33.955	732.439	551.171
34.202	732.851	551.354
34.344	733.296	551.313
34.589	733.473	550.903
34.613	733.653	550.935
34.579	733.449	551.714
34.582	731.081	553.146
34.578	731.311	552.352
34.478	731.259	552.509
34.529	731.764	552.822
33.635	730.407	552.590
33.847	729.361	551.289
34.497	728.248	550.697
34.256	728.409	548.508
34.688	727.986	548.320
34.646	727.422	549.324
34.771	726.859	550.454
34.762	726.950	551.096
35.031	726.287	552.494
35.247	724.629	553.673
35.335	724.821	553.602
35.077	724.606	552.904
35.296	725.419	551.026
34.705	725.992	549.937
35.074	726.638	550.153
34.484	727.958	550.412
34.609	728.659	550.972
34.606	729.255	551.889
34.679	729.313	551.303
34.464	730.642	550.023
34.570	731.128	550.370
34.494	730.201	551.847
34.283	731.132	551.211
34.414	731.265	552.040
34.722	731.523	552.683
34.750	732.276	553.720
34.673	732.228	553.996
34.402	731.862	553.102
34.670	731.725	553.221
34.604	731.900	553.717
34.572	732.864	552.877
34.397	732.960	552.277
34.199	732.144	551.813
34.485	731.511	552.183
34.200	731.687	552.081
34.545	732.466	551.378
34.471	732.348	551.027
34.521	731.864	552.066
34.296	731.943	552.509
34.852	731.995	553.600
34.725	732.524	553.589
34.648	732.681	553.300
34.394	731.952	552.261
33.978	731.570	551.083
34.026	731.834	549.444
34.416	731.273	550.146
34.271	730.573	550.037
34.263	731.217	549.970
34.071	731.329	550.586
34.869	731.016	551.552
34.393	732.259	552.063
34.728	732.227	551.604
34.755	731.055	552.677
34.650	730.761	552.701
34.029	730.594	552.405
34.546	730.934	553.199
34.717	731.156	553.983
34.889	731.490	554.377
34.735	731.831	553.703
34.498	732.365	554.306
34.792	732.073	553.854
34.548	732.589	553.410
33.985	732.843	551.539
34.837	732.749	553.219
34.708	733.620	552.987
34.297	733.812	553.093
34.445	734.360	552.843
34.714	733.998	552.556
34.362	734.794	551.902
34.267	735.404	552.241
34.445	734.754	552.564
33.956	733.420	552.491
34.976	732.150	553.118
34.435	732.075	552.578
34.924	731.969	552.405
34.906	732.487	552.246
34.592	731.647	552.032
33.984	731.598	551.173
34.002	731.144	550.922
34.471	730.930	551.325
34.853	730.515	552.873
34.968	731.601	553.052
34.741	732.012	553.255
34.074	730.740	553.587
34.164	730.223	552.738
34.619	729.497	553.565
34.758	729.467	553.260
34.464	730.094	552.480
34.736	730.610	553.102
34.525	731.865	552.622
34.554	732.620	553.139
34.861	731.916	554.862
34.813	732.485	555.150
34.996	731.471	555.925
35.040	731.104	556.534
34.278	731.266	555.411
35.145	731.154	554.718
34.924	731.325	554.973
34.950	731.240	554.685
34.454	730.617	554.730
34.444	730.610	554.030
34.001	729.863	554.305
34.421	729.228	554.130
34.635	729.145	553.902
34.520	729.779	553.630
34.471	730.719	552.450
34.559	730.554	551.524
33.892	730.029	551.264
34.629	729.161	551.245
34.638	729.213	551.130
34.748	730.032	551.134
34.971	729.783	552.183
34.808	730.423	551.717
34.431	731.097	552.077
34.089	731.670	551.736
34.519	731.597	551.903
33.844	731.112	551.514
34.166	731.094	551.009
34.305	730.463	551.071
34.754	730.707	550.721
34.184	731.447	550.641
34.373	729.969	552.153
34.747	729.269	553.060
35.007	729.496	552.461
34.856	730.265	550.781
34.983	729.804	552.192
34.969	730.448	552.669
34.721	729.993	553.910
34.904	730.466	553.901
34.731	730.832	554.718
34.677	731.497	555.287
34.543	730.559	555.205
34.350	730.020	554.906
34.631	729.949	554.018
34.496	730.536	553.062
34.517	731.610	551.228
34.229	731.457	550.017
34.571	729.966	551.666
34.955	729.921	551.844
34.771	730.289	552.474
34.806	728.778	553.784
34.842	729.949	553.034
34.486	731.853	552.359
34.327	732.902	551.235
34.217	732.614	552.432
34.672	731.972	553.264
34.592	731.835	554.224
34.605	732.493	553.919
34.532	731.873	553.610
34.853	732.637	554.147
34.457	732.259	553.968
34.683	731.485	554.672
34.596	731.558	555.188
34.501	732.678	553.236
33.826	732.474	552.384
34.433	732.812	551.790
34.555	733.431	552.831
34.592	733.408	553.176
34.491	732.659	553.151
33.997	731.761	553.388
34.709	731.426	553.469
34.345	731.085	553.591
34.502	730.485	554.103
34.721	730.318	553.933
34.726	730.370	553.870
34.503	730.489	553.075
34.729	731.244	552.103
34.485	731.766	552.299
34.524	732.497	552.800
34.671	732.305	553.832
34.426	732.922	553.358
34.412	733.805	552.542
34.475	734.151	553.076
34.601	734.456	552.433
33.840	733.985	551.664
34.615	733.448	552.870
34.349	732.693	553.237
34.823	733.024	552.606
34.596	734.663	552.660
34.556	733.986	554.667
34.942	733.875	554.931
34.602	732.168	555.873
34.445	731.188	555.821
34.794	732.417	554.551
34.509	733.404	553.746
33.564	732.035	552.770
34.349	731.966	552.920
34.234	731.414	552.920
34.854	731.881	553.229
34.250	731.380	552.693
34.678	729.852	552.995
34.779	729.794	553.278
35.026	728.528	552.729
34.658	728.790	553.832
34.167	730.101	552.656
34.111	729.679	552.384
35.071	729.584	552.364
34.586	729.690	552.423
34.530	730.794	551.531
34.556	730.762	552.695
34.417	730.237	553.972
34.202	729.270	553.771
34.221	729.487	553.514
34.162	730.099	551.977
34.782	730.243	552.458
34.515	731.024	551.419
34.556	730.584	551.535
34.196	730.855	550.981
34.461	731.755	551.608
34.687	732.171	552.620
34.613	732.219	552.841
34.659	732.203	552.051
34.350	733.241	551.661
34.290	732.629	552.440
34.350	732.418	552.248
34.530	731.337	553.174
34.529	730.793	552.100
34.804	731.059	552.616
34.268	730.466	552.648
34.085	730.986	551.547
34.151	731.157	551.200
33.870	729.930	550.512
34.392	729.865	550.419
34.539	730.309	549.983
34.917	729.259	551.452
34.641	730.364	549.962
34.439	730.754	548.653
34.396	730.093	549.632
34.127	730.902	549.569
34.285	731.108	550.550
34.509	730.998	550.706
34.272	730.655	550.623
34.639	730.670	551.814
34.413	729.920	551.722
34.623	729.731	550.999
34.638	730.344	551.652
34.799	729.845	553.191
34.359	730.554	553.001
34.363	730.949	553.072
34.928	730.826	553.900
34.479	731.795	553.425
34.696	732.127	552.955
34.800	732.346	552.427
34.633	732.495	552.304
34.263	732.253	552.150
34.555	732.332	552.814
34.445	732.800	552.484
34.308	733.569	551.096
34.198	732.447	551.499
34.359	730.944	552.523
34.334	731.074	553.134
34.662	730.301	553.399
34.270	730.168	551.780
34.532	730.184	551.736
34.442	729.978	551.217
34.633	730.595	550.752
34.487	730.794	551.311
34.395	730.720	551.570
34.523	731.332	552.412
34.326	731.878	552.348
34.388	731.803	552.611
33.963	731.370	551.751
34.363	731.867	551.325
34.227	731.155	552.150
34.553	731.015	552.881
34.819	731.975	553.319
34.648	732.124	553.511
34.750	732.415	553.228
34.463	732.295	552.667
34.540	731.387	553.659
34.594	731.127	553.173
34.766	731.757	552.506
34.398	731.688	553.488
34.534	731.687	553.496
34.603	732.798	553.480
34.799	732.572	553.312
34.612	732.476	553.731
34.655	732.028	554.294
34.559	731.593	554.819
34.635	731.803	555.479
34.775	732.183	555.576
34.593	732.623	554.983
34.252	732.633	553.885
34.504	732.538	553.127
33.884	731.583	552.589
33.993	730.768	553.290
34.666	730.939	554.214
34.329	731.506	553.081
34.689	732.379	552.240
34.904	732.122	553.470
34.720	733.355	553.340
34.694	733.581	553.547
34.632	734.575	553.532
34.033	734.266	552.964
34.356	733.394	552.930
34.582	733.089	553.342
34.676	733.303	552.936
34.385	732.731	552.812
34.358	732.879	552.712
34.162	732.096	553.467
34.405	731.458	552.083
34.455	730.864	551.434
34.397	730.823	552.763
33.911	731.178	552.013
34.576	732.136	551.380
34.224	732.525	551.804
34.646	732.917	552.715
34.448	733.093	552.295
34.194	733.580	552.412
34.198	732.342	553.310
34.518	732.144	553.362
34.174	731.231	552.630
34.453	730.981	552.235
34.530	731.947	551.785
34.470	732.317	552.178
34.527	732.271	551.843
34.378	732.424	552.776
34.418	732.353	553.229
34.828	732.522	553.477
34.917	733.579	553.746
34.352	734.376	553.492
34.693	734.701	552.162
34.865	734.358	553.110
34.539	732.079	553.771
34.657	732.308	553.044
34.255	732.141	552.814
34.739	733.073	552.881
34.280	732.991	552.242
34.038	732.340	552.707
34.383	731.778	552.457
34.125	731.699	551.841
34.012	731.451	553.055
34.675	730.200	553.508
34.630	730.564	553.653
34.526	732.350	552.823
34.529	731.945	552.751
33.843	731.424	551.655
34.415	729.808	551.400
34.463	730.222	550.832
34.685	729.717	551.130
34.867	728.946	552.604
34.008	729.327	551.763
34.515	728.986	550.842
34.489	729.549	549.400
34.235	730.389	548.149
34.602	730.073	548.163
34.709	729.025	548.488
34.528	728.266	549.195
34.360	729.030	548.446
34.438	728.559	549.510
33.982	729.809	549.234
34.228	730.106	547.898
34.425	730.050	548.783
34.297	730.633	549.628
34.316	731.674	550.310
34.414	731.888	549.806
34.129	731.832	550.344
33.921	730.996	549.982
34.387	731.677	550.371
34.345	731.930	551.757
34.628	731.995	553.357
34.739	732.491	552.986
34.642	732.237	552.745
34.616	733.014	553.483
34.598	733.323	553.922
34.612	733.546	554.575
34.714	734.066	554.192
34.172	732.898	553.689
34.210	732.698	553.408
34.062	731.812	554.015
34.889	732.657	554.470
34.312	731.979	554.384
34.846	731.775	555.072
34.753	732.034	554.680
34.631	732.006	556.186
34.795	732.327	555.767
34.742	732.636	555.054
34.396	732.067	554.368
34.636	732.150	553.057
34.151	732.197	551.162
34.209	731.959	551.455
34.184	732.254	550.901
34.283	731.612	551.114
34.091	731.838	550.848
34.169	730.998	551.851
34.933	731.011	552.735
34.938	731.479	553.383
34.477	731.346	553.004
34.449	730.801	553.693
34.499	730.931	554.276
34.712	731.811	553.543
34.686	732.070	554.074
34.419	730.665	553.963
33.789	729.600	554.394
34.065	729.261	553.470
34.144	728.975	552.217
34.565	728.953	552.260
34.555	729.265	552.286
34.685	729.864	551.783
34.511	731.591	551.177
34.355	732.432	551.473
34.265	732.297	551.303
34.512	731.430	552.753
34.801	730.487	553.138
34.453	730.546	552.642
34.088	731.889	551.407
34.395	732.831	550.422
34.416	733.420	549.586
33.777	732.833	549.687
34.247	732.559	551.142
34.016	732.476	551.259
34.244	731.105	551.241
34.550	731.645	550.465
34.274	731.562	550.317
34.043	731.606	550.010
34.080	732.696	550.371
34.315	732.137	551.643
34.886	732.457	552.862
34.625	732.068	552.949
34.626	731.585	552.883
34.765	731.950	553.096
34.366	731.539	553.003
34.128	731.588	552.168
34.374	731.857	552.665
34.640	732.057	553.086
34.544	732.897	552.190
34.291	733.339	552.835
34.759	733.270	553.398
34.626	733.225	553.114
34.135	732.830	551.965
34.194	732.953	551.434
33.836	732.489	550.648
34.262	732.235	550.661
34.289	732.008	550.357
34.739	731.935	550.016
34.396	732.044	551.470
34.216	733.107	550.064
34.180	733.274	549.863
34.666	732.634	551.040
34.128	733.250	550.936
34.682	731.994	553.160
34.594	731.796	552.960
34.702	733.223	553.668
34.496	734.708	553.233
34.311	734.803	553.481
34.489	733.923	552.936
33.738	732.789	552.921
34.514	732.742	552.626
34.152	732.054	553.365
34.038	731.720	552.615
34.193	731.827	552.985
34.485	731.244	554.057
34.085	730.628	553.103
34.351	730.456	552.532
34.709	730.008	553.226
34.873	730.513	553.027
34.746	731.840	553.486
34.552	731.958	553.734
34.412	732.318	553.092
34.467	732.720	552.092
34.739	733.073	551.940
34.532	732.310	552.703
34.345	733.189	551.931
34.434	733.645	552.011
34.443	733.383	553.254
34.860	732.461	553.962
34.674	730.954	555.488
34.488	731.777	554.699
34.649	731.404	555.718
34.722	731.640	556.321
34.757	732.296	556.394
34.488	732.165	555.806
34.696	732.235	555.596
34.476	731.987	555.450
34.434	732.852	553.749
34.360	733.381	553.044
34.096	732.134	552.419
33.785	731.036	550.612
34.349	730.770	550.803
33.776	730.458	550.459
34.568	729.809	550.303
34.665	729.554	551.431
34.357	729.609	551.716
34.673	729.618	552.820
34.518	729.743	552.865
34.328	731.190	551.300
34.012	730.976	551.000
34.519	731.537	550.515
34.283	732.257	551.196
34.189	732.546	550.681
33.764	732.314	549.983
33.246	732.099	547.753
34.088	731.229	548.569
34.052	731.188	548.809
34.356	730.472	550.010
34.596	729.870	550.687
34.742	729.502	551.883
34.013	729.061	553.178
34.673	729.163	552.120
34.754	728.214	551.781
34.507	728.601	551.162
34.444	729.696	551.285
34.555	730.861	550.315
34.535	731.067	551.330
34.505	731.223	551.402
34.407	731.727	551.533
34.941	731.931	552.828
34.442	732.138	551.971
34.370	731.372	551.530
33.996	732.216	550.821
34.218	732.676	550.325
34.295	732.164	550.865
34.078	732.180	550.606
33.679	731.836	550.799
33.756	731.033	550.777
34.062	730.619	551.542
34.526	730.931	551.880
34.271	730.737	552.335
34.103	730.509	552.585
34.224	731.244	552.702
34.605	731.161	553.067
34.457	732.629	552.282
34.566	733.891	551.681
34.073	733.800	550.466
34.283	733.294	550.352
34.572	732.609	550.796
34.292	732.898	551.493
34.188	732.178	551.596
34.470	732.532	552.444
34.641	733.502	552.184
34.366	734.877	551.958
34.202	734.757	552.296
34.064	733.222	553.439
34.048	732.015	553.864
34.016	731.513	553.936
34.162	731.326	553.796
34.665	731.263	553.757
34.157	730.521	553.738
34.014	730.415	552.533
34.532	730.344	552.608
34.307	730.703	551.629
34.227	731.050	551.013
34.313	731.509	551.165
34.047	731.351	552.499
34.590	730.164	552.063
34.999	730.420	552.029
33.899	730.366	551.317
34.527	729.872	550.563
34.539	730.060	550.299
34.346	730.416	549.666
34.202	729.451	550.459
34.560	728.885	550.118
34.926	728.645	550.932
34.661	729.175	550.819
34.609	728.387	551.781
34.657	728.700	551.903
34.303	730.672	551.200
34.467	731.761	550.566
33.890	732.421	550.817
34.619	731.673	551.943
34.285	732.567	551.688
34.041	733.071	550.894
34.253	732.922	551.129
33.561	732.568	549.215
33.951	731.017	549.544
34.208	729.598	550.472
34.497	729.041	551.981
35.090	728.924	552.147
34.789	729.369	551.746
34.549	729.030	552.079
34.744	727.730	552.288
34.420	728.577	550.669
34.396	729.004	550.290
34.750	728.556	550.222
34.613	727.988	549.698
34.808	727.894	550.292
34.497	728.221	550.247
34.529	727.877	550.728
34.561	727.942	551.175
34.712	728.548	550.911
34.455	729.828	550.237
34.350	730.335	549.018
34.207	730.124	548.358
34.342	729.275	549.658
34.591	729.017	549.832
34.119	728.302	550.300
34.935	727.556	550.307
34.696	727.785	550.678
35.067	727.647	551.801
34.787	727.980	551.856
34.914	727.657	552.218
34.720	728.282	551.772
34.634	728.150	552.302
34.651	728.067	552.928
34.686	727.913	554.196
34.435	729.851	552.297
34.114	731.440	550.751
34.541	732.075	551.460
34.528	732.961	551.063
34.340	732.591	551.811
34.428	733.421	552.661
34.129	733.169	553.311
34.374	731.927	552.643
33.560	732.160	550.452
33.975	731.695	549.733
34.413	731.055	550.837
34.789	731.357	551.639
34.160	730.904	551.706
33.880	730.403	551.539
34.125	729.284	550.777
34.625	728.273	551.300
34.492	727.845	551.750
34.868	727.626	552.971
34.652	728.355	553.289
34.831	729.637	553.071
34.647	730.908	553.604
34.554	730.974	554.090
34.424	730.871	553.326
34.517	730.601	552.612
34.498	730.084	553.670
34.742	730.046	554.378
34.591	730.754	554.295
34.555	732.906	552.602
34.686	733.704	552.341
34.207	733.784	552.472
34.398	733.137	552.580
34.563	732.396	553.068
34.749	732.373	552.852
34.571	732.930	552.294
34.542	732.985	552.293
34.146	731.504	552.936
34.346	731.448	551.976
33.607	730.520	550.959
34.280	729.884	550.166
34.085	729.816	550.264
34.659	729.922	551.754
34.408	730.295	552.001
34.282	730.331	551.607
34.383	730.640	551.080
34.277	731.187	551.180
34.072	730.124	550.560
34.376	730.205	551.150
34.085	731.638	550.116
34.060	732.594	549.694
34.085	732.069	551.236
34.369	731.569	551.800
34.403	731.324	552.165
34.174	731.245	552.374
34.337	731.503	552.149
34.331	731.865	552.786
34.551	731.750	552.842
34.066	731.160	552.546
34.034	730.808	551.837
33.891	730.725	551.280
34.586	730.931	551.405
34.303	730.380	550.996
34.565	730.170	550.929
34.216	729.866	550.328
34.396	729.911	550.574
34.326	730.525	551.145
34.368	730.837	552.560
34.401	730.559	553.423
34.587	730.420	553.285
34.603	729.488	554.518
34.508	729.351	555.794
34.343	730.098	556.296
34.251	730.875	555.004
34.482	732.395	553.841
34.226	733.176	553.298
34.509	733.753	552.650
34.022	733.927	551.593
33.930	734.086	551.509
33.940	734.446	551.676
34.378	733.814	552.262
33.566	733.080	551.112
34.270	732.561	551.529
33.951	733.294	551.408
34.127	732.832	551.744
34.368	732.964	552.609
34.088	732.428	552.128
34.462	732.200	551.991
34.307	732.619	551.767
34.324	732.759	552.826
34.522	732.960	551.797
33.476	732.230	550.825
34.426	731.953	550.723
33.859	731.837	550.505
33.563	731.056	549.351
33.782	730.566	547.476
34.106	730.574	546.568
34.151	730.680	547.327
34.403	730.559	548.369
34.045	731.166	548.302
34.252	730.862	549.202
33.886	731.154	548.798
34.166	731.173	548.894
34.165	731.596	548.466
33.923	731.531	548.341
34.120	731.272	549.405
33.807	731.525	548.805
34.469	732.006	550.152
34.302	731.467	551.464
34.405	731.243	551.946
33.897	731.728	551.918
34.512	731.042	552.069
34.204	731.279	552.273
34.504	730.542	552.802
34.219	732.258	553.237
34.600	732.193	553.322
34.664	731.740	553.367
34.223	732.202	551.654
33.572	732.608	549.245
34.323	732.020	550.424
34.443	731.042	551.442
34.550	730.366	552.957
34.584	729.225	554.174
34.312	729.400	554.240
34.799	729.759	553.660
34.509	730.414	554.070
34.315	730.762	553.325
34.319	731.681	552.128
33.905	731.342	551.797
33.916	731.374	551.223
34.167	731.612	550.820
34.363	732.124	551.666
34.189	732.656	552.426
34.093	731.763	552.306
34.161	732.059	552.068
34.157	731.388	552.430
34.574	731.933	551.882
34.683	733.021	553.071
34.553	735.097	552.534
34.592	734.865	552.769
33.768	734.844	552.347
34.572	735.264	551.748
34.202	734.591	552.120
33.846	733.945	551.714
33.790	733.283	551.360
34.241	733.374	552.313
34.109	732.890	551.743
33.881	732.112	552.596
34.513	732.276	553.624
34.595	732.653	553.448
34.069	731.573	554.266
34.229	731.192	552.961
34.251	731.231	552.985
34.370	730.849	553.514
34.656	730.703	554.331
34.233	731.417	553.664
34.743	731.810	554.360
34.237	732.140	552.708
34.310	732.367	552.244
33.998	731.820	552.136
34.747	732.171	552.726
34.231	731.484	552.831
34.799	731.301	553.659
34.415	732.077	552.794
34.439	733.016	552.463
34.284	733.250	552.305
34.351	732.711	553.000
34.393	732.614	554.070
34.279	733.176	552.126
33.884	733.762	550.858
34.079	732.553	550.474
33.647	731.296	550.467
34.407	730.906	550.316
33.988	731.026	550.782
34.238	730.454	552.260
34.327	729.852	552.067
34.265	731.227	551.883
34.066	731.744	552.414
34.437	731.767	552.141
34.307	731.513	551.793
34.228	731.453	552.775
33.871	730.243	552.596
34.300	729.668	552.663
34.241	729.243	554.071
34.206	729.964	552.438
34.281	729.015	552.527
34.532	729.811	552.114
34.567	730.081	551.843
34.131	729.154	552.533
34.415	729.540	552.676
34.306	731.073	552.754
34.774	731.294	553.368
34.363	731.527	553.011
34.349	732.166	553.278
34.211	732.088	552.695
34.259	732.183	552.630
34.067	731.263	553.517
34.483	731.372	553.281
34.782	731.312	553.214
34.487	731.830	552.570
34.129	731.906	552.890
33.997	732.141	551.882
33.719	731.801	550.534
34.142	731.668	551.975
33.693	731.237	551.909
34.681	730.836	552.799
34.024	730.902	551.737
34.214	731.121	551.012
34.246	731.192	550.362
33.847	732.118	549.030
33.741	732.625	548.047
34.082	731.703	549.255
34.164	731.623	549.700
34.364	732.057	549.975
34.294	732.213	550.681
33.749	732.602	550.491
34.008	732.023	550.797
34.094	731.491	550.847
34.157	731.558	549.947
34.049	732.499	550.120
34.212	731.904	550.920
34.381	731.782	552.645
34.342	732.140	554.265
34.843	732.361	553.532
34.725	732.196	553.173
34.562	732.110	553.306
34.305	732.061	553.464
34.570	731.222	553.869
34.742	730.961	554.670
34.597	731.272	554.345
34.212	730.540	552.302
33.840	730.971	550.882
34.450	730.944	552.012
34.301	730.979	553.137
34.473	730.959	553.907
34.529	731.310	554.242
34.447	731.931	553.946
34.532	731.552	554.360
34.327	731.125	554.245
33.740	729.861	553.960
34.384	730.128	553.958
34.436	730.138	553.657
34.332	730.828	553.268
34.345	730.660	554.019
34.415	731.014	554.254
34.165	731.040	553.423
34.273	730.877	552.636
34.294	730.966	553.061
34.193	730.343	552.017
33.847	729.899	549.899
34.381	728.878	550.400
34.714	727.904	552.221
35.226	727.738	552.612
34.567	727.830	553.975
34.588	728.666	554.828
34.553	729.311	555.380
34.602	731.072	553.847
34.230	731.160	553.107
34.558	730.298	552.755
34.466	730.767	553.126
34.215	731.002	552.637
34.158	732.039	551.726
34.200	732.458	550.296
33.943	733.348	548.243
33.773	733.088	549.006
34.014	733.327	549.307
34.281	733.328	550.537
34.097	733.165	552.014
34.337	733.958	551.303
33.915	732.617	551.251
33.553	732.872	549.936
33.525	733.136	549.520
33.852	733.272	548.489
33.728	732.126	549.340
34.434	731.411	550.599
34.170	732.336	550.468
33.868	732.295	550.428
34.096	731.981	549.381
34.343	732.778	549.513
34.236	732.320	551.927
34.337	731.907	552.529
34.485	733.184	552.504
34.026	733.307	551.429
34.269	732.758	551.450
34.372	733.208	551.944
34.519	733.106	552.096
34.128	732.591	551.946
34.021	732.659	552.625
34.381	733.505	552.684
34.237	734.103	552.301
34.105	732.994	551.883
34.275	732.666	552.350
34.432	733.530	551.838
33.955	733.589	551.491
34.316	732.804	552.172
33.518	731.931	551.584
33.835	731.491	551.968
34.353	730.793	552.091
34.529	731.680	552.044
34.344	731.916	553.665
34.095	732.400	552.940
34.580	733.231	552.362
34.193	733.748	551.698
34.016	735.403	551.554
34.149	735.816	551.525
33.874	735.093	550.340
33.355	734.479	549.624
34.271	733.427	549.342
33.674	732.366	549.360
34.284	731.945	549.092
33.978	731.134	549.576
33.836	730.307	550.380
34.295	730.191	550.722
34.329	731.075	551.372
34.275	730.499	552.421
34.234	729.051	552.718
34.098	730.435	551.386
34.395	730.767	549.994
33.815	730.578	550.044
34.143	730.786	549.586
33.417	730.741	547.582
33.975	730.191	548.202
34.099	730.043	549.047
34.167	729.554	549.710
34.339	729.500	550.810
34.684	729.244	551.652
34.208	729.466	551.586
34.870	729.350	551.101
34.476	729.697	550.507
34.264	730.369	552.014
34.193	730.705	553.503
33.886	731.609	551.807
34.270	731.767	551.686
33.999	732.508	551.480
33.999	733.339	550.307
33.880	732.707	550.578
34.136	732.585	551.493
34.053	732.661	551.203
33.836	732.094	552.071
34.103	731.417	552.841
34.061	730.903	552.993
34.238	731.769	551.775
34.193	731.914	551.683
34.086	732.547	552.049
33.991	732.553	552.462
34.204	733.789	551.705
34.154	734.246	552.705
34.177	735.072	552.889
34.002	734.866	553.116
33.931	734.349	552.698
34.551	733.903	552.562
33.724	734.157	552.199
34.154	733.137	553.112
34.132	732.309	553.894
34.131	732.022	553.514
34.049	731.057	555.057
34.280	730.975	554.903
34.504	731.309	554.485
34.508	730.637	553.873
34.038	731.110	552.830
33.804	731.396	551.341
34.210	730.103	552.442
34.074	730.245	552.421
34.642	730.603	551.898
34.351	730.715	552.935
34.290	730.827	553.447
34.448	731.055	552.485
33.851	731.261	552.192
34.342	730.685	552.932
33.987	731.347	552.541
34.122	731.649	551.829
34.242	730.549	553.118
34.456	729.966	554.342
34.533	729.895	554.838
34.320	730.383	554.905
34.220	730.588	554.823
34.031	731.321	554.541
34.310	729.800	555.007
34.791	730.872	555.127
34.125	732.520	553.759
34.246	734.131	553.158
34.490	732.893	553.167
34.063	733.103	553.026
34.135	733.018	553.018
33.724	732.976	551.105
33.834	733.157	550.787
34.339	732.347	552.195
34.248	731.739	551.796
34.113	732.495	550.382
34.205	731.926	551.372
34.155	732.764	551.199
33.806	733.026	550.887
33.856	733.240	549.945
33.629	733.037	549.639
34.493	732.311	551.546
34.426	731.716	553.018
34.297	732.723	552.672
34.305	733.321	552.149
34.360	732.024	552.445
34.200	731.845	550.466
34.403	733.841	549.178
34.158	733.536	549.699
34.220	734.386	550.894
33.751	733.571	550.766
34.286	732.689	552.494
33.785	732.921	551.602
33.366	732.622	551.896
33.971	731.571	552.305
34.112	730.847	551.587
33.689	730.184	551.627
34.156	730.073	551.148
34.866	729.424	551.721
34.559	729.416	552.219
34.489	729.990	551.376
34.259	730.315	551.980
34.177	731.189	552.742
33.994	732.978	552.959
34.277	733.836	552.753
34.154	733.309	552.976
33.893	732.248	552.309
34.132	731.308	552.594
34.484	731.045	552.403
33.675	730.685	550.701
33.849	731.099	549.672
34.043	731.493	549.128
34.551	731.643	548.935
34.191	731.674	550.069
