33.662	730.911	551.011
33.673	731.777	549.895
33.307	732.249	550.271
33.717	731.624	550.935
33.833	731.842	552.300
34.034	732.513	553.052
34.001	732.420	553.519
33.595	731.964	554.694
33.558	732.878	553.217
33.158	733.282	551.400
33.669	732.593	552.254
33.580	732.740	553.133
34.136	732.472	554.076
33.478	731.931	552.854
33.648	732.682	551.593
33.562	732.761	550.965
33.595	732.515	551.770
33.546	733.409	551.338
33.499	733.629	550.656
33.630	733.261	550.965
33.645	732.439	553.149
34.089	732.151	553.676
33.431	732.259	553.259
34.216	732.388	552.987
33.732	733.106	552.519
33.743	733.562	552.343
33.695	734.946	551.483
33.712	733.763	551.599
33.480	733.657	552.400
33.426	734.039	552.069
33.285	734.964	552.367
33.826	735.291	552.239
33.329	735.026	551.866
33.956	735.941	551.994
33.716	736.572	551.869
33.661	735.759	552.362
33.648	735.617	553.080
33.446	736.076	551.702
33.248	735.069	551.311
33.128	733.605	550.893
33.521	733.646	550.223
33.402	733.611	549.325
33.358	731.915	550.757
33.682	731.704	551.842
33.654	731.597	552.844
33.591	733.135	552.193
33.736	733.481	551.378
33.370	733.911	551.211
33.713	734.682	552.128
33.580	735.437	552.987
33.782	735.690	553.339
33.020	735.498	552.762
33.638	735.327	552.969
33.090	736.399	550.723
33.375	736.240	549.510
33.726	735.242	550.172
33.707	734.621	551.223
33.411	735.239	550.693
33.324	734.568	550.755
32.943	732.069	551.950
33.647	730.832	552.984
33.676	730.915	554.077
33.981	731.757	554.682
34.106	732.917	553.724
33.955	733.368	552.496
33.306	733.690	553.280
33.709	734.836	553.187
33.580	734.203	553.023
33.759	733.725	553.834
32.786	732.828	553.717
32.801	732.182	552.572
33.200	732.034	550.948
33.532	732.866	549.699
33.517	731.367	550.714
33.531	730.945	550.002
33.704	729.885	552.238
34.139	729.237	553.513
33.567	728.981	553.616
33.302	729.681	553.502
33.538	731.358	552.184
33.731	732.025	552.136
33.846	732.695	551.285
33.613	732.648	551.109
33.218	733.266	551.365
33.377	733.316	550.000
33.426	734.071	549.280
33.245	733.240	548.190
33.486	731.266	550.442
33.201	730.331	550.447
33.878	729.655	550.972
33.703	731.544	551.041
33.557	732.055	551.513
33.711	731.707	551.493
33.576	731.943	551.076
33.113	732.057	550.361
33.679	731.155	551.828
33.609	731.612	550.912
33.639	731.737	550.655
33.139	730.356	552.030
33.627	729.784	551.855
33.422	730.004	551.458
33.697	730.294	550.494
33.733	729.673	548.979
33.774	729.841	548.779
33.846	729.727	549.341
33.374	730.216	549.348
33.497	730.254	549.105
33.715	729.986	548.951
33.821	730.363	549.487
33.470	730.688	550.298
33.754	731.613	551.723
33.659	733.170	552.416
33.686	733.667	552.526
34.055	733.515	552.243
33.790	733.867	553.078
33.864	734.282	552.241
34.047	734.112	552.403
34.334	733.509	552.944
33.793	733.466	552.300
33.902	733.027	551.565
33.680	733.995	552.167
33.670	734.278	552.222
33.497	734.156	551.979
33.645	733.807	551.508
33.846	733.259	550.724
33.555	732.840	550.685
33.494	733.243	551.025
33.787	733.081	551.731
33.407	733.445	550.988
33.284	733.262	552.428
33.795	732.218	553.618
33.866	732.572	552.000
33.491	732.980	550.935
33.259	732.615	550.482
33.194	732.077	549.988
33.441	731.109	550.753
33.729	730.802	551.234
33.640	731.524	550.811
33.378	731.738	551.126
33.762	731.574	551.214
33.704	732.153	552.526
33.575	731.476	553.390
33.737	730.606	552.765
33.740	731.746	553.025
33.879	732.307	551.291
33.756	731.836	551.164
34.014	732.300	550.999
33.743	732.358	553.538
34.318	732.333	554.425
34.256	731.911	554.485
33.654	733.751	552.994
33.920	733.725	553.044
33.285	733.173	551.599
33.925	733.278	551.502
33.341	734.206	548.850
33.176	733.271	549.303
33.512	732.963	550.084
33.866	732.252	552.029
33.491	732.285	552.912
33.525	731.753	552.751
34.142	732.693	552.740
33.953	733.534	553.250
33.756	733.854	552.692
33.362	732.101	552.973
33.286	732.194	551.179
33.891	730.499	552.676
33.677	730.935	552.277
33.552	732.088	552.085
33.732	731.816	552.621
33.804	732.070	552.192
33.842	731.126	553.098
33.659	731.430	552.060
33.894	731.510	552.573
33.715	731.875	554.184
33.932	732.546	554.377
33.871	733.551	553.932
33.765	733.046	553.857
33.587	733.790	552.121
33.240	732.860	550.937
33.715	732.845	550.920
33.198	733.238	550.765
34.042	731.993	551.858
33.443	732.031	551.943
33.486	732.887	550.515
33.425	734.236	550.212
33.732	733.695	551.803
33.733	734.799	552.353
33.774	734.950	551.343
33.558	734.923	551.143
33.461	734.656	551.547
33.179	734.436	552.114
33.791	733.689	552.857
33.632	733.974	552.241
33.820	733.526	553.301
33.424	734.439	551.604
33.973	733.503	551.586
33.829	733.614	553.706
33.897	733.029	554.686
33.745	733.270	554.245
33.830	732.394	554.688
33.837	732.467	555.907
33.936	733.281	555.299
33.646	731.987	554.829
33.993	731.517	555.286
33.590	732.255	552.976
33.623	732.573	551.506
32.833	732.457	550.223
33.573	730.179	550.843
33.489	729.281	551.204
33.720	729.498	550.672
33.837	728.741	551.089
34.115	728.471	551.957
33.898	728.411	553.063
33.628	729.245	553.829
33.761	730.242	554.292
33.522	731.693	553.418
33.157	731.671	553.623
33.422	732.041	553.766
33.421	731.309	554.763
33.635	732.057	553.962
34.103	732.618	554.997
34.184	733.245	554.425
33.336	733.367	553.038
33.642	733.539	554.314
33.991	734.562	553.091
33.441	733.667	553.858
33.556	733.894	553.202
33.582	734.026	552.926
33.607	733.687	551.842
33.490	734.596	551.640
33.662	734.876	551.810
33.094	733.306	552.274
33.379	732.450	551.383
33.748	731.867	551.452
33.567	731.770	551.833
33.788	731.679	554.259
33.658	732.170	555.417
33.816	732.887	554.469
33.826	733.415	554.000
33.751	733.622	552.997
33.228	733.654	550.893
32.802	734.081	548.703
33.687	733.127	549.602
33.516	733.259	551.362
33.442	734.060	550.493
33.630	733.263	550.248
33.508	732.806	551.583
33.722	732.221	553.068
33.232	732.213	551.486
33.550	731.892	551.018
33.483	731.604	551.565
33.100	732.271	550.817
33.532	731.534	551.024
33.197	733.159	550.717
33.003	732.954	550.122
33.624	733.252	551.387
33.477	733.806	551.473
34.007	733.596	551.431
33.592	733.843	552.563
33.652	734.607	553.883
33.474	736.108	554.036
33.535	737.182	553.991
33.542	736.036	553.504
33.027	733.631	553.434
33.277	733.974	551.708
33.407	734.180	550.872
33.521	734.034	551.367
33.225	734.014	551.874
33.408	733.664	552.540
33.430	734.885	551.406
33.274	733.849	550.985
32.847	733.202	550.374
33.232	731.962	551.935
33.644	733.058	551.906
33.439	734.055	552.065
33.435	734.760	551.343
33.256	734.489	550.327
33.464	734.077	551.024
33.730	733.636	551.542
33.288	734.425	551.755
33.644	732.903	553.041
33.454	732.845	552.524
33.691	732.305	552.548
33.352	732.004	551.350
33.276	731.959	550.337
33.442	732.579	549.738
33.168	732.940	550.034
33.313	731.790	552.278
33.577	732.419	551.335
33.612	731.316	551.674
33.292	731.258	551.229
33.788	731.628	550.639
33.625	732.893	551.473
33.485	732.909	550.907
33.359	732.202	550.962
33.645	732.782	550.359
33.663	732.435	551.251
33.926	732.014	551.717
33.736	731.752	553.974
33.513	731.364	552.737
33.408	730.372	554.465
33.881	731.484	553.260
33.719	732.271	553.528
33.641	734.016	552.409
33.816	734.569	552.489
34.006	734.473	552.530
33.485	733.915	552.779
33.654	734.014	552.090
33.366	734.124	551.200
33.287	735.040	550.478
33.593	734.006	551.839
33.542	734.352	551.854
33.593	734.151	552.924
33.920	733.690	554.220
33.492	733.552	553.885
33.770	734.102	554.639
33.632	734.302	553.223
33.667	733.927	552.574
33.135	734.136	551.087
33.263	734.128	550.686
33.633	733.433	550.938
33.621	732.246	552.494
33.804	731.705	553.630
33.113	731.817	554.103
34.002	732.195	552.862
33.244	731.495	552.048
33.643	731.014	552.710
33.879	730.898	554.404
33.692	729.581	555.504
33.494	729.924	555.436
33.498	729.272	554.953
33.668	729.389	553.450
33.486	729.098	552.868
34.114	729.611	552.821
33.592	730.898	552.263
33.707	730.736	552.912
33.654	730.663	553.881
33.551	731.635	554.866
33.769	732.529	554.576
33.598	732.485	555.709
33.509	731.083	555.837
33.223	730.117	554.143
33.191	730.563	553.029
33.518	730.269	552.718
33.390	730.231	553.479
33.884	730.088	553.192
33.391	730.978	552.529
33.670	731.523	552.741
33.800	732.485	552.392
33.636	732.401	551.945
33.640	732.391	552.729
33.569	732.708	551.796
33.425	733.000	551.671
33.307	733.592	551.682
33.277	732.788	551.464
33.380	731.926	551.566
33.353	731.111	552.824
33.414	730.724	553.163
33.064	729.761	554.428
33.710	729.550	554.054
33.827	730.223	554.226
34.037	729.729	554.448
33.764	731.228	553.465
33.571	732.483	552.019
33.679	732.410	552.612
33.857	731.125	554.251
33.733	731.284	553.821
33.638	731.230	553.771
33.491	732.191	552.854
33.422	731.376	553.742
33.465	731.414	552.521
33.545	730.304	554.600
33.023	730.188	553.618
33.510	730.319	554.326
33.419	730.588	552.341
33.848	732.424	551.521
33.508	732.634	550.563
33.332	732.593	551.478
33.289	732.872	551.037
33.614	733.053	550.921
33.232	732.050	552.228
33.534	731.751	553.935
33.766	732.074	553.938
33.680	732.375	553.468
33.559	731.307	554.279
33.880	731.737	553.665
33.367	732.372	553.100
33.366	732.029	551.574
33.756	732.140	551.887
33.577	732.787	551.876
33.448	733.289	551.284
33.803	732.655	553.292
33.748	734.015	551.997
33.428	733.685	552.086
33.059	732.792	552.034
33.515	732.712	553.108
33.290	732.565	553.177
33.472	734.264	551.503
33.019	734.883	551.949
33.602	734.611	553.309
33.578	733.989	553.126
33.417	733.496	551.990
33.475	733.460	550.741
33.043	733.198	550.204
33.159	733.314	549.898
33.288	733.320	550.645
33.500	732.498	550.545
33.330	731.862	550.582
33.196	731.895	550.525
33.057	731.064	551.018
33.472	731.052	551.127
33.682	731.096	550.750
33.443	731.062	551.224
33.459	730.052	551.799
33.615	730.228	552.013
33.812	730.035	552.426
33.359	730.536	552.742
33.414	731.618	552.342
33.612	731.633	550.694
33.451	731.559	551.610
33.141	731.292	551.592
33.374	730.126	550.848
33.751	728.560	552.238
33.697	728.732	553.180
33.658	730.313	552.710
33.599	730.095	553.965
33.960	731.077	554.063
33.591	730.857	553.465
33.484	732.157	550.562
32.771	733.188	548.557
33.258	733.176	548.826
32.741	732.973	548.143
33.158	733.548	548.912
33.569	733.648	550.917
33.305	734.622	552.727
33.378	735.322	553.047
33.200	734.840	552.720
33.524	735.732	551.403
33.179	735.109	551.720
33.159	735.613	549.925
32.956	735.597	549.214
33.314	733.888	550.489
33.343	734.077	551.034
33.792	734.167	552.434
33.877	734.090	553.360
33.588	733.664	554.588
33.733	734.347	556.082
33.749	734.625	557.425
33.832	734.343	558.615
33.662	734.709	557.846
32.908	733.301	556.066
33.232	733.314	555.032
33.024	731.814	554.524
32.651	731.231	553.709
33.698	730.491	552.572
33.535	730.748	552.313
33.528	731.495	552.304
33.219	732.235	550.035
32.993	732.502	550.537
33.036	732.886	550.953
33.783	733.074	551.714
33.653	733.636	551.696
33.487	734.104	552.561
33.426	734.674	552.370
32.848	735.193	551.984
33.308	733.390	553.634
33.213	732.396	552.941
33.274	731.898	553.514
33.503	731.387	554.099
34.503	730.527	555.277
33.814	731.395	556.590
33.583	731.364	556.911
33.667	730.847	556.947
33.381	730.601	557.174
34.119	730.398	558.265
33.643	730.160	557.544
33.089	730.199	556.479
33.301	730.748	554.918
33.441	732.086	552.888
33.242	732.594	553.145
33.475	732.731	554.344
33.384	733.765	553.163
33.030	734.954	551.588
33.440	734.682	552.407
33.100	733.975	550.816
32.936	733.211	551.744
33.560	733.290	552.927
33.299	732.900	553.898
33.593	733.098	554.170
33.227	733.464	551.626
33.647	733.760	551.970
33.658	732.675	552.116
33.367	732.216	551.366
33.142	731.930	550.940
33.656	730.919	552.513
33.590	731.706	552.837
33.819	732.281	553.278
33.446	732.546	552.267
33.388	733.761	551.558
33.411	733.345	551.709
33.021	732.188	551.560
33.345	731.794	551.619
33.498	732.093	550.234
33.186	731.488	549.574
33.819	731.241	549.673
33.575	731.160	549.931
33.574	731.104	548.827
33.106	730.836	548.185
33.383	730.518	549.281
33.363	730.586	549.726
32.945	732.024	549.829
33.292	732.514	550.596
33.301	733.101	550.643
33.449	732.877	550.953
33.115	732.913	550.306
33.127	731.843	551.979
33.525	731.411	552.487
33.603	731.613	552.349
33.673	730.900	553.842
33.249	730.653	553.861
33.438	730.332	554.031
33.452	731.522	552.983
33.037	732.565	552.445
33.287	732.229	552.558
33.232	731.770	551.441
33.460	731.824	551.915
33.495	733.010	552.307
33.434	733.170	552.562
33.464	734.316	551.870
33.352	733.261	552.669
33.463	732.755	552.291
33.288	732.937	551.934
33.581	733.123	551.456
33.341	732.927	551.357
33.507	732.363	552.115
33.412	731.590	550.987
33.477	732.017	551.422
33.308	731.621	551.697
33.359	730.662	553.470
33.306	731.026	553.000
33.236	730.492	551.676
33.273	729.489	551.370
33.834	728.710	551.113
33.750	728.712	551.474
33.718	728.062	552.412
33.444	728.390	553.143
33.410	728.392	554.913
33.091	729.879	554.455
33.648	731.138	554.575
33.636	732.201	554.194
33.425	734.050	551.813
33.087	734.397	551.062
33.756	732.902	553.581
33.477	732.149	555.358
33.740	732.934	554.198
33.564	733.324	553.509
33.556	733.121	553.927
33.278	733.462	552.226
33.499	732.606	551.989
33.745	734.084	552.465
33.934	734.958	552.835
33.551	734.676	554.072
32.849	734.116	551.710
33.248	732.973	553.246
33.494	733.069	551.567
33.534	733.105	551.885
33.652	732.804	552.247
33.179	731.579	552.838
33.082	731.137	553.942
33.511	730.618	551.570
33.282	730.171	551.487
33.236	729.846	551.094
33.658	729.329	550.997
33.664	728.550	552.178
33.465	728.697	552.963
33.473	729.060	553.937
33.243	730.144	553.147
33.258	730.843	553.221
33.314	730.875	553.875
33.344	731.052	553.605
33.152	732.043	552.471
33.284	732.049	552.500
33.230	732.356	551.815
33.533	732.539	551.373
33.299	733.848	551.079
33.329	733.087	552.210
32.886	732.305	551.842
33.469	732.359	551.563
33.347	732.376	550.853
33.252	733.299	550.215
33.023	733.006	550.832
33.340	734.081	550.612
33.561	734.527	549.654
33.066	733.462	552.174
33.676	732.738	553.862
33.520	732.549	554.610
33.020	732.686	553.801
32.952	732.620	551.687
33.001	733.278	550.874
33.343	732.279	551.077
32.937	731.972	549.964
33.399	732.024	550.022
33.235	731.245	549.619
33.226	731.699	549.802
32.929	733.466	549.465
33.031	732.773	549.634
33.165	733.436	551.651
33.342	733.003	551.073
32.822	733.016	550.115
33.158	733.246	549.640
32.980	732.830	550.419
33.219	732.568	551.361
32.859	731.691	551.263
33.462	732.018	552.716
33.346	732.099	553.679
33.410	732.528	554.353
33.413	734.124	555.087
33.409	734.108	554.625
32.971	733.022	555.001
33.554	732.628	554.629
33.269	732.727	553.815
33.883	732.935	553.865
33.214	732.478	552.749
33.274	732.312	550.621
33.028	730.599	550.632
33.226	730.988	549.797
33.191	730.950	549.719
33.223	731.694	551.236
33.378	732.221	551.525
33.096	732.602	550.099
33.357	732.628	550.369
32.954	733.421	550.220
33.217	733.338	549.453
33.284	733.493	549.811
33.377	733.596	551.259
33.490	732.937	552.906
33.445	732.995	553.345
33.284	732.996	552.710
33.123	732.878	553.843
33.591	733.810	553.145
33.337	732.964	553.446
33.298	732.990	553.773
33.351	733.325	553.856
33.341	733.101	552.652
33.084	733.304	551.839
33.452	733.626	551.243
32.961	734.181	551.119
33.324	733.813	551.684
33.166	733.982	552.049
32.941	734.050	551.805
33.187	733.463	551.107
33.395	731.892	553.086
33.522	732.143	553.906
33.222	730.894	554.680
32.870	730.623	553.738
33.323	729.620	554.010
33.207	730.702	552.472
33.470	731.187	551.449
33.357	732.308	551.170
33.433	733.499	551.493
33.255	735.053	550.521
33.414	735.093	550.583
33.438	734.261	552.688
33.541	733.978	552.603
33.619	734.254	552.642
33.536	735.627	553.530
33.290	735.709	554.434
33.196	734.389	554.156
33.466	734.602	552.706
33.213	735.066	552.923
33.048	734.523	552.750
33.201	734.791	552.357
33.040	734.458	551.707
33.362	733.155	552.681
32.990	732.822	551.540
32.675	733.105	550.473
33.148	732.888	550.011
33.127	733.169	550.525
33.342	733.498	551.955
33.465	732.719	552.811
33.190	732.734	551.483
33.543	731.986	552.694
33.569	732.000	552.121
33.414	732.106	551.564
33.744	732.443	552.045
33.399	732.063	552.112
33.784	732.599	552.231
33.430	733.113	551.563
33.662	734.439	551.886
33.359	734.317	553.036
33.839	733.974	552.914
33.032	731.927	554.745
33.290	732.331	554.751
33.527	731.577	554.850
33.259	732.822	553.751
33.486	734.222	553.360
33.321	733.355	551.085
33.255	732.877	551.978
33.555	731.682	553.685
33.178	732.839	552.794
33.487	732.352	552.552
33.338	732.270	552.585
33.592	733.058	553.749
33.450	733.410	554.192
33.741	732.344	555.370
33.271	731.698	555.731
33.356	732.176	555.795
33.187	731.951	555.828
33.129	731.435	555.475
33.670	731.802	554.570
33.463	732.402	554.931
33.524	731.646	555.917
33.459	731.401	556.390
33.103	732.119	554.832
33.291	733.477	552.672
33.275	732.514	552.209
33.018	731.672	552.322
33.188	731.512	552.751
33.674	731.267	553.326
33.161	729.617	553.266
33.340	729.755	552.744
33.118	730.259	551.942
33.200	730.831	551.603
33.138	731.735	551.555
33.434	732.308	552.194
33.670	731.982	552.765
32.967	731.360	553.325
33.455	731.135	553.152
33.345	731.397	553.365
33.228	731.494	552.234
33.144	731.406	550.497
33.551	731.410	548.822
33.775	730.532	549.122
33.151	731.480	549.143
33.443	731.677	549.704
33.294	732.342	550.851
33.349	732.002	551.163
33.485	731.508	551.682
33.496	732.352	551.580
33.725	732.917	552.341
33.724	733.012	552.995
33.625	732.989	553.390
33.644	734.106	553.307
33.392	732.694	553.491
32.678	731.601	552.789
32.850	730.503	553.132
32.928	729.697	551.828
32.889	729.583	551.675
33.203	730.458	550.177
33.444	730.479	550.453
33.440	729.702	550.845
33.138	730.281	551.368
32.908	731.153	549.610
33.364	731.840	550.501
33.248	732.170	550.185
33.487	732.101	549.866
33.285	732.653	550.020
33.376	733.884	549.997
33.107	733.921	549.422
33.214	734.261	549.299
33.138	733.873	549.469
33.563	733.504	550.558
33.221	733.653	551.822
33.149	734.363	551.433
33.293	733.982	551.688
33.008	732.956	551.756
33.690	733.219	552.281
33.475	733.650	552.577
33.464	733.790	552.138
33.222	733.620	551.359
32.973	732.698	550.892
32.968	733.069	550.247
33.435	732.839	551.172
33.541	733.507	551.053
33.662	733.032	552.663
33.443	733.813	552.569
33.534	734.059	553.411
33.260	733.898	551.777
33.283	734.422	552.010
33.128	733.990	550.023
32.783	732.597	549.809
33.524	731.915	552.023
33.488	732.794	551.471
33.373	731.654	553.970
33.464	731.914	553.700
33.275	732.411	552.285
33.308	732.226	551.379
33.558	732.170	552.161
33.607	731.859	551.631
33.380	732.169	552.555
33.690	733.341	551.130
33.344	732.679	552.152
33.606	732.072	552.413
33.554	732.134	552.750
33.313	731.864	553.083
33.178	732.709	550.956
33.176	731.872	551.936
33.338	731.553	551.263
33.360	731.272	551.899
33.107	732.866	551.016
33.494	734.367	550.485
33.703	734.427	550.854
33.494	734.930	550.855
33.031	734.768	550.990
33.193	734.922	551.792
33.509	735.021	551.170
33.120	734.467	550.179
32.977	733.570	550.096
33.094	733.428	550.844
33.348	732.673	549.367
33.179	731.925	550.276
32.983	731.947	551.669
33.243	732.357	552.582
33.411	732.937	553.315
33.636	733.177	553.172
33.452	733.111	554.109
33.283	733.263	554.279
33.361	733.301	551.808
33.092	732.536	552.899
33.293	732.374	553.959
33.454	732.358	553.850
33.350	732.699	553.258
33.377	733.105	552.149
32.953	734.098	550.792
33.446	734.124	551.041
33.309	734.396	550.700
33.261	733.804	550.628
33.169	733.407	549.702
33.142	732.547	550.959
33.518	732.307	552.268
33.343	731.567	552.643
33.377	731.724	553.428
33.496	732.343	551.925
32.984	731.273	551.447
33.505	730.964	551.742
33.642	730.505	553.065
33.275	730.521	553.188
33.302	730.345	553.389
33.840	730.012	554.422
33.637	729.163	555.225
33.567	729.061	554.463
33.467	730.009	553.258
33.794	730.374	553.749
33.759	730.599	554.165
33.243	731.933	552.784
33.528	732.225	553.365
33.810	732.366	553.577
33.741	731.168	554.400
33.654	732.036	552.631
33.589	731.801	554.346
33.136	732.594	552.781
33.250	733.210	552.914
33.119	733.266	552.739
33.540	732.819	552.835
33.398	733.280	552.915
33.639	733.871	552.076
33.465	734.373	550.860
33.350	734.241	550.853
33.015	733.846	550.083
33.221	733.624	548.225
33.062	733.229	549.839
33.579	733.036	551.934
33.300	733.305	552.653
33.324	734.229	553.988
33.471	733.467	554.593
33.524	733.085	555.314
33.736	733.328	555.210
33.336	733.829	553.456
33.622	733.027	553.320
33.296	733.112	553.777
33.400	734.537	552.375
33.240	734.244	552.092
33.139	732.990	552.038
33.811	733.161	552.315
33.132	732.481	551.944
33.078	732.470	552.250
33.274	732.989	550.447
32.932	733.156	550.803
33.076	734.278	549.174
33.240	734.490	549.930
33.269	734.189	550.141
33.203	733.256	552.371
33.392	731.331	553.506
33.249	730.835	553.537
33.189	732.106	552.746
33.054	731.782	553.223
33.745	731.125	554.372
33.098	731.204	552.425
33.090	731.306	551.267
33.097	731.414	550.127
33.468	731.171	551.860
33.345	731.257	552.947
33.802	732.131	552.896
33.352	733.601	551.890
33.394	733.321	552.841
33.257	733.347	552.906
33.288	733.312	552.613
33.025	734.030	551.863
33.185	734.481	550.806
33.355	733.372	553.384
33.492	733.615	551.964
33.213	733.837	550.117
33.205	731.913	552.107
33.196	731.503	552.603
33.428	731.398	553.420
33.220	731.571	551.294
32.989	732.233	550.815
33.208	732.574	550.768
33.288	734.127	551.057
33.187	733.421	551.503
33.729	732.709	552.268
33.595	733.753	550.980
33.519	733.891	551.394
33.387	734.286	551.808
33.025	733.879	551.283
33.261	735.681	550.201
33.260	735.557	549.925
32.969	736.535	551.463
33.026	736.704	551.521
33.126	737.040	551.884
33.345	736.758	552.280
33.017	737.242	552.268
33.214	736.043	553.202
33.256	735.358	552.696
33.061	734.586	552.337
33.163	734.524	551.275
33.379	734.395	551.810
33.158	734.479	552.150
33.402	733.326	552.629
32.916	731.656	553.114
33.632	732.196	553.480
33.546	732.597	552.795
33.564	732.887	553.785
33.459	732.678	553.395
33.305	732.047	553.454
33.332	732.199	552.698
33.488	732.262	552.316
33.423	732.583	552.844
33.466	732.298	554.134
33.018	731.986	553.945
33.548	732.446	553.333
33.410	731.668	553.869
33.416	732.217	552.957
33.688	731.579	554.023
33.514	731.835	554.725
33.403	732.422	554.165
33.529	732.759	553.583
33.306	733.451	552.963
33.393	734.196	551.519
33.306	734.199	551.996
33.573	732.958	553.473
33.317	731.810	553.824
32.946	732.976	552.138
33.362	732.989	551.464
33.081	731.830	552.366
32.990	732.097	550.741
33.182	732.518	550.372
33.365	732.668	550.699
33.083	732.824	550.498
33.414	731.815	551.588
33.249	731.216	553.560
33.480	732.527	552.141
33.247	734.398	551.531
33.445	733.947	552.832
33.406	733.656	554.278
33.029	734.292	552.399
32.827	732.767	551.354
33.024	731.852	551.358
32.852	731.574	550.264
33.137	731.230	551.961
33.329	731.773	550.153
33.253	732.355	549.587
32.824	732.148	550.218
33.544	731.893	551.419
33.554	732.666	551.844
33.183	733.190	551.377
33.454	732.890	552.279
33.091	733.051	552.357
33.351	732.846	553.358
33.553	732.198	553.654
33.266	732.164	553.803
33.171	731.680	554.152
33.319	731.623	554.005
33.467	731.820	553.393
33.372	732.597	551.058
33.270	732.772	551.904
33.564	733.848	551.632
33.388	733.843	551.013
33.264	733.348	551.464
33.147	733.113	551.421
33.272	732.917	551.163
33.227	734.001	550.195
32.933	734.133	549.174
33.252	734.121	550.835
33.812	734.104	552.777
33.589	733.992	553.580
33.471	734.749	551.782
33.529	735.982	551.976
32.897	736.733	550.365
32.997	734.997	551.612
33.032	733.272	551.484
33.468	732.613	551.473
33.270	731.425	553.208
33.564	731.942	553.983
33.545	732.092	554.192
33.372	731.515	554.178
33.638	732.652	554.170
33.054	733.332	551.732
33.117	732.528	551.965
33.260	731.881	552.123
33.607	731.494	552.934
33.325	731.210	552.017
33.329	731.004	551.700
33.484	730.440	552.922
33.365	731.401	552.472
33.669	730.670	553.592
32.962	731.383	553.828
33.325	731.110	552.727
33.646	730.267	554.161
32.786	729.768	552.246
34.107	730.344	552.387
33.520	732.046	551.048
33.360	732.457	551.644
33.114	732.716	551.885
33.333	733.350	552.206
33.153	732.822	552.004
33.324	732.903	552.788
33.467	733.173	552.558
33.232	733.744	552.052
33.528	734.600	553.201
33.210	733.988	552.886
33.092	733.786	551.718
32.820	732.759	550.759
33.390	732.081	551.789
32.898	732.665	551.622
32.567	733.373	549.331
33.186	731.637	549.682
33.074	730.978	549.692
33.364	730.286	548.923
33.249	729.815	547.999
33.040	729.682	548.133
33.262	729.174	549.983
33.324	728.299	550.348
33.591	728.146	549.219
33.553	727.909	550.414
33.329	727.131	552.003
33.293	727.655	551.242
33.174	729.394	551.565
33.094	731.368	550.932
33.294	732.159	551.684
33.044	732.342	552.511
32.988	732.432	553.972
33.495	731.587	555.011
33.325	732.110	554.671
33.099	732.294	552.640
33.188	732.245	552.443
33.315	733.018	551.256
33.053	734.509	549.730
32.818	733.863	549.592
32.798	733.565	549.777
32.452	733.781	548.439
33.064	732.866	548.639
32.898	732.627	549.045
32.911	732.256	549.765
33.394	731.696	551.195
33.303	732.894	551.018
33.288	733.278	551.281
33.029	732.682	551.980
33.131	732.678	551.194
32.810	732.567	550.784
32.954	732.145	550.125
33.169	731.044	550.801
33.075	731.183	551.030
33.265	730.920	551.810
32.985	732.754	551.214
33.461	733.917	551.323
33.560	734.011	551.866
33.391	734.251	552.885
33.528	733.906	552.490
32.842	734.217	550.205
32.938	733.597	549.834
33.050	732.639	550.367
33.016	733.071	550.118
33.093	731.543	552.352
33.430	731.477	551.676
32.989	730.566	550.891
32.811	731.487	550.112
33.353	729.974	551.509
32.868	729.900	550.691
33.004	729.369	549.627
33.335	728.602	550.883
33.596	728.073	551.933
33.016	729.534	551.276
33.465	730.131	551.089
33.127	731.101	549.403
33.073	731.223	548.409
33.321	730.149	549.901
32.941	730.016	551.747
33.127	730.726	552.944
33.592	731.614	553.717
33.344	732.207	553.546
33.339	731.685	554.087
33.359	731.789	555.666
33.630	733.008	557.172
33.582	733.736	556.080
33.619	734.290	556.560
33.102	733.750	556.523
33.045	734.365	555.516
33.251	733.956	555.114
32.925	733.879	554.291
32.678	734.152	552.361
32.987	733.582	552.021
33.126	732.829	553.050
33.301	733.165	552.553
33.495	732.692	553.244
33.244	733.401	553.276
33.463	733.653	553.793
33.467	733.778	554.010
33.099	733.754	553.374
33.032	733.692	552.745
33.329	733.945	552.698
33.174	733.573	552.776
33.657	732.355	554.069
33.535	731.276	554.803
33.411	731.012	554.212
33.002	730.437	553.931
33.128	730.472	553.442
32.934	730.931	551.061
33.203	731.657	549.935
32.855	732.901	549.508
33.275	733.051	550.572
32.653	733.050	550.038
33.457	733.280	550.683
33.170	732.730	551.562
33.256	733.318	551.660
32.659	733.686	549.418
33.134	733.079	549.538
32.733	734.259	549.123
33.263	734.016	550.922
32.798	733.629	551.397
33.069	733.893	551.085
33.161	733.710	550.810
33.046	734.155	550.483
32.933	734.419	549.869
32.853	734.093	549.214
32.870	733.383	549.915
33.571	732.414	550.796
33.155	733.586	549.949
32.989	732.745	551.902
33.331	732.721	552.542
32.760	732.546	552.149
33.091	731.919	551.985
33.192	731.089	551.976
32.762	730.058	552.628
33.416	730.133	551.651
33.220	731.323	549.907
32.971	731.311	550.325
33.291	730.701	550.114
33.471	730.620	552.236
33.336	731.020	553.246
33.570	730.993	554.333
33.397	731.327	554.769
33.385	732.351	553.794
33.186	732.186	553.894
33.500	732.027	553.789
33.188	732.408	552.598
33.155	733.616	552.244
32.966	734.772	551.903
33.178	735.762	551.997
32.967	736.475	551.660
32.853	736.642	551.448
32.835	736.907	551.072
32.747	736.791	550.467
32.880	736.312	550.823
32.688	737.232	550.653
32.798	736.831	552.271
33.181	734.490	553.775
32.841	732.630	553.865
32.814	732.267	552.360
33.002	732.313	551.296
33.014	732.971	550.994
33.279	733.220	550.866
33.034	732.383	551.905
33.188	731.373	553.625
32.997	730.071	553.769
33.364	730.547	552.992
33.093	730.985	553.159
33.473	730.056	553.926
33.207	729.332	553.510
33.230	729.155	552.562
32.890	730.441	551.863
33.185	730.476	550.803
32.962	730.514	552.031
33.177	731.419	552.577
33.256	731.257	552.823
33.459	730.396	554.329
33.176	729.619	553.309
33.130	730.169	553.705
33.277	730.141	552.761
33.308	730.503	552.404
33.194	731.729	551.529
33.027	732.217	550.568
33.363	732.544	550.676
33.357	733.354	551.254
33.004	732.096	551.051
33.097	731.729	550.769
32.703	731.984	550.853
33.204	732.528	550.875
33.163	732.476	550.721
33.244	732.840	549.521
32.799	732.725	550.712
32.924	732.201	550.621
32.767	731.925	551.583
33.256	731.748	551.607
33.037	732.542	551.063
33.341	733.028	550.859
33.245	732.492	552.911
33.589	732.306	554.088
33.471	733.543	553.304
33.549	733.231	553.844
33.694	733.708	554.141
32.604	733.935	552.913
33.100	733.386	551.045
32.752	734.258	549.701
32.912	733.215	550.820
32.549	733.339	549.669
32.802	732.947	550.926
33.219	733.094	550.090
32.950	732.587	549.690
33.062	734.232	549.974
33.206	734.399	550.220
33.097	733.870	551.066
33.121	734.400	551.084
32.853	733.738	551.018
33.024	732.757	552.416
33.331	732.839	552.647
33.012	731.787	554.301
33.344	732.523	553.239
32.805	732.552	552.824
32.959	732.755	552.665
32.766	732.231	551.737
33.280	732.634	552.285
32.798	733.181	552.949
33.235	733.641	551.993
33.056	735.051	551.799
32.621	735.964	552.013
33.198	735.599	552.634
32.857	735.046	553.681
33.628	735.900	553.568
33.430	735.315	555.142
32.785	733.588	554.202
33.140	732.062	556.418
33.224	732.034	555.015
33.306	731.848	554.167
33.315	733.700	554.005
32.928	733.302	554.456
33.222	733.944	552.823
33.323	734.744	550.969
33.347	734.540	552.116
32.613	733.594	551.945
33.350	733.533	551.995
32.961	734.189	551.896
32.972	733.524	551.458
32.913	732.942	550.470
32.492	732.282	550.183
33.061	731.352	550.841
32.876	731.289	550.405
33.108	730.547	550.764
33.387	730.656	550.874
33.018	732.347	551.420
33.464	732.502	552.902
33.443	732.672	554.701
33.745	732.952	555.083
33.224	733.774	553.727
33.130	734.060	554.115
32.864	734.754	552.209
33.131	734.437	551.931
33.021	735.068	550.452
32.685	734.156	549.546
32.707	733.647	550.012
33.353	732.386	551.657
33.348	732.658	553.063
33.337	733.103	553.123
33.126	733.497	552.695
33.660	733.118	552.593
32.989	731.923	552.750
32.578	731.382	551.321
32.693	730.828	550.148
32.979	730.925	550.212
32.954	730.854	550.379
33.120	731.028	552.365
33.348	730.904	553.993
33.146	731.319	553.885
33.458	730.943	555.040
32.811	731.595	553.345
33.064	731.042	553.942
33.012	731.042	551.746
32.828	731.335	551.344
33.002	730.980	551.396
33.387	730.716	551.502
33.009	730.656	552.637
33.100	730.549	552.565
33.484	731.776	553.973
33.448	731.249	554.553
33.215	731.521	554.487
33.451	733.286	553.573
33.109	734.348	552.558
33.472	734.766	551.598
32.992	735.111	552.948
32.936	734.201	553.340
33.027	734.046	553.738
33.205	733.481	553.954
33.248	733.231	553.759
33.001	733.684	553.006
33.124	733.964	552.600
33.676	734.420	553.441
33.204	733.744	553.485
33.324	734.473	553.210
32.718	734.054	549.989
32.424	733.381	547.749
32.576	732.158	547.514
32.787	731.544	549.609
32.833	732.920	549.699
32.878	733.579	548.550
32.969	733.509	550.038
32.813	733.283	550.110
32.726	734.211	549.692
32.683	734.224	549.986
33.086	733.631	551.172
33.565	734.966	551.567
32.935	735.130	551.173
33.139	734.778	551.588
33.360	734.489	553.028
32.735	733.372	552.196
33.135	734.189	551.597
33.232	735.172	552.623
33.582	734.422	555.233
33.061	733.728	555.123
33.213	732.843	555.315
33.192	734.220	553.743
33.241	736.060	552.458
32.938	736.368	552.080
33.058	735.847	551.195
33.628	735.359	551.468
33.501	735.582	551.910
33.160	735.098	552.575
33.180	735.135	553.387
33.013	733.999	552.850
33.527	734.316	552.125
33.279	734.700	552.703
33.248	735.344	553.510
33.180	734.387	554.007
33.060	733.969	555.598
33.218	733.886	555.992
33.234	734.620	555.410
32.784	735.523	552.287
32.743	735.102	552.120
32.678	734.404	551.735
32.795	734.361	551.160
32.914	734.409	549.762
32.835	734.199	548.828
32.718	733.542	549.590
33.008	733.027	550.462
32.971	732.916	551.453
32.867	733.597	549.881
32.815	732.789	549.752
32.594	732.670	549.967
32.824	732.640	548.984
32.957	732.970	550.127
32.806	733.016	551.151
33.173	733.083	552.339
33.075	733.080	552.315
33.142	732.769	552.823
33.063	733.232	552.775
33.231	732.613	553.317
33.369	732.550	553.670
33.020	732.769	552.843
32.785	733.890	551.642
33.028	734.528	552.735
33.300	735.381	553.311
33.307	735.319	554.372
33.146	735.347	552.727
32.934	734.511	552.461
32.955	733.074	552.120
33.137	732.903	550.843
33.197	732.940	550.481
33.358	732.869	550.426
32.708	732.625	550.480
33.014	733.122	551.082
32.945	733.586	550.683
33.261	733.298	552.609
32.909	732.632	553.041
33.045	732.141	554.051
33.565	732.040	554.666
33.274	733.414	552.118
33.289	734.058	551.200
32.961	734.121	549.979
32.621	732.942	549.698
32.873	732.705	549.241
32.914	732.483	549.436
32.954	732.213	549.279
32.905	731.878	548.449
33.367	731.647	549.630
32.877	731.850	550.854
33.318	733.840	550.259
33.180	733.681	551.238
33.213	732.725	553.180
33.331	733.302	553.003
32.811	733.004	551.478
32.995	732.405	552.657
32.914	732.283	553.410
32.999	733.065	552.903
33.767	732.784	554.380
33.418	732.865	555.087
33.248	734.984	554.902
33.149	733.691	556.087
32.967	734.045	555.299
33.426	732.866	556.101
33.624	732.686	556.669
32.687	733.461	554.545
32.912	732.477	554.556
33.519	732.541	554.085
33.239	733.363	555.577
33.184	733.728	554.626
33.131	734.450	553.094
32.774	733.273	552.769
33.253	734.457	551.405
33.013	733.635	550.840
33.170	734.522	549.501
33.086	734.434	550.310
32.903	733.141	550.607
32.814	732.619	549.859
33.014	731.250	551.986
33.156	730.287	552.493
33.254	730.988	551.468
32.923	731.591	551.417
33.442	731.964	551.978
33.232	732.949	552.091
33.016	733.367	551.565
33.174	732.603	552.576
33.683	733.047	552.504
33.098	732.190	553.801
33.426	732.657	553.398
33.122	733.778	551.379
33.271	733.744	551.477
32.484	734.002	550.606
32.944	734.563	551.695
32.922	736.213	551.724
33.242	737.022	552.151
33.174	736.119	553.034
32.933	735.379	553.367
33.224	735.052	553.067
32.881	734.955	553.056
32.939	733.875	553.567
32.832	733.071	552.242
33.472	733.494	552.196
32.975	733.658	551.078
33.095	733.855	550.987
33.026	732.680	550.798
33.511	731.065	552.814
33.377	731.005	553.544
32.882	731.120	552.003
32.979	731.109	551.678
32.536	732.313	549.117
32.753	732.729	548.636
33.392	733.462	550.250
33.316	733.643	551.508
33.084	734.455	552.068
33.185	734.534	551.607
33.004	734.699	550.608
32.635	734.297	550.307
32.874	733.984	550.145
32.825	733.701	550.894
33.047	734.879	550.156
32.674	735.758	549.276
33.122	734.643	550.174
33.073	735.197	549.724
32.844	734.767	550.657
32.966	736.762	551.097
32.840	736.947	551.164
33.108	735.327	551.915
32.913	734.549	552.776
32.902	733.820	553.542
32.264	731.879	553.939
32.535	731.045	554.498
33.188	731.041	555.460
33.213	731.922	552.613
32.895	732.039	552.139
33.400	732.218	551.438
33.177	732.195	550.820
32.860	733.909	550.012
33.263	732.792	551.754
32.932	731.996	552.988
32.952	731.609	553.815
33.434	731.312	556.506
33.022	731.411	555.738
33.185	731.928	555.148
33.271	732.444	554.647
33.273	732.021	552.937
32.679	731.590	552.481
33.033	730.967	552.745
33.446	731.671	553.330
33.116	732.452	552.870
33.233	733.403	554.302
33.509	733.165	554.573
33.108	732.484	554.896
33.163	731.681	554.574
32.729	732.179	553.050
32.921	731.497	552.107
32.864	731.849	553.053
33.387	731.490	554.580
33.109	731.404	553.976
33.052	730.410	554.885
33.140	731.321	553.717
33.253	733.276	552.231
33.473	734.074	552.812
33.004	734.727	553.596
33.257	734.222	553.881
32.906	734.305	551.852
33.076	734.033	552.258
33.083	733.742	552.599
33.246	734.508	551.714
32.917	733.890	552.559
33.036	731.722	554.438
33.386	731.567	554.802
32.899	733.040	553.020
33.045	733.302	552.810
33.165	733.995	551.601
32.964	734.969	551.951
33.228	734.424	552.007
33.018	734.783	552.287
32.775	734.320	551.559
32.846	733.253	553.718
32.904	733.575	552.566
33.351	732.641	553.318
33.150	732.626	552.937
32.732	731.492	553.776
33.515	730.276	554.412
33.485	730.392	553.350
32.975	730.884	552.508
33.245	732.066	552.304
32.917	732.745	551.271
33.104	733.323	551.058
33.213	733.849	552.968
33.343	733.616	553.787
32.887	733.988	553.159
33.217	734.297	552.958
33.056	734.378	552.370
33.329	733.943	552.477
33.009	734.321	550.856
33.138	733.341	550.750
32.978	732.694	551.133
33.049	732.589	551.176
33.028	733.909	552.514
32.967	735.074	551.323
33.118	734.588	551.438
32.524	735.156	549.595
33.060	734.156	550.543
33.057	733.229	551.308
32.968	732.745	551.700
33.104	732.114	551.478
33.075	733.107	550.589
33.137	733.499	551.569
32.953	734.699	551.243
33.133	735.589	550.057
33.058	734.489	551.295
33.059	733.080	550.423
33.007	732.746	550.567
32.663	733.273	549.606
33.204	731.535	551.918
32.886	730.796	552.802
32.713	730.701	551.990
32.808	731.655	550.420
32.957	731.232	550.678
33.192	730.880	550.938
32.738	731.935	551.501
32.882	733.029	551.432
32.835	733.712	550.170
32.833	734.122	550.254
32.815	733.755	550.079
33.167	734.082	549.340
33.125	733.725	550.622
33.375	733.476	552.282
33.075	732.024	553.974
32.826	732.665	553.421
33.102	732.819	553.724
32.725	733.806	552.553
32.828	733.474	553.043
33.096	732.591	552.832
33.019	732.385	554.239
33.173	732.306	554.911
33.099	733.530	554.409
33.219	735.164	554.993
33.078	734.836	555.879
32.883	734.635	554.482
32.883	734.839	553.021
32.580	734.568	552.841
33.070	734.513	552.569
32.906	733.319	552.852
32.664	732.243	553.095
33.395	731.672	554.107
32.783	732.248	552.974
32.750	732.257	550.250
32.844	730.576	551.940
33.030	730.894	552.751
32.730	732.464	551.960
32.815	733.027	552.579
32.993	733.140	553.300
33.178	733.224	552.976
33.460	734.205	552.404
33.156	734.691	552.850
32.760	735.616	552.178
32.712	736.723	550.074
32.656	736.261	551.270
33.076	735.823	551.404
33.056	734.128	552.088
32.627	732.779	552.240
33.352	731.325	554.319
33.024	731.297	554.474
32.916	732.688	553.994
32.949	735.450	552.633
32.388	735.349	551.674
32.882	735.397	552.009
32.621	732.896	553.129
32.517	732.416	552.371
33.026	730.833	553.412
32.920	730.721	552.293
32.862	729.596	552.453
33.152	729.095	552.605
33.059	728.881	551.848
33.567	728.463	552.553
32.965	729.368	552.817
32.753	730.990	550.567
32.706	731.758	549.684
33.057	732.159	549.956
32.744	732.814	550.335
33.602	732.952	552.303
33.198	734.158	550.981
32.832	734.160	550.742
32.634	734.024	550.926
32.648	734.123	549.800
32.351	733.408	549.560
32.860	733.532	549.061
33.072	733.894	549.081
32.566	733.992	549.538
32.851	734.331	549.826
32.927	735.029	551.048
33.528	734.765	552.395
32.778	734.801	550.908
32.905	733.906	552.310
33.145	731.999	553.083
32.515	731.341	552.347
32.585	729.916	551.483
32.744	730.489	549.859
33.386	729.916	551.371
33.102	730.650	550.928
33.030	731.647	552.122
33.022	733.118	551.746
33.282	733.735	552.424
32.931	733.854	552.045
33.227	732.503	552.676
33.099	732.546	552.083
33.188	731.040	553.515
32.700	730.184	553.619
33.437	730.045	553.323
33.079	730.093	554.920
33.189	730.156	555.733
33.163	732.401	555.341
33.065	733.276	555.429
33.213	734.186	553.734
32.878	734.296	552.732
33.111	734.060	552.566
32.729	733.771	552.854
32.836	733.543	552.388
32.790	733.767	550.586
32.778	733.681	551.024
33.723	734.433	551.112
33.053	733.159	552.855
32.775	732.302	552.577
33.549	731.579	553.798
33.104	732.738	552.952
33.055	733.654	552.305
33.381	732.653	554.565
33.386	732.700	555.899
32.316	732.897	552.577
32.646	732.124	550.344
32.680	731.223	550.257
33.119	729.022	553.002
33.228	729.249	552.058
33.473	728.464	551.813
33.455	728.384	552.372
33.380	728.497	551.057
33.253	729.021	550.614
33.360	729.630	550.751
32.891	731.133	550.094
33.029	731.161	549.618
33.118	730.977	550.276
32.969	730.675	549.926
32.827	731.971	548.572
32.728	731.419	549.211
32.820	731.228	549.245
33.149	731.059	550.730
33.275	732.233	550.402
33.033	731.902	552.273
33.339	732.657	552.529
33.275	733.230	551.631
33.011	734.086	550.725
32.545	734.712	550.642
32.610	734.242	551.061
32.707	733.680	551.082
32.703	734.121	551.882
33.169	734.548	552.046
33.058	733.497	553.567
32.859	733.131	553.729
32.662	733.662	551.609
33.037	733.164	551.794
33.498	731.965	553.458
33.564	731.438	554.179
33.109	731.490	554.149
32.777	731.558	553.051
32.910	732.184	551.638
32.888	731.784	552.296
33.202	732.322	552.096
33.520	731.716	553.756
33.068	732.077	554.347
33.015	731.546	554.125
32.713	730.860	553.986
33.084	732.314	553.975
33.193	733.958	553.875
33.449	734.411	554.688
33.359	734.535	554.039
33.268	734.555	554.821
32.933	735.115	554.259
33.028	735.034	553.929
33.136	734.588	554.743
32.807	732.839	556.375
33.647	733.162	556.138
33.196	733.025	555.494
32.953	732.427	554.520
33.201	733.087	553.496
32.657	732.174	551.951
33.037	732.493	551.993
33.472	733.333	551.311
32.462	734.213	548.634
32.406	733.334	547.774
32.858	732.992	548.086
33.028	732.947	549.024
32.719	732.518	549.122
33.089	732.900	549.057
33.090	732.825	549.890
32.565	732.920	549.547
32.686	732.556	550.490
32.988	732.703	551.324
33.044	732.240	552.502
33.151	731.772	552.719
33.146	733.360	552.166
33.033	733.201	551.136
33.047	733.001	550.679
32.795	733.202	550.807
32.728	733.441	551.174
32.811	732.509	551.601
32.959	731.761	552.189
33.175	732.148	552.189
32.988	733.032	551.269
32.675	732.438	551.682
33.290	732.286	552.215
33.085	731.548	551.170
33.096	732.224	551.275
32.986	732.271	551.518
33.335	732.323	551.766
32.773	732.898	551.148
32.846	732.172	552.075
33.004	732.593	551.130
33.031	733.810	550.317
32.870	733.399	549.581
32.458	733.359	548.109
32.483	732.730	546.778
32.851	732.245	547.054
33.112	731.637	548.185
32.731	730.539	550.031
33.086	731.795	549.545
33.089	731.714	551.012
33.678	731.832	552.104
33.385	731.016	554.486
33.489	730.825	554.547
32.947	730.980	554.691
32.996	732.259	554.094
33.351	733.188	553.393
33.126	734.315	552.645
33.140	735.004	552.479
32.918	735.037	551.682
32.679	735.599	551.599
32.693	735.338	551.805
32.932	734.259	552.159
32.415	731.899	552.349
32.958	732.351	551.910
32.696	732.725	551.712
32.760	733.848	551.206
32.742	732.924	551.144
33.212	732.676	551.072
32.961	732.673	550.856
32.842	732.995	551.451
33.456	732.894	552.231
32.530	733.138	551.699
32.728	733.050	551.029
32.900	733.151	551.764
33.353	732.345	552.887
32.962	732.019	552.605
32.668	731.956	550.572
32.598	732.017	550.860
33.184	732.556	552.147
32.985	735.158	550.167
32.799	736.620	549.149
32.964	736.530	549.199
32.799	735.329	550.968
32.965	734.547	551.530
32.780	735.277	551.431
32.700	734.781	550.425
33.059	734.575	550.077
32.410	735.259	548.874
33.041	735.359	547.841
32.668	734.555	548.831
33.003	734.063	550.022
32.709	733.344	551.691
32.954	733.898	550.288
32.902	733.771	550.043
32.886	733.403	550.895
32.736	733.152	550.438
32.821	733.586	550.932
32.803	733.445	551.446
33.295	733.472	550.993
33.139	733.278	551.669
33.206	733.924	553.666
33.384	735.428	553.396
32.700	735.667	551.804
32.623	736.504	551.203
33.357	737.766	550.481
32.993	737.027	551.702
32.335	738.039	551.870
32.882	736.182	552.346
32.981	735.591	553.519
32.909	735.915	552.462
32.978	734.984	552.763
32.713	733.638	553.365
33.018	734.591	551.720
32.835	735.310	552.890
32.858	734.276	553.413
32.933	733.633	551.957
32.793	733.429	551.191
32.449	732.769	550.122
32.378	731.449	549.370
33.040	730.444	549.310
33.211	729.145	549.512
32.987	729.872	550.461
33.118	731.622	550.125
32.875	734.328	549.333
33.451	734.252	550.619
32.769	733.854	552.451
33.054	734.160	551.182
32.906	733.371	552.019
32.747	733.302	549.820
33.231	733.843	550.010
33.046	734.930	550.082
33.065	735.258	549.836
32.830	734.183	550.541
32.762	734.691	549.777
33.011	734.551	550.781
32.791	733.696	552.384
33.300	734.242	552.720
33.066	733.545	552.435
33.177	735.203	551.622
32.518	735.911	551.015
32.858	733.596	551.580
33.117	732.128	554.017
33.389	732.166	555.371
33.155	732.405	554.667
33.229	732.433	555.061
33.228	733.031	554.806
33.525	733.008	554.477
32.753	731.673	553.311
33.249	731.090	554.239
32.973	731.238	553.945
33.290	731.728	553.358
32.938	732.465	551.667
32.911	732.244	550.749
33.023	732.748	550.550
32.594	732.116	551.077
32.802	732.384	550.781
33.084	732.582	549.973
32.700	733.356	549.290
32.702	732.002	550.052
32.593	731.503	550.638
33.174	731.695	552.367
32.881	732.387	552.388
32.944	731.865	553.424
32.971	731.525	552.857
32.807	731.910	552.499
33.193	732.064	551.662
32.744	730.798	552.305
33.167	730.257	552.687
32.864	731.090	552.439
32.519	731.693	551.462
32.889	731.918	551.001
32.995	731.490	551.044
32.741	732.020	549.548
32.495	732.718	547.998
33.040	732.573	548.559
32.458	733.905	547.383
32.477	733.002	547.766
32.594	733.584	549.471
32.981	732.825	550.949
32.613	734.099	550.223
33.124	734.497	550.172
32.945	733.224	550.895
32.966	733.296	551.858
33.125	733.289	551.280
32.805	733.447	552.043
33.248	734.076	550.840
32.924	735.013	550.652
32.697	735.910	550.425
32.608	735.831	549.916
32.729	735.740	550.880
32.455	735.090	550.854
32.745	735.635	549.976
33.053	734.372	550.607
32.465	733.925	551.190
33.564	733.386	553.174
32.986	732.356	554.671
32.814	733.690	552.622
33.171	733.106	553.149
32.916	732.927	552.038
32.837	733.466	551.424
33.362	732.841	552.247
32.604	732.837	552.388
32.876	732.408	550.328
32.951	732.213	551.028
33.119	732.202	551.691
33.251	733.380	550.849
33.079	733.199	551.513
32.727	733.982	550.920
32.806	733.408	551.713
32.861	732.870	552.371
33.063	732.684	552.596
32.399	732.074	552.190
32.648	731.289	549.904
33.035	730.775	550.707
33.064	732.051	548.812
32.676	732.370	549.211
33.097	732.121	549.499
32.667	732.350	550.222
32.817	733.599	549.057
32.736	734.151	549.178
32.821	733.393	549.774
33.219	731.187	551.888
32.890	730.840	551.768
32.879	731.931	551.781
32.853	732.568	551.350
32.846	733.315	551.032
33.130	733.913	551.381
33.107	733.474	553.325
33.338	734.035	552.999
33.187	734.561	553.722
33.286	734.182	554.299
33.143	734.018	554.497
32.558	734.002	552.559
32.389	733.131	551.030
32.472	731.960	550.055
32.708	731.608	551.650
33.027	732.135	552.084
33.111	734.295	550.503
32.738	734.531	550.477
32.714	733.711	551.048
33.181	734.445	550.729
33.232	734.830	552.042
32.803	734.455	552.969
33.083	734.196	552.954
32.442	734.977	551.947
33.329	733.247	552.498
33.001	732.169	552.811
33.140	730.670	553.291
32.824	730.027	554.304
33.087	729.058	554.733
32.879	729.350	555.043
33.188	730.398	553.602
33.288	730.842	553.817
33.118	731.444	553.546
33.187	731.509	553.707
32.721	732.211	552.391
32.852	731.560	550.583
32.749	732.160	550.969
33.167	732.013	552.440
33.272	732.124	551.902
33.003	733.163	551.228
33.122	734.172	551.155
32.920	733.892	550.955
32.993	734.728	550.553
32.916	733.565	552.081
32.947	732.511	552.855
32.959	732.577	551.101
32.768	732.471	551.369
32.357	732.176	549.283
32.664	732.147	548.824
32.827	732.036	548.809
32.465	731.972	547.854
32.772	732.763	549.988
32.624	733.850	549.866
32.597	733.059	548.570
32.510	732.292	547.907
32.605	731.187	547.857
32.946	730.774	548.688
33.217	731.551	549.364
32.723	732.889	549.309
32.388	733.603	550.216
32.710	734.042	550.680
32.937	734.706	550.583
32.877	734.876	551.725
32.501	733.610	553.367
32.573	732.237	553.488
33.393	732.017	552.589
32.987	731.624	553.184
32.814	733.357	551.720
33.386	732.518	553.510
33.335	733.087	554.032
33.144	732.332	554.110
33.023	731.861	554.374
33.071	731.697	555.429
33.090	731.742	555.360
33.117	731.871	554.625
32.991	732.390	553.874
33.126	731.211	554.815
32.550	730.618	553.669
33.006	731.080	554.399
33.133	731.271	552.680
33.073	730.657	552.640
32.651	731.200	552.448
33.187	731.654	552.594
33.026	732.835	552.045
33.161	732.642	551.113
32.855	732.509	551.775
32.628	732.355	551.149
32.851	732.491	550.511
32.865	732.182	549.779
32.922	733.337	549.539
32.364	733.317	549.821
33.453	732.637	552.299
33.180	732.924	553.651
32.831	733.240	554.444
32.881	733.560	553.206
32.992	733.974	552.326
32.898	733.772	552.749
32.669	733.178	552.573
32.429	731.147	551.870
32.845	732.795	549.066
32.521	732.070	548.718
32.494	732.095	548.315
32.706	732.743	549.358
33.066	732.946	550.149
32.877	733.706	551.081
33.267	734.468	552.977
33.032	732.192	554.847
32.926	732.367	553.463
32.766	731.519	553.122
32.618	731.985	551.734
33.412	732.421	552.093
32.861	733.044	550.999
32.802	733.180	551.283
32.879	732.072	552.104
32.813	733.586	553.242
33.053	733.096	552.441
33.200	733.056	552.797
32.962	733.821	553.245
33.014	735.444	551.859
33.077	735.745	552.324
32.749	735.478	551.898
33.342	735.187	552.421
33.121	734.166	553.565
32.890	735.202	551.427
32.811	736.122	549.962
32.299	735.083	549.827
32.723	734.139	549.516
32.576	735.802	548.000
32.833	736.881	546.765
32.653	736.269	549.033
32.691	736.359	549.774
32.749	736.706	549.261
32.275	737.462	549.859
32.815	736.895	550.444
32.547	735.705	550.678
32.554	735.466	549.677
32.681	734.844	550.505
32.664	734.545	549.406
32.457	734.104	548.358
32.295	734.185	545.993
32.961	734.398	544.068
32.681	733.435	545.456
32.727	732.277	547.133
32.913	729.671	550.267
33.167	729.185	552.087
33.316	729.000	551.603
33.167	729.421	553.165
33.222	728.337	555.172
32.896	729.013	554.795
33.025	729.157	554.704
33.255	729.182	554.629
32.684	729.704	553.426
33.120	730.014	552.382
33.019	731.296	550.689
33.053	731.576	551.032
32.772	730.957	552.427
32.912	731.383	551.768
33.147	731.337	552.147
32.979	731.089	552.352
32.895	729.591	551.718
33.389	729.681	552.834
32.734	729.877	552.961
33.208	730.482	553.227
33.227	729.891	553.299
33.267	730.237	551.669
33.175	730.363	552.215
33.075	730.377	551.168
32.789	729.777	552.899
32.849	731.304	553.443
33.106	733.260	553.114
33.103	732.380	553.053
33.141	732.541	552.190
33.024	732.906	550.713
33.467	732.835	551.220
33.333	733.834	552.368
33.295	733.924	552.317
32.764	734.724	553.062
33.057	733.285	553.877
32.961	731.932	553.576
32.784	731.798	551.943
32.898	731.637	551.434
33.036	732.431	551.873
33.048	732.351	552.885
33.195	731.965	553.447
33.383	733.028	551.963
33.212	733.404	551.593
33.254	733.658	552.651
32.925	733.660	552.417
32.953	732.844	552.600
32.916	731.782	552.982
32.909	731.565	553.009
33.016	731.382	553.490
32.750	732.659	551.820
33.113	733.274	550.998
32.578	733.130	549.533
32.271	733.529	548.066
32.585	732.537	547.323
32.855	732.293	548.041
32.493	732.361	548.147
32.526	732.172	547.594
32.592	731.886	548.725
32.671	731.372	547.896
32.911	730.294	547.231
33.107	729.813	548.148
33.106	728.809	550.015
33.238	729.846	549.037
33.322	729.202	548.673
32.795	730.361	548.734
32.774	730.731	549.478
32.903	731.206	550.052
32.755	731.067	551.282
33.723	731.743	551.785
33.118	732.978	551.582
33.224	732.983	553.212
33.104	732.048	554.512
32.726	731.843	555.463
33.143	731.108	554.201
33.085	731.000	554.222
33.182	731.513	552.993
33.156	732.480	552.158
32.608	733.034	550.849
32.984	733.844	551.062
33.076	734.170	551.513
32.652	733.487	551.440
32.532	732.835	550.385
32.939	732.704	551.675
32.925	732.993	552.108
33.070	733.244	552.768
33.121	732.371	554.185
32.881	731.735	554.283
33.254	732.818	553.448
33.012	733.507	552.227
33.082	734.367	552.685
32.964	734.305	553.261
33.221	732.046	554.335
33.001	731.394	552.872
33.137	731.172	552.055
32.834	731.667	550.701
32.918	733.836	550.188
32.733	734.404	550.702
32.892	734.721	549.896
32.677	735.146	549.226
32.985	734.762	549.342
32.911	733.985	550.219
32.670	732.512	549.145
32.892	733.332	549.173
33.088	733.291	548.648
32.787	732.712	549.676
32.828	732.399	550.638
32.997	732.348	550.822
32.962	732.256	550.559
32.841	733.295	550.019
32.834	733.702	551.014
32.935	733.854	552.261
33.258	734.447	551.093
33.190	734.332	551.317
32.704	734.153	550.889
32.910	734.074	551.449
33.118	733.965	550.504
32.022	733.009	549.744
32.103	732.023	548.523
32.325	731.566	547.880
32.522	731.930	549.295
32.666	733.900	549.046
32.786	734.764	550.250
32.663	735.164	549.966
32.871	734.226	551.126
33.061	733.496	550.387
33.147	731.853	551.903
33.285	732.023	552.333
32.681	732.625	551.359
32.824	732.183	551.343
32.849	731.805	552.041
32.961	733.283	551.647
32.808	733.595	551.365
32.871	734.014	550.475
32.955	733.099	550.025
32.467	732.295	549.175
32.963	730.447	549.804
33.037	729.875	550.346
33.153	730.602	550.300
33.113	730.469	552.730
32.659	731.543	551.831
33.385	732.454	553.608
32.735	732.238	553.340
33.243	732.075	553.319
32.960	732.232	554.021
33.090	732.982	552.533
32.642	733.282	551.139
33.000	734.047	550.407
32.496	733.884	550.112
32.412	733.821	549.059
33.050	733.389	550.149
32.743	733.473	549.993
32.962	733.042	551.273
32.675	733.776	550.104
32.761	734.229	548.814
32.822	734.444	549.627
32.466	733.159	549.979
32.969	732.581	551.090
32.626	732.693	549.890
33.158	733.041	551.763
33.122	733.674	552.667
33.130	733.913	553.901
33.230	735.013	552.861
32.792	735.216	552.660
32.578	734.990	551.669
33.203	734.814	553.141
32.942	733.515	553.470
32.496	732.561	553.102
32.968	732.076	553.626
33.160	733.589	552.725
32.785	733.317	552.484
32.488	732.844	552.336
33.437	732.938	555.063
33.133	733.754	555.465
33.467	733.906	554.247
33.047	732.978	552.972
33.174	733.728	551.063
32.853	733.444	551.195
33.163	732.807	550.415
32.567	732.091	549.821
32.860	731.553	550.125
32.887	732.275	550.608
32.777	732.109	551.220
32.864	732.866	550.334
32.625	733.403	548.763
33.151	733.377	550.834
32.704	733.125	550.353
32.639	733.126	551.045
32.586	733.351	549.718
32.267	734.263	548.849
32.320	733.416	548.142
32.943	732.930	548.433
32.886	731.539	550.276
32.654	732.921	551.402
33.273	732.622	552.149
33.034	732.663	553.547
32.919	732.504	552.960
33.084	732.910	553.488
33.193	732.680	554.617
32.376	732.093	554.792
33.350	731.541	555.285
32.673	731.002	554.492
32.691	730.010	553.234
33.185	730.131	554.890
32.695	730.048	554.792
33.112	731.137	555.154
33.112	731.259	555.057
32.921	732.572	553.946
32.907	733.560	552.968
32.342	732.167	552.812
32.893	731.371	553.759
33.261	730.951	554.719
32.966	732.178	552.915
32.806	733.954	552.071
32.928	734.371	551.487
32.910	735.693	550.786
33.004	734.816	551.887
32.488	734.725	551.357
32.818	734.010	550.832
32.705	733.624	550.544
33.198	732.934	550.904
33.279	732.971	551.232
32.899	732.922	551.926
33.077	733.606	552.436
32.571	735.454	550.680
32.736	733.998	550.316
32.880	734.628	550.820
33.042	735.881	551.696
33.223	734.934	552.889
32.720	734.669	552.698
32.711	734.186	552.506
32.715	734.226	552.523
33.479	732.779	553.660
33.453	732.778	554.907
32.453	732.530	553.759
33.179	730.960	554.850
32.700	730.529	554.040
32.803	731.778	552.283
33.306	732.214	552.618
33.353	733.121	552.209
33.001	732.286	552.096
32.788	731.338	553.011
32.838	731.071	552.655
33.085	731.647	553.108
32.653	732.950	550.335
32.889	732.831	550.386
33.246	733.098	552.053
32.854	732.422	552.486
32.882	731.520	552.450
33.096	731.926	552.418
32.779	732.419	552.110
32.615	732.717	552.860
33.109	732.779	553.188
32.995	732.770	553.591
33.142	732.988	554.934
33.101	732.929	554.940
32.972	732.950	555.447
33.059	733.326	553.948
33.132	732.857	552.632
33.132	733.918	553.074
32.834	734.120	552.243
33.159	734.576	552.489
32.563	734.661	550.591
32.752	734.028	551.761
32.824	734.458	551.143
33.081	734.074	551.506
32.670	734.177	550.857
32.806	733.710	550.178
32.379	733.940	549.166
33.056	732.634	550.658
32.789	732.228	552.210
32.960	731.675	553.112
32.898	731.681	553.396
33.270	731.906	553.618
32.902	732.455	553.494
33.188	732.538	551.981
32.855	732.792	551.408
33.192	732.952	552.486
33.315	732.457	551.879
32.744	731.957	552.410
32.923	732.178	551.616
33.150	731.816	552.821
33.005	732.377	551.761
32.904	731.941	552.082
32.926	731.365	552.080
32.695	731.435	552.334
32.772	730.680	550.905
32.851	731.781	550.176
32.916	733.060	549.096
32.660	734.048	549.695
32.887	734.003	550.672
32.734	735.900	549.439
33.010	734.288	549.867
32.781	734.326	549.125
32.819	732.846	550.073
32.990	733.273	550.709
32.627	733.157	550.998
32.768	733.179	550.773
33.238	733.252	551.746
32.766	734.413	550.346
32.618	733.188	549.247
33.227	732.155	551.825
33.008	731.680	553.084
32.507	731.635	553.298
32.751	731.248	552.708
32.567	730.318	553.120
32.463	730.000	551.641
32.988	730.463	550.879
32.736	730.889	549.842
32.742	730.370	551.151
33.110	730.631	550.822
33.022	732.241	550.279
32.897	732.991	550.334
32.763	733.295	549.459
32.598	734.121	548.902
32.855	733.851	549.364
32.768	732.685	549.728
32.736	733.155	550.845
32.964	733.012	551.943
32.674	732.209	552.358
33.079	732.445	551.698
33.061	732.187	552.232
32.822	732.000	552.466
33.065	732.556	552.219
32.441	732.481	550.521
32.920	731.915	549.766
32.741	732.817	550.915
32.881	733.677	550.987
32.454	734.026	551.153
33.168	734.387	551.263
32.525	734.283	550.347
33.359	733.700	550.309
32.641	733.306	549.698
32.763	733.148	548.969
32.970	732.660	549.729
32.428	733.045	550.049
32.842	733.988	548.873
32.709	732.939	549.156
33.025	732.624	550.385
33.379	732.418	551.686
32.976	731.378	551.775
32.911	731.853	550.114
32.706	730.357	551.421
33.025	729.523	551.763
32.757	729.768	551.483
33.063	730.241	549.262
33.167	729.847	549.148
33.236	729.394	550.311
33.358	728.985	551.435
32.647	729.665	550.290
32.895	729.852	549.759
32.902	729.621	550.146
32.957	730.819	548.963
33.197	731.423	550.955
32.858	731.801	551.818
33.210	732.761	553.344
33.261	734.018	553.168
32.975	735.268	553.133
32.772	734.759	551.446
32.400	733.565	549.687
32.833	733.700	549.622
33.014	733.373	551.447
33.369	731.853	552.729
32.878	731.732	553.583
32.869	732.200	552.592
33.277	732.475	552.374
32.833	732.758	551.960
32.957	734.849	551.180
32.789	735.390	551.643
32.658	735.028	551.889
33.399	734.200	552.982
33.109	733.164	553.946
32.878	732.461	553.694
32.954	733.433	552.222
32.766	732.788	550.690
32.920	732.581	551.795
33.153	731.275	553.118
32.765	730.212	552.775
32.666	730.411	550.468
32.772	730.282	550.433
33.164	729.962	550.911
32.848	731.969	550.865
32.893	732.187	552.888
33.027	731.652	554.276
33.314	731.679	555.119
32.787	731.802	553.681
32.878	732.877	553.523
33.024	733.190	554.677
33.187	733.944	555.524
32.924	734.938	555.344
32.721	734.517	554.417
32.407	733.729	552.686
32.932	733.584	551.106
32.796	734.299	549.752
32.987	734.520	550.471
32.917	734.202	551.817
32.759	732.893	551.218
32.044	732.255	549.279
32.733	731.079	548.526
32.872	730.539	547.985
33.307	730.454	549.520
33.000	730.105	549.877
33.117	729.580	549.566
32.938	730.609	547.890
33.219	730.304	548.865
32.959	730.389	549.623
32.980	731.654	549.011
32.492	733.959	549.353
32.771	734.395	549.907
32.849	733.852	550.353
32.721	732.866	549.957
32.906	732.425	550.684
32.851	731.681	552.776
32.861	732.221	551.132
33.181	732.668	552.419
33.396	732.279	554.336
32.753	731.968	553.080
33.345	731.815	552.287
33.054	731.319	552.740
33.179	731.789	551.606
32.903	731.708	551.742
32.629	732.173	551.198
32.496	731.712	548.826
32.748	732.135	548.124
33.277	732.156	548.576
32.727	731.414	550.093
32.631	731.628	550.345
32.669	734.071	550.580
32.639	735.100	551.224
33.171	735.064	550.957
32.938	733.875	551.863
32.849	734.333	551.799
32.852	734.888	551.676
33.002	735.672	550.799
32.985	735.579	551.893
32.681	734.721	552.803
32.867	735.066	551.979
32.931	735.229	552.398
33.426	734.209	552.807
33.096	732.988	553.239
32.761	733.672	551.238
32.759	733.302	551.463
32.894	732.581	551.960
32.920	732.694	552.522
32.815	732.903	551.878
32.654	732.326	551.117
32.907	732.316	549.079
32.618	732.168	548.882
32.746	731.748	548.700
32.637	731.265	548.164
32.887	730.364	549.729
33.221	729.849	550.981
32.879	729.993	550.901
33.006	729.954	552.578
32.735	730.398	553.318
32.895	729.480	554.350
32.941	730.114	553.000
33.409	730.342	554.642
33.334	730.699	553.902
33.042	732.479	553.172
33.526	733.597	552.468
33.425	733.675	553.280
32.942	733.132	552.602
32.522	734.000	550.870
33.005	733.311	552.941
33.291	733.191	554.339
32.801	733.636	553.221
32.847	734.229	552.682
33.018	733.781	554.414
32.837	733.889	553.626
33.114	733.706	553.955
32.945	733.113	554.313
33.860	731.955	556.101
33.231	733.581	556.283
33.494	734.343	554.946
32.755	735.119	554.739
33.115	734.616	554.106
33.138	733.855	554.715
33.249	733.964	555.258
32.636	733.533	554.119
32.917	734.094	554.735
33.206	734.125	556.408
32.814	735.184	554.253
32.427	733.655	553.444
33.265	733.379	554.745
32.815	733.257	554.251
33.355	733.023	552.951
32.928	733.954	551.391
32.852	733.204	551.143
32.558	732.693	550.320
32.860	731.502	551.078
33.005	731.482	552.766
33.302	730.833	554.181
32.925	731.060	554.239
32.609	732.355	552.004
32.772	732.279	552.306
32.873	732.217	550.739
33.021	730.839	551.943
32.871	731.630	550.430
32.661	732.396	549.712
32.750	731.828	549.077
33.307	731.750	550.291
32.720	732.233	550.042
32.658	732.423	548.835
32.881	732.130	548.047
32.887	731.218	549.681
32.674	731.368	548.863
32.860	731.032	549.855
33.246	731.053	549.581
32.608	731.987	549.865
32.546	732.032	550.224
32.660	732.188	550.379
32.664	732.867	549.681
32.734	733.366	550.475
32.532	732.432	549.687
32.020	731.976	548.561
32.986	732.538	547.623
32.459	733.679	547.834
32.754	733.538	547.642
32.928	733.364	549.747
32.902	733.947	550.073
33.142	733.681	551.715
32.987	733.230	552.801
32.625	733.852	549.913
32.719	733.800	549.670
33.226	733.057	550.864
33.280	733.208	550.203
32.980	732.872	549.750
32.600	732.965	549.340
33.036	733.516	549.042
32.539	733.713	549.464
32.831	733.156	551.204
33.459	733.029	550.870
32.423	733.400	548.801
32.930	732.855	548.707
32.696	733.163	550.021
32.759	732.643	549.673
32.652	732.527	548.846
32.873	732.651	550.398
33.041	732.388	550.835
32.940	731.370	551.868
32.840	732.416	551.702
33.139	733.213	552.013
33.319	732.104	553.102
33.307	730.844	554.203
33.441	730.449	554.836
33.192	731.697	553.319
32.772	731.189	553.274
32.933	731.075	552.262
32.758	730.313	552.988
32.746	731.360	551.018
33.056	731.011	550.980
33.039	732.125	550.506
33.119	731.878	551.870
33.374	732.445	552.159
33.438	733.383	552.564
33.113	732.523	553.435
32.975	731.803	553.583
32.836	732.416	552.664
32.516	731.508	552.691
32.572	731.663	551.972
33.086	731.661	552.287
32.708	732.694	550.233
32.740	733.059	549.950
32.853	731.743	550.130
32.821	732.326	549.946
32.780	732.665	548.931
32.381	734.175	548.905
33.005	734.088	550.404
33.096	733.902	551.474
32.890	733.839	552.083
32.905	735.148	551.686
32.673	734.884	550.525
32.624	734.211	550.446
32.474	733.159	550.090
32.824	733.245	550.525
32.877	734.067	551.279
32.688	735.368	552.492
32.902	735.032	553.449
33.306	734.070	554.883
33.074	733.937	556.072
33.100	735.667	554.545
32.909	735.541	553.094
32.431	735.779	551.221
32.406	734.527	549.895
32.423	733.455	548.956
32.797	732.192	550.178
33.085	731.630	550.010
32.546	731.773	548.095
32.648	732.010	548.520
33.169	730.529	550.682
33.146	729.760	552.259
33.365	729.588	552.906
33.075	731.580	553.389
33.083	732.509	552.966
32.703	732.615	552.345
32.548	733.163	550.365
32.777	732.486	549.404
32.822	730.959	549.860
33.107	730.777	550.907
32.978	731.649	551.621
32.732	731.840	551.699
33.174	731.402	552.442
32.807	731.235	552.759
33.022	731.671	551.565
32.952	732.223	550.734
33.154	732.168	551.442
32.935	732.168	550.915
32.603	731.660	550.431
32.680	731.559	550.887
32.821	731.529	551.573
32.954	730.943	554.299
32.767	730.270	553.674
32.978	730.240	552.650
33.240	730.460	553.523
33.213	730.753	554.319
32.803	732.009	553.947
33.234	732.727	554.355
33.037	734.068	555.516
32.859	735.180	555.846
32.429	734.699	554.500
32.380	734.652	551.555
32.475	734.633	551.924
32.750	734.283	551.256
33.004	733.827	551.824
32.702	733.375	551.734
32.539	734.249	550.439
32.743	734.479	549.467
32.694	734.781	547.862
32.416	734.511	549.119
32.746	734.175	549.149
32.600	733.616	549.447
32.400	733.495	549.351
32.960	732.928	548.242
32.792	732.473	548.393
33.098	732.187	547.666
32.743	732.477	549.274
32.743	733.111	549.811
33.137	734.149	550.485
32.836	734.487	551.967
33.298	734.018	551.495
33.261	732.580	550.910
32.583	733.296	550.753
32.782	733.367	549.846
32.649	733.177	550.204
32.742	732.212	551.067
32.798	731.244	551.444
32.690	730.124	550.248
32.798	729.445	548.742
33.445	729.192	548.886
33.205	728.384	550.775
33.175	728.039	551.395
32.973	728.855	550.176
33.439	728.708	549.327
33.180	729.686	549.840
32.906	731.531	550.904
33.105	732.860	551.562
32.867	733.111	551.593
32.877	733.923	551.141
33.017	732.792	551.680
32.751	732.567	550.784
32.876	732.095	551.411
32.846	731.176	550.935
33.390	730.810	552.506
32.894	731.345	553.263
32.811	730.868	553.272
33.245	731.955	551.933
33.170	731.904	553.908
33.525	732.403	553.109
33.178	732.476	552.119
33.032	733.399	552.310
32.989	734.523	551.153
32.582	734.743	550.542
32.837	733.396	550.015
32.398	733.346	549.476
32.605	733.124	548.493
