35.192	732.968	554.300
34.885	732.542	553.519
34.461	732.549	554.089
34.688	731.562	554.881
34.918	730.374	556.254
34.872	729.866	556.476
34.653	729.770	556.549
34.648	730.389	555.652
34.568	730.286	554.465
34.984	730.390	552.976
34.619	730.612	553.006
34.856	731.282	552.901
34.870	731.242	553.472
34.813	731.675	552.648
35.039	732.565	553.513
34.683	732.632	553.048
34.567	731.931	553.506
34.407	730.963	554.465
34.573	731.000	553.416
34.944	730.947	553.278
35.202	731.429	553.784
34.988	730.786	554.466
34.852	731.045	553.376
34.506	730.972	552.936
34.502	731.623	550.887
34.556	732.415	550.849
34.452	731.172	551.085
34.660	730.233	551.065
34.914	729.475	551.847
35.092	729.410	552.749
35.071	729.943	552.504
34.903	729.328	554.279
35.333	729.565	553.784
34.816	731.230	553.747
34.991	731.816	553.450
34.423	732.753	552.233
35.171	732.898	552.431
34.680	732.936	552.056
34.511	731.811	552.149
34.376	731.480	551.875
34.804	730.928	552.030
34.732	731.474	551.566
34.655	731.723	552.523
35.053	731.806	553.763
35.000	732.239	554.766
35.063	732.561	554.855
34.773	733.594	554.566
34.905	733.559	554.949
35.063	733.707	554.430
34.935	734.085	553.724
34.639	733.170	553.453
34.227	732.191	552.277
34.258	731.325	551.287
34.331	730.963	550.252
34.703	730.839	551.678
34.918	730.987	552.324
34.698	731.810	552.075
34.681	732.122	552.808
34.677	732.043	554.118
35.102	732.305	554.573
35.040	732.443	555.112
34.875	732.501	554.461
34.752	733.038	553.365
34.641	732.808	553.272
34.719	732.210	553.482
34.601	732.835	552.839
34.616	732.714	552.488
34.913	733.109	552.078
34.656	733.641	551.020
33.978	732.657	551.384
34.339	732.668	551.807
34.684	733.296	553.218
34.711	733.249	552.399
34.920	732.327	552.726
34.236	730.600	552.014
34.942	729.763	552.440
34.719	729.148	552.456
35.212	729.023	552.097
35.007	729.444	551.973
35.010	729.165	552.419
34.834	728.870	553.053
35.170	729.106	552.773
34.204	730.548	552.377
34.747	731.033	551.265
34.612	730.480	550.711
34.958	729.362	550.805
34.713	729.770	549.061
34.444	730.465	548.790
35.086	728.946	550.485
34.929	728.303	551.056
34.979	728.540	551.063
35.000	729.632	551.067
34.501	731.252	551.971
34.718	732.240	552.297
34.647	731.813	552.988
34.775	732.037	553.235
34.351	731.130	552.131
34.687	730.682	551.800
34.631	730.682	553.450
34.666	730.273	553.147
35.055	729.918	553.328
34.878	731.120	553.593
35.179	731.092	554.480
34.694	730.927	552.587
34.775	732.126	552.268
34.858	731.980	553.276
35.184	731.927	553.704
35.022	732.109	554.824
34.928	732.364	554.478
34.871	732.465	553.896
34.851	732.814	554.093
34.552	733.492	554.048
34.743	733.322	553.928
34.526	732.984	553.296
34.343	731.991	553.357
34.928	731.283	553.327
34.731	730.356	553.193
34.809	729.513	554.783
34.439	729.233	555.805
34.385	728.633	555.769
34.788	728.691	555.070
34.694	729.224	554.677
34.923	729.613	553.654
34.739	730.891	552.703
34.906	730.888	553.722
34.542	731.219	553.719
34.662	731.632	554.042
34.655	732.111	553.473
34.539	732.601	552.828
34.356	732.047	553.160
34.931	732.131	553.634
34.589	731.548	553.825
35.013	732.049	554.255
35.058	732.246	553.963
34.916	731.774	554.270
34.931	731.763	554.611
34.992	732.437	554.513
35.249	733.029	554.041
34.705	733.847	554.045
35.121	733.789	554.044
34.738	734.065	552.211
34.244	733.457	552.785
34.783	732.774	552.871
34.528	733.849	552.950
34.777	733.908	552.286
34.757	734.258	552.379
34.464	733.911	552.448
35.118	733.408	553.458
34.976	733.372	553.597
34.962	732.643	554.179
34.434	732.392	553.698
34.535	731.113	554.393
34.955	731.256	553.907
34.804	731.372	553.679
34.520	731.011	553.177
34.832	731.223	552.936
34.540	730.103	554.109
34.638	730.025	553.264
35.170	729.861	552.915
34.698	729.618	554.279
35.106	730.144	554.050
35.229	729.849	553.842
34.578	729.664	552.961
34.777	729.529	552.742
35.086	730.562	553.173
34.372	730.326	553.057
35.050	729.944	553.428
34.583	730.073	552.838
34.057	730.371	551.036
34.550	730.149	550.359
34.850	730.248	550.071
34.613	731.145	549.268
34.218	731.400	549.462
34.555	730.281	549.776
34.817	729.483	550.404
35.063	729.548	549.733
35.083	730.013	549.801
34.899	729.676	550.289
34.834	729.494	551.365
34.891	728.279	552.636
35.048	729.030	551.785
34.949	729.207	551.000
34.809	729.661	550.758
34.738	731.302	551.047
34.350	730.816	550.811
34.772	730.141	552.580
34.785	729.598	553.345
35.002	730.067	553.187
34.429	729.295	553.370
34.932	729.179	552.062
34.879	728.985	552.803
35.081	729.490	552.896
35.023	730.293	551.571
34.703	730.466	551.425
34.864	730.401	551.613
35.134	730.398	552.310
34.866	730.877	552.180
34.511	730.506	552.945
34.402	730.161	553.559
34.849	729.909	554.609
34.588	730.390	554.439
35.203	730.816	553.780
34.672	731.249	553.069
34.649	730.626	553.399
34.631	730.647	553.355
35.019	731.081	553.167
34.702	731.324	552.880
34.454	731.901	551.401
34.176	731.469	551.524
34.570	730.450	551.672
34.824	730.365	552.108
34.678	729.870	551.252
34.898	729.470	551.167
35.083	729.763	551.078
34.934	729.642	551.824
35.058	729.358	553.003
35.259	728.525	553.885
34.938	730.147	554.289
35.057	730.225	554.629
33.988	729.636	553.862
34.442	728.982	554.072
34.839	729.265	553.937
34.633	730.031	554.374
34.786	730.491	553.794
35.121	729.926	553.925
34.434	729.775	553.572
34.482	730.447	551.807
34.488	730.349	551.070
34.319	730.492	549.691
34.474	730.758	549.685
34.575	731.279	550.206
34.233	731.489	550.837
34.573	731.241	551.108
34.590	730.881	551.401
34.659	730.632	551.328
35.014	730.270	551.711
35.048	730.326	551.612
35.021	730.689	552.063
34.866	731.179	552.384
34.729	730.189	552.699
34.493	729.668	552.867
33.811	729.669	551.670
34.372	730.593	551.590
34.366	730.480	551.323
34.828	729.169	550.769
34.840	728.836	550.506
35.068	728.846	551.748
34.939	727.870	552.635
34.936	728.736	552.026
34.745	729.317	552.019
34.893	728.341	551.932
35.119	727.430	553.210
35.331	726.629	553.012
35.277	727.683	552.681
35.071	728.854	552.440
34.825	729.024	551.682
35.016	729.145	551.387
34.868	729.784	551.635
34.569	730.731	552.704
34.850	731.324	554.066
34.954	730.688	555.434
34.272	730.274	554.229
34.578	728.867	554.645
34.872	729.075	554.850
34.546	730.125	553.607
34.837	730.415	552.388
34.535	729.411	551.842
34.934	729.258	551.079
34.860	729.458	550.598
35.008	729.416	550.847
35.119	728.962	551.235
34.917	728.302	550.862
35.010	728.550	550.829
35.137	729.268	551.381
34.735	728.753	551.280
35.174	728.191	551.259
34.817	727.724	551.127
35.469	727.395	552.052
35.030	728.103	552.271
35.141	728.470	552.708
35.193	728.700	552.770
35.133	729.274	553.755
34.996	729.064	553.754
34.945	729.900	553.127
34.958	730.615	552.443
34.688	731.012	553.109
34.764	730.815	554.056
34.754	731.365	553.477
34.572	731.011	552.798
34.277	730.397	552.091
34.598	729.842	551.773
34.910	730.183	551.704
34.951	730.869	552.424
34.673	732.109	551.295
34.985	731.982	550.979
34.815	732.705	550.887
34.224	733.458	550.929
34.387	734.163	550.041
34.348	733.661	550.055
34.225	733.439	551.209
34.578	732.783	551.599
34.402	732.633	551.285
34.143	732.243	550.004
34.133	731.042	549.446
34.589	730.200	550.812
34.799	730.548	550.980
34.854	730.683	551.572
34.853	730.836	551.194
34.184	730.313	550.226
34.846	729.104	549.657
34.806	729.708	550.814
35.103	729.127	552.951
35.011	729.410	553.292
35.107	730.253	552.665
34.752	731.148	554.077
34.983	731.747	554.705
35.013	732.328	554.583
34.854	731.460	554.212
34.617	730.836	553.572
34.910	730.947	552.974
34.580	731.628	552.990
34.648	731.478	553.523
34.718	731.487	552.921
34.591	731.574	552.024
34.707	732.168	552.217
34.793	732.266	552.088
34.584	732.657	551.661
34.350	733.130	551.142
34.017	731.867	551.139
33.965	731.021	550.119
34.609	729.870	550.687
35.144	729.442	550.889
34.993	729.002	550.907
34.670	728.316	550.899
35.241	727.447	551.273
34.968	727.026	551.310
35.120	726.337	552.299
35.278	726.077	552.552
35.290	725.708	553.350
35.503	726.457	552.110
35.353	726.325	551.747
34.921	727.725	551.893
34.822	729.301	551.282
34.982	729.435	551.246
35.439	728.073	552.059
35.111	728.728	551.455
34.709	729.354	550.683
35.133	728.941	551.154
34.804	728.143	550.728
34.959	727.587	550.939
35.173	728.360	551.010
35.053	727.695	551.577
34.768	729.027	551.748
34.804	729.968	551.424
35.122	729.744	552.034
34.940	729.746	553.191
34.918	730.679	553.021
34.740	730.353	554.130
34.669	729.602	553.747
35.088	729.970	554.378
34.713	729.914	553.412
34.828	730.105	553.205
35.336	730.357	552.997
34.987	731.090	553.096
34.969	731.358	553.751
35.038	730.427	554.012
34.346	729.296	553.273
34.921	728.759	552.928
34.902	729.739	552.354
34.849	730.685	552.377
34.729	731.823	552.116
34.606	731.575	552.488
34.387	731.935	550.747
33.913	732.378	550.130
34.432	732.301	549.916
34.391	731.702	550.863
34.697	731.843	551.537
34.977	731.885	552.189
34.909	732.103	552.875
34.949	732.979	553.083
34.914	733.375	554.234
34.938	733.375	554.003
34.509	732.838	553.813
34.981	733.189	553.444
34.660	733.362	552.549
34.675	732.370	553.333
34.827	730.222	553.994
34.687	730.142	552.948
35.082	730.592	552.470
34.359	730.389	551.749
34.820	731.049	551.119
34.441	731.394	550.082
34.546	730.499	549.985
34.616	730.135	549.890
34.757	729.205	550.790
35.096	728.672	551.044
34.570	728.303	552.007
34.773	728.807	551.288
35.191	729.013	551.219
34.994	728.246	550.917
34.821	728.870	550.301
34.765	729.382	550.799
34.788	728.779	552.076
35.350	729.499	551.950
34.956	729.599	551.675
34.587	729.730	552.114
34.693	730.154	551.302
34.751	730.108	552.282
35.153	729.862	552.691
34.861	730.230	553.351
34.865	730.577	552.832
34.281	730.844	553.230
34.875	730.504	553.411
34.558	731.209	553.209
34.954	730.963	553.584
35.118	731.699	554.149
34.642	732.076	553.762
34.496	730.888	554.339
33.937	729.341	553.714
34.922	728.323	554.317
35.041	727.202	553.985
35.458	727.682	553.563
35.092	729.662	553.320
34.692	730.692	553.770
35.176	730.725	555.298
34.999	731.576	555.378
35.098	732.254	555.185
34.737	731.637	555.818
34.939	732.465	555.096
34.760	731.740	554.905
34.206	731.256	554.226
34.902	731.385	554.155
34.844	730.079	553.972
34.731	730.314	553.066
34.966	729.746	553.085
34.788	729.889	552.833
34.793	730.320	552.168
34.567	729.038	552.251
34.861	728.793	552.274
35.014	728.453	553.534
34.700	729.031	552.766
35.087	729.647	552.103
34.540	730.285	550.706
34.069	729.940	548.870
34.730	729.682	549.465
34.701	729.006	550.085
34.784	728.515	551.570
35.161	728.556	552.596
35.057	729.035	553.542
34.982	729.247	554.527
34.656	728.842	554.546
34.654	729.221	553.780
34.804	730.438	553.050
34.891	730.106	552.748
34.954	729.889	553.679
34.725	729.414	554.548
35.119	728.793	554.753
34.738	728.177	555.088
34.792	727.701	554.894
35.205	728.745	554.685
34.821	729.820	554.223
35.259	730.308	554.726
34.833	730.723	555.377
35.014	731.380	555.292
34.932	731.623	555.008
34.792	731.812	555.684
35.033	732.618	555.320
35.241	732.477	555.083
35.003	732.150	555.352
34.727	731.533	556.557
34.546	731.146	555.687
34.790	731.967	554.517
34.731	731.933	555.656
34.034	731.615	554.171
34.590	731.322	554.016
34.938	731.231	553.694
34.911	730.773	553.843
35.138	731.776	554.076
34.892	731.536	555.220
34.744	731.467	554.485
35.058	731.112	554.051
34.950	730.994	552.593
34.677	731.450	552.598
34.023	730.003	552.805
34.637	729.819	552.708
34.472	728.544	553.293
34.689	728.520	552.793
35.193	729.164	553.744
35.009	729.928	552.243
34.844	730.245	551.092
34.898	729.161	550.682
35.066	729.016	550.937
34.865	730.111	550.707
34.770	730.314	551.096
35.010	729.996	551.648
34.887	730.789	552.827
34.874	731.005	553.814
34.659	731.148	553.352
34.535	730.556	552.962
34.678	730.858	553.384
34.849	729.990	554.227
35.144	730.071	554.114
34.535	728.879	554.813
34.824	727.926	555.368
34.997	728.776	554.210
34.765	729.252	552.295
34.916	729.430	551.307
34.856	729.021	551.236
34.747	729.118	550.133
34.626	728.163	551.423
35.086	727.388	551.418
34.943	725.744	551.069
35.130	726.361	551.052
35.170	726.346	551.247
34.897	727.292	550.483
34.729	727.755	550.051
35.283	728.334	550.628
34.891	729.323	551.272
34.636	729.837	550.597
34.836	730.128	552.021
34.803	730.648	552.148
34.912	730.916	552.958
35.150	730.510	553.667
34.502	730.476	553.310
34.992	729.427	553.247
34.515	728.074	552.630
34.753	728.486	552.434
35.050	727.357	551.580
35.320	727.734	551.938
35.234	728.825	551.489
35.153	729.190	551.956
34.665	729.411	553.171
34.641	730.589	552.896
35.001	731.497	553.727
34.884	731.714	554.564
35.079	733.198	554.198
34.909	732.859	553.956
34.649	732.976	553.617
34.997	731.910	553.813
34.290	730.541	554.834
34.379	729.209	554.614
34.722	728.900	554.304
34.912	729.986	553.168
34.789	730.765	553.397
34.902	731.655	553.490
34.721	731.540	553.761
34.948	731.459	554.644
34.906	731.308	554.965
34.609	730.199	553.486
35.047	730.101	553.147
34.145	729.218	551.254
34.673	729.084	549.772
34.777	729.086	549.877
34.787	728.180	550.716
34.623	728.894	550.540
34.973	729.067	550.692
35.038	728.761	550.989
34.928	729.624	550.505
34.485	730.106	550.141
34.619	730.729	549.171
34.671	730.651	550.455
34.816	730.778	551.198
34.655	731.120	552.640
34.752	731.054	553.964
34.684	731.692	554.164
35.138	731.738	555.035
35.045	732.050	555.499
34.652	731.568	556.105
34.406	731.437	555.358
34.998	730.680	554.594
34.755	731.257	554.895
34.700	731.326	553.792
34.812	731.589	553.189
35.104	732.280	552.838
34.849	732.815	552.657
34.616	732.934	552.031
34.044	731.800	551.831
34.685	730.829	553.125
34.008	729.351	553.495
34.855	728.999	553.088
34.575	729.924	551.556
34.709	729.931	553.018
34.462	730.158	552.759
34.706	730.380	552.612
34.758	729.984	554.349
34.850	730.236	553.624
34.651	730.147	554.205
34.344	730.271	554.008
34.990	730.231	553.706
34.649	729.978	552.884
34.966	729.570	553.840
34.771	730.270	554.622
34.734	730.242	554.738
34.977	730.405	554.036
34.890	731.224	553.736
34.450	731.172	553.142
34.205	730.837	551.875
34.418	730.728	551.246
34.470	730.775	550.348
34.485	730.418	550.581
34.696	729.652	550.688
34.909	729.520	551.188
35.175	729.901	551.838
34.874	730.455	551.526
34.819	731.593	551.046
33.918	732.311	549.584
34.475	731.930	550.880
34.588	732.259	551.477
34.464	731.633	553.127
34.494	731.373	552.802
34.509	731.369	552.930
34.595	730.367	552.046
34.816	729.241	552.410
34.744	728.619	552.055
34.939	727.766	552.609
35.215	727.233	552.641
35.020	727.856	550.985
35.215	728.051	550.699
34.660	727.663	550.588
35.028	727.559	551.992
35.255	727.176	552.861
35.242	726.469	553.567
34.839	726.821	551.808
34.688	727.018	551.283
35.226	727.426	551.921
35.104	727.376	551.382
35.075	727.158	551.075
35.113	727.590	551.165
34.841	728.444	550.966
34.620	728.525	552.216
35.563	729.171	552.578
34.779	729.856	551.940
34.427	731.179	551.291
34.353	730.496	550.276
34.466	729.763	549.646
34.724	729.682	549.988
34.874	730.336	550.641
34.870	729.850	551.455
34.799	730.072	552.322
35.129	730.590	552.850
35.292	731.341	554.558
34.884	731.273	555.748
35.189	731.897	555.595
34.994	732.106	555.617
34.797	733.352	554.288
34.752	733.848	553.408
34.746	734.000	553.938
35.040	733.634	554.546
34.288	732.507	555.257
34.653	733.087	554.925
34.765	733.178	555.268
34.796	733.814	555.102
34.661	733.183	554.211
35.049	732.846	554.286
35.300	733.536	554.070
34.473	733.697	552.862
34.592	733.126	553.055
34.799	732.941	553.635
35.021	732.454	554.931
33.932	730.940	553.979
34.390	730.837	551.563
34.629	731.816	551.480
34.609	731.785	551.521
34.555	732.041	551.636
34.902	732.414	551.289
34.430	732.296	552.375
34.317	731.382	552.128
34.713	731.580	550.933
34.486	731.797	550.870
34.473	731.957	550.802
34.656	733.120	550.570
34.707	732.876	551.863
34.789	733.035	553.239
34.824	732.149	554.203
34.803	731.521	555.215
34.638	730.846	555.895
34.399	730.269	554.883
35.198	729.952	552.750
34.663	729.877	551.875
34.760	729.854	552.754
34.713	730.463	552.564
34.815	730.521	553.420
34.996	730.959	553.576
34.227	730.133	554.333
34.848	730.782	553.654
34.772	731.835	552.544
34.474	732.464	551.581
34.442	732.454	550.581
34.422	731.530	551.069
34.434	730.685	553.208
34.934	730.145	553.888
34.786	729.120	554.045
34.905	728.908	554.360
35.080	730.210	553.909
35.130	729.489	553.227
34.904	729.828	551.918
34.600	730.304	550.993
34.946	729.542	550.416
34.612	728.871	550.434
34.843	728.543	550.795
34.971	728.108	551.929
35.056	728.124	552.247
35.154	728.177	552.438
35.112	728.461	551.753
35.106	727.494	551.902
35.151	727.063	551.625
34.893	728.054	551.121
34.657	728.456	551.750
35.035	728.382	552.135
34.971	728.592	551.700
34.743	729.291	551.815
35.162	729.119	551.734
34.566	729.886	550.505
34.925	730.079	549.439
34.658	730.025	547.633
34.711	730.101	547.612
34.814	728.968	550.301
34.972	728.138	551.406
34.731	728.099	551.264
35.308	726.755	553.020
35.046	727.237	553.511
35.268	727.462	553.939
35.306	728.766	552.532
34.706	729.688	553.189
34.396	730.578	552.275
34.880	731.776	551.292
34.739	732.086	551.454
34.549	731.880	551.416
34.675	732.631	551.660
34.988	733.376	552.066
34.958	732.700	552.606
34.769	732.899	553.287
34.730	733.806	553.741
34.805	734.599	554.448
34.872	734.319	554.504
34.512	733.509	553.845
34.272	733.277	552.989
34.852	733.909	552.730
34.610	733.788	552.797
34.501	732.038	554.226
34.800	730.590	555.207
34.840	730.044	555.650
35.132	730.139	555.072
35.069	729.347	555.688
34.943	729.793	555.544
34.802	730.274	555.291
35.026	730.679	554.205
34.550	730.846	553.591
34.822	730.714	553.830
34.554	731.028	552.944
34.116	730.650	551.831
34.672	730.058	552.479
34.713	731.132	552.320
34.415	731.417	552.432
34.704	729.727	553.798
34.184	729.593	552.429
34.200	729.239	551.587
34.868	728.733	551.959
34.643	729.169	552.235
34.932	728.972	551.657
34.939	729.126	551.193
34.752	730.062	550.437
34.659	729.968	551.057
34.421	728.797	551.804
34.435	729.339	549.878
34.650	728.233	550.139
34.932	728.209	550.042
34.830	728.381	550.334
34.727	728.365	550.577
35.344	728.531	549.811
34.497	729.253	550.139
34.881	729.002	550.660
34.718	729.872	551.012
34.291	731.132	551.769
34.843	730.967	553.120
34.958	732.180	552.147
34.637	732.604	553.231
34.902	732.883	554.089
34.801	732.426	554.976
34.687	731.371	555.363
34.488	730.997	553.934
34.648	730.615	554.261
34.931	731.391	554.052
34.767	731.388	552.151
34.698	730.341	553.442
34.980	730.103	553.635
34.699	729.983	553.446
34.268	729.760	552.016
34.756	730.542	551.822
34.412	730.482	552.194
34.510	729.123	552.426
34.928	729.342	552.158
35.159	729.322	552.111
34.753	730.133	551.864
34.679	729.722	552.344
34.570	730.474	552.065
35.077	729.778	552.267
34.685	729.007	553.027
35.233	728.997	553.531
35.025	729.064	554.051
35.000	729.704	553.658
34.932	730.667	553.582
34.439	731.470	552.540
34.670	729.990	553.137
35.129	730.654	551.929
34.505	731.652	552.182
34.667	731.837	552.639
34.812	731.485	554.841
34.935	730.762	555.066
34.664	730.189	555.752
34.938	729.890	555.814
34.625	730.392	554.541
34.896	729.691	554.843
34.818	730.661	553.680
34.633	731.863	554.070
35.221	732.791	553.592
35.126	732.839	554.183
35.165	733.169	554.578
34.831	733.019	554.809
34.715	732.906	554.392
34.601	732.633	552.613
35.031	734.114	552.303
34.876	733.160	552.430
34.622	732.952	553.044
34.527	732.777	553.039
34.832	732.557	553.245
34.570	732.433	553.988
35.138	732.404	554.312
34.442	731.439	553.866
34.782	731.321	553.623
34.670	731.423	552.550
34.765	730.813	552.055
34.529	731.896	550.462
34.372	731.865	550.230
34.663	730.996	550.994
34.527	729.914	551.827
34.808	730.595	551.141
34.601	730.274	552.528
34.959	730.676	554.050
35.084	731.647	554.049
34.991	732.302	554.743
34.750	732.319	553.810
34.184	729.790	554.889
34.681	730.450	555.004
34.825	730.808	554.690
34.841	731.815	553.784
34.379	730.985	553.488
34.606	731.655	552.309
34.949	732.202	552.405
34.579	732.664	552.510
34.768	732.508	554.557
35.022	732.689	554.585
34.965	733.408	554.424
34.859	732.325	555.016
34.602	731.525	555.313
34.571	730.762	555.426
34.676	730.827	555.234
34.538	730.276	555.392
34.818	729.613	554.943
34.585	728.804	555.628
34.952	728.065	556.831
34.556	727.753	555.594
34.858	727.736	555.242
34.678	728.291	553.047
35.065	727.786	552.547
35.261	727.626	552.888
35.241	726.715	553.954
35.387	726.601	554.680
35.259	726.504	555.490
35.232	727.724	554.145
35.053	728.918	554.344
34.854	730.287	553.187
34.469	729.694	551.743
34.725	730.271	552.033
34.865	730.205	552.299
34.901	730.317	552.282
34.417	731.751	551.259
34.125	731.728	551.923
34.600	731.445	551.687
34.391	731.082	552.282
35.044	731.194	551.870
35.050	731.352	551.778
34.562	732.061	551.831
34.733	732.468	552.709
34.873	731.940	553.425
34.768	732.770	552.897
34.536	732.688	552.943
34.480	732.726	552.175
34.654	733.129	550.999
34.705	733.181	551.455
34.813	733.194	551.914
34.658	732.964	553.072
34.759	732.143	553.190
34.956	731.305	554.742
34.810	730.664	555.068
34.883	730.950	554.814
34.513	731.337	553.937
34.521	730.608	553.199
34.388	729.471	553.028
34.706	729.209	552.521
35.029	729.054	553.348
34.820	729.721	553.203
35.005	731.256	552.495
35.015	731.534	552.527
34.667	732.124	553.136
34.961	732.038	553.458
35.063	732.736	553.939
34.277	732.019	554.222
34.616	731.902	553.329
34.073	731.859	551.014
33.999	731.722	549.572
34.204	732.008	548.949
34.201	731.455	548.787
34.665	730.605	550.152
34.414	730.089	551.559
34.848	730.491	552.366
34.902	730.389	551.779
34.603	731.040	551.487
34.718	730.825	552.167
34.847	731.262	552.208
34.646	730.471	551.510
34.500	729.606	552.093
34.438	729.027	552.610
34.701	728.059	553.797
34.825	728.804	553.247
35.064	729.335	553.039
35.516	728.350	554.388
35.414	727.825	554.416
35.229	728.519	554.360
35.015	729.178	554.848
35.111	729.320	555.290
34.631	729.052	555.711
34.915	729.668	555.409
35.077	730.966	554.654
34.871	731.469	553.884
34.734	732.007	553.210
34.803	732.257	553.379
35.132	731.999	553.918
34.542	731.878	553.742
34.792	731.400	553.931
34.922	730.839	553.758
34.693	731.039	553.936
35.108	730.341	554.587
34.583	729.375	555.800
34.999	729.341	555.721
34.622	729.687	554.279
34.795	730.473	552.708
34.477	729.654	551.905
34.801	729.640	551.569
35.133	729.308	552.307
34.933	729.197	552.204
34.885	729.130	551.971
35.070	729.473	551.403
35.208	728.629	550.958
34.744	729.241	550.843
34.829	729.595	552.328
34.865	730.043	552.513
35.223	730.666	553.131
34.768	730.974	553.178
34.781	731.204	553.196
34.827	731.275	553.631
34.680	730.624	554.032
34.858	730.931	553.526
34.681	730.747	553.060
34.562	729.851	553.334
34.749	729.539	554.333
34.800	730.403	553.470
35.042	730.682	552.466
34.881	730.511	552.396
35.039	730.478	552.943
35.158	730.100	553.719
34.821	729.857	555.079
34.672	729.823	555.340
34.530	730.423	554.343
34.816	730.852	553.598
34.563	731.018	553.712
34.277	730.431	553.404
34.750	730.030	551.841
34.984	731.007	552.201
34.628	732.032	551.665
34.927	732.209	552.797
34.740	732.381	552.875
34.786	732.185	553.184
34.479	731.363	552.389
34.309	730.788	551.213
34.584	731.265	549.801
34.258	732.049	549.695
34.433	731.368	550.704
34.521	730.684	551.019
34.974	730.430	551.097
34.471	731.169	550.485
34.503	731.139	550.953
34.995	731.101	551.950
34.717	731.551	552.556
35.062	732.357	553.357
34.980	732.170	553.037
33.788	730.961	552.818
34.443	730.604	553.287
34.465	731.377	551.908
34.547	731.716	551.105
34.567	732.126	551.339
34.691	732.147	551.751
34.984	732.327	552.484
34.596	732.127	552.219
34.866	731.255	553.211
34.303	729.837	553.965
35.234	730.088	553.450
34.666	730.652	551.989
34.330	730.939	551.134
34.531	731.712	550.782
34.298	731.526	552.133
34.522	731.599	552.340
34.767	730.865	553.149
34.912	730.411	553.412
34.851	729.149	554.006
34.863	728.250	553.515
34.804	729.381	551.883
34.860	728.311	551.004
35.029	727.623	550.576
34.829	729.391	550.581
34.587	728.713	550.813
34.735	730.375	551.335
34.909	730.136	552.722
34.978	730.706	553.345
34.535	730.786	553.888
34.651	731.535	553.735
34.716	732.098	553.250
34.363	732.068	552.544
34.117	731.546	551.521
34.643	731.707	551.817
34.647	731.459	551.970
34.563	731.025	551.046
34.507	732.190	550.690
34.281	731.807	550.542
34.636	731.917	551.600
34.166	731.650	551.148
34.449	730.320	552.006
34.820	728.403	553.848
35.301	727.199	554.519
35.014	726.665	554.407
35.167	726.594	554.644
35.184	727.518	554.659
34.883	728.260	555.174
34.791	728.664	554.140
34.920	729.605	552.909
35.193	730.399	552.480
35.227	729.053	553.204
34.813	728.910	553.453
34.659	730.021	553.011
34.526	732.028	552.442
34.461	732.864	552.530
34.678	733.128	552.997
34.880	733.304	553.455
34.928	732.933	553.777
34.943	734.198	552.635
34.864	732.732	554.155
34.408	731.733	553.695
34.463	732.794	552.026
34.556	733.558	551.388
34.309	733.455	551.649
34.368	733.065	551.292
34.849	732.775	552.558
34.674	733.662	552.893
34.554	733.246	552.506
34.663	732.778	553.521
34.758	733.241	553.002
34.784	732.888	553.813
34.572	731.320	554.292
34.802	730.684	554.763
34.605	730.972	554.828
34.567	730.849	555.143
34.760	731.242	553.624
34.273	730.678	551.835
34.367	731.240	550.695
34.911	730.379	551.832
34.837	730.860	551.019
34.770	731.423	551.738
34.859	730.644	553.461
34.738	731.047	554.226
35.217	731.154	554.859
34.428	731.601	553.534
34.366	732.094	552.485
34.438	731.856	551.621
34.728	731.626	552.115
35.018	731.522	553.154
34.618	731.103	553.743
34.731	731.012	552.828
34.853	730.315	553.908
34.951	730.107	554.526
34.648	729.484	555.254
34.790	729.269	555.084
34.696	730.179	552.992
34.621	730.770	552.018
35.078	730.587	552.683
34.641	730.886	553.638
34.829	731.041	553.546
34.069	731.055	551.241
34.344	731.644	548.912
34.338	730.885	548.455
34.853	730.162	549.757
34.779	729.828	550.891
34.412	730.538	550.719
34.500	730.486	550.819
34.505	729.768	550.874
34.814	729.417	551.022
35.190	728.743	551.343
35.068	728.855	550.804
34.984	728.623	551.823
35.157	729.091	552.128
34.946	729.708	552.358
34.845	729.673	551.796
34.814	730.532	551.910
34.907	730.550	552.523
34.491	730.607	552.953
34.662	730.877	554.494
34.760	730.600	554.495
34.778	731.001	553.856
35.134	730.600	553.730
34.689	730.855	554.339
34.969	731.142	554.402
35.236	731.400	553.428
34.781	732.070	552.749
34.563	732.319	551.909
34.513	732.180	551.930
34.715	731.708	552.192
34.574	732.853	552.201
34.610	732.619	552.636
34.229	732.868	552.057
34.915	732.152	552.352
35.041	731.654	552.328
34.942	731.832	552.425
34.901	731.882	552.912
35.102	731.822	554.162
34.667	732.202	554.289
34.523	732.461	552.624
34.689	731.767	552.443
34.601	731.216	552.769
34.614	729.910	553.023
35.041	729.129	554.498
35.066	728.262	554.723
35.088	728.626	554.519
34.821	729.293	554.080
34.791	730.671	553.154
34.927	731.331	553.239
34.998	730.629	553.856
34.744	730.543	554.275
34.459	730.018	554.708
34.740	730.298	555.271
34.753	730.308	554.164
34.877	730.710	553.299
34.586	731.250	552.075
34.123	730.388	551.706
34.683	730.445	550.928
34.844	729.938	551.200
34.639	728.965	550.785
34.900	730.041	550.568
34.410	731.561	550.217
34.505	733.297	550.747
34.906	733.024	551.942
34.498	732.579	552.021
34.424	731.931	553.093
34.761	731.535	553.386
35.078	731.521	553.708
34.741	732.114	553.946
34.743	732.192	553.619
34.611	731.476	553.848
34.753	730.691	553.928
34.779	730.774	554.354
34.706	730.471	554.464
34.759	730.690	552.945
34.731	729.622	553.913
34.575	731.124	553.274
34.700	731.061	552.596
34.771	731.679	552.562
34.929	731.612	553.286
34.642	731.192	552.667
34.826	731.205	552.156
34.749	731.234	552.619
34.854	731.748	552.469
34.933	731.930	552.734
34.331	731.980	551.851
34.133	732.175	550.598
34.556	731.946	551.578
34.895	731.895	552.266
34.761	730.783	553.882
34.860	730.594	555.109
34.680	730.483	554.378
34.755	730.752	553.638
34.813	732.218	554.029
34.635	732.878	552.746
34.522	732.401	552.191
34.845	732.757	551.796
34.846	733.759	552.466
34.306	733.016	551.556
34.231	732.132	551.108
33.985	730.850	551.421
34.726	730.320	551.833
34.631	729.544	553.323
34.797	730.351	553.631
35.066	731.034	553.856
35.258	731.132	554.427
35.043	730.972	553.730
34.577	730.614	553.007
34.674	730.514	553.347
34.947	731.282	551.913
34.285	731.252	551.768
34.918	731.724	551.823
34.543	731.720	551.878
34.316	731.396	551.906
34.510	730.556	551.229
34.311	730.073	551.746
34.263	728.935	551.294
34.798	728.541	550.770
35.059	727.790	551.388
35.090	727.593	551.979
35.150	728.163	551.861
34.989	728.328	552.071
35.031	728.018	552.537
35.013	728.088	552.653
34.784	729.652	551.920
34.938	730.395	552.888
35.187	730.833	552.974
34.941	731.041	553.105
34.667	731.086	552.500
34.630	730.669	553.014
34.741	730.525	552.558
34.641	730.886	551.776
34.697	729.792	553.397
34.787	729.840	553.832
35.174	730.276	554.243
34.946	730.427	554.071
34.985	730.288	554.662
34.622	730.196	554.215
35.041	730.827	553.211
35.313	730.780	553.627
34.923	731.204	553.810
34.866	731.443	553.933
34.955	731.698	553.935
34.525	732.630	553.206
34.561	731.934	553.260
34.619	732.315	552.437
35.070	731.638	552.574
34.652	731.686	553.433
34.520	731.331	553.894
34.639	730.382	554.225
35.029	728.866	555.271
34.826	729.233	554.719
34.921	729.758	553.808
34.675	729.761	553.333
34.891	729.340	553.932
35.004	728.662	554.007
34.959	730.354	552.480
35.017	730.039	552.147
34.640	730.147	551.799
34.648	731.105	551.534
34.793	730.631	552.517
35.009	730.472	553.816
34.933	730.315	552.835
34.980	729.785	553.183
34.667	729.759	551.965
34.826	729.834	552.175
34.662	731.132	551.218
34.495	730.997	550.941
34.457	730.761	550.970
34.815	731.043	550.452
34.993	730.491	549.868
34.521	730.064	549.917
35.116	730.210	550.298
34.816	729.626	550.126
34.820	730.332	550.575
34.648	729.678	551.452
34.780	728.803	552.772
34.981	728.204	553.487
34.967	728.055	552.322
35.627	728.577	551.745
34.923	730.336	551.529
34.710	731.153	551.346
34.701	731.858	552.352
34.514	731.995	553.212
34.883	731.187	553.486
34.892	730.303	552.744
34.613	730.570	552.275
34.823	730.746	551.751
35.343	729.355	553.371
35.289	729.374	553.329
35.159	729.798	553.058
34.809	729.935	553.769
35.235	730.335	554.717
35.120	730.773	554.796
34.959	730.560	555.672
35.027	731.327	555.646
35.226	730.796	556.416
34.524	730.689	555.338
34.828	730.778	554.984
35.484	730.689	555.048
35.134	731.572	554.820
35.193	732.870	554.976
34.678	733.161	553.377
34.721	732.205	552.554
34.451	731.573	552.714
34.673	732.423	551.991
34.751	730.438	553.370
34.901	730.356	552.975
35.069	730.124	553.729
35.328	730.601	553.791
34.627	730.910	553.710
34.610	730.968	553.623
34.850	731.964	553.661
34.905	731.934	553.274
34.583	731.620	553.577
34.320	730.048	554.516
34.496	729.037	554.461
34.650	730.253	553.593
35.188	730.660	553.900
35.115	731.440	554.634
34.905	731.499	554.690
34.784	732.099	553.658
34.730	732.632	552.391
34.269	733.297	550.137
34.807	732.685	551.155
34.993	732.779	552.449
34.619	733.324	551.770
34.717	732.873	551.740
34.543	732.691	552.227
34.584	733.101	552.514
34.866	731.905	554.060
34.772	732.408	553.303
34.664	732.266	552.295
34.600	732.882	552.108
34.843	731.656	553.193
34.686	731.316	553.095
34.597	730.894	552.680
34.731	730.966	553.564
34.820	731.198	553.314
35.023	731.047	553.359
35.104	730.426	553.461
34.699	730.239	552.865
35.093	730.015	553.177
34.624	730.880	553.443
35.084	731.137	554.485
35.007	730.117	555.122
35.146	729.974	554.943
34.500	729.309	555.169
35.081	729.052	554.638
35.095	728.720	556.044
34.833	729.952	555.685
35.218	730.719	555.593
34.844	731.394	555.393
34.224	729.928	555.018
34.804	729.783	554.664
34.952	730.359	555.651
34.549	729.954	555.137
34.934	729.797	554.357
35.579	730.507	554.752
34.960	730.673	554.828
34.591	730.514	554.991
35.105	731.278	554.233
34.977	730.561	554.392
34.484	730.846	554.017
34.950	731.016	552.942
34.580	730.081	552.214
34.535	728.925	551.750
35.197	728.573	552.403
35.084	729.277	552.866
35.373	728.554	554.318
35.365	730.163	554.158
34.892	731.156	554.180
34.634	730.861	553.905
34.661	730.735	554.030
34.113	730.340	552.443
34.986	729.549	552.466
35.121	729.322	552.222
35.159	728.448	553.494
35.116	727.666	552.600
35.594	728.475	553.201
35.098	728.886	551.610
35.003	729.434	551.861
34.716	730.273	552.537
34.834	730.346	553.863
34.577	730.601	553.216
35.115	731.028	554.113
35.233	731.101	555.010
35.102	731.067	555.038
35.133	731.208	555.253
34.983	731.073	556.010
34.636	730.776	556.580
34.486	729.219	557.530
34.236	729.046	556.491
34.372	729.536	553.828
34.852	730.307	553.906
34.686	729.744	553.507
34.915	729.726	554.084
35.062	730.721	553.206
35.255	730.910	553.500
35.084	731.622	553.809
34.828	731.575	554.231
34.955	732.083	554.743
34.901	731.688	556.346
34.640	732.270	555.389
35.016	732.693	554.826
34.815	733.263	555.030
34.908	732.534	555.112
34.584	731.889	555.521
35.146	732.580	555.700
34.912	733.798	555.879
34.864	733.480	555.242
34.504	732.392	554.070
34.425	732.123	552.894
34.531	732.094	552.970
34.618	731.958	552.889
34.804	731.947	553.654
34.847	732.543	553.331
34.900	732.144	554.172
34.985	732.709	554.369
34.577	733.513	552.115
34.618	733.159	552.312
34.562	733.627	552.043
34.727	733.503	552.114
34.626	732.578	552.520
34.512	732.578	553.338
34.469	732.379	552.580
34.318	732.216	551.940
34.818	731.664	552.616
34.754	731.710	553.143
34.600	731.214	553.101
34.870	731.180	553.490
34.808	731.824	551.555
34.381	732.191	552.000
34.414	731.741	551.436
34.417	731.502	551.237
34.503	731.011	552.003
34.205	731.156	550.487
34.761	730.114	551.798
34.964	729.428	553.219
34.822	729.280	553.900
35.156	729.434	554.271
34.872	729.957	554.521
35.087	730.256	555.745
34.821	729.507	554.438
34.702	730.016	552.950
35.044	729.577	553.706
34.538	729.217	553.262
35.143	728.036	553.520
35.118	729.663	553.176
34.543	731.043	553.244
34.860	730.322	553.061
34.587	729.960	552.914
35.190	729.883	553.213
34.872	730.563	553.315
34.932	732.140	552.725
34.913	732.201	552.923
34.756	731.782	553.411
34.421	731.127	552.835
34.761	731.242	552.339
34.770	731.331	552.012
34.946	730.763	552.773
35.069	731.199	553.451
34.669	731.183	552.984
35.272	731.542	553.541
35.104	732.515	554.551
34.872	732.067	554.619
34.567	731.376	553.955
34.925	730.972	553.325
34.722	731.552	552.673
34.884	732.277	552.077
34.979	732.885	550.530
34.773	733.048	551.279
34.653	732.098	552.054
34.698	731.063	551.988
34.794	731.114	552.226
35.106	730.798	552.754
34.889	731.592	552.727
34.507	731.418	553.040
34.600	731.300	552.771
34.828	731.042	552.838
34.816	730.224	553.988
34.905	728.990	553.124
34.836	729.370	551.888
34.646	729.760	552.310
34.741	729.802	552.458
34.868	729.668	553.133
35.114	729.680	554.014
34.920	730.208	553.645
34.964	730.926	553.259
35.210	732.194	553.239
34.869	732.859	552.639
34.513	732.409	552.551
34.565	731.545	553.434
34.851	731.573	553.700
34.914	731.717	554.732
34.838	731.353	555.061
35.077	732.153	554.367
34.972	731.835	554.753
34.892	731.883	556.393
34.904	731.212	557.462
34.774	729.542	557.039
34.403	728.964	555.281
34.289	728.435	554.557
34.752	727.878	552.638
35.174	727.843	551.668
34.991	728.246	551.550
35.041	729.702	549.860
34.544	730.450	549.422
34.900	729.861	549.332
34.757	729.849	549.597
34.864	730.358	549.956
34.691	730.308	550.061
34.963	730.052	551.137
34.673	730.590	550.956
34.682	731.433	550.959
34.848	732.176	550.655
34.732	732.914	550.752
34.343	732.063	550.562
35.058	731.682	551.184
34.630	732.829	550.470
34.175	732.202	550.383
34.539	731.511	551.322
34.453	731.654	551.719
34.519	732.247	550.796
34.143	731.355	550.139
34.632	730.375	550.086
34.280	731.177	549.673
34.746	731.310	549.865
34.723	731.143	550.256
34.565	730.923	551.099
34.928	730.768	551.706
34.456	730.245	551.641
35.037	729.114	551.646
35.178	728.382	552.612
35.127	728.439	552.964
34.904	728.511	551.693
34.834	728.047	552.101
35.262	728.224	551.415
35.404	727.601	551.181
35.025	727.637	552.012
35.165	728.951	552.322
34.745	729.288	551.978
35.203	729.238	552.664
34.735	730.680	552.484
34.514	732.608	552.216
34.812	732.787	553.509
34.639	731.242	555.065
34.861	730.033	554.679
34.971	729.852	554.617
35.002	730.393	554.734
35.290	729.928	555.232
35.019	729.825	555.587
35.476	729.592	556.888
35.122	729.601	557.782
35.220	729.484	558.230
34.943	728.724	557.289
34.524	729.370	555.566
35.212	730.115	554.693
34.711	730.821	553.349
34.692	730.160	552.358
34.776	729.943	552.135
35.017	730.224	552.626
34.942	730.666	553.540
34.813	731.904	554.014
34.659	732.267	553.071
35.161	730.755	554.070
34.901	731.514	553.648
34.727	731.648	554.017
34.699	730.840	554.137
34.559	731.157	552.660
34.371	731.691	551.388
34.515	732.295	551.058
34.794	731.178	552.415
34.910	730.596	552.325
34.639	730.569	552.929
34.693	731.060	553.689
35.078	729.657	554.256
35.228	729.342	554.470
34.651	728.476	554.277
35.138	727.939	553.135
35.026	728.676	552.718
35.286	729.020	553.578
35.191	729.862	554.371
34.761	731.060	553.851
35.393	731.146	554.589
34.936	731.440	553.897
34.943	731.059	553.447
34.474	731.085	551.386
34.596	730.108	550.752
34.844	729.551	550.709
34.814	730.633	550.943
34.808	731.051	551.746
34.253	731.173	551.419
34.909	730.625	552.285
34.599	731.588	551.881
34.968	731.006	551.755
34.408	731.112	551.400
34.716	730.443	551.982
35.001	729.503	552.475
34.283	728.794	551.687
34.753	730.024	550.687
34.516	730.434	550.382
35.193	729.734	550.428
34.713	729.963	549.625
34.618	730.739	550.375
34.505	731.125	550.614
34.639	730.794	552.281
35.191	731.125	552.089
34.685	731.892	551.907
34.960	732.313	552.315
34.430	731.035	552.502
34.981	730.623	553.551
34.824	730.519	553.717
34.842	730.840	553.457
35.092	731.172	552.928
34.861	731.508	553.048
34.927	731.773	552.700
35.146	732.203	552.883
34.610	731.218	554.078
35.264	731.594	553.557
35.138	731.342	555.086
35.054	730.804	554.678
34.469	730.805	554.627
35.190	730.985	555.333
34.629	730.375	554.076
35.084	731.024	552.722
34.671	731.743	551.271
34.854	731.293	551.274
34.716	730.673	552.212
35.204	730.055	552.836
35.209	730.048	552.778
34.817	730.320	553.523
35.075	729.756	554.099
34.932	730.405	553.366
34.863	731.247	552.590
34.562	730.774	552.577
34.454	730.954	552.559
34.602	731.514	551.687
34.635	732.179	551.965
34.378	731.967	550.268
34.746	731.849	549.234
34.360	732.041	548.861
34.697	731.164	549.667
34.777	730.487	550.841
35.144	729.912	551.149
35.081	730.608	551.938
34.626	731.288	552.221
35.030	730.769	552.404
34.787	731.424	551.471
34.892	730.302	552.501
34.902	729.588	553.806
35.042	730.358	553.713
34.634	730.132	553.196
34.889	730.016	553.075
35.148	728.913	554.336
34.959	729.093	553.950
35.169	729.542	553.836
34.624	730.705	553.151
34.375	730.424	552.734
34.797	730.382	553.310
34.748	731.054	553.077
34.885	730.698	553.631
35.077	730.323	553.430
34.972	728.734	554.391
35.108	729.433	554.488
35.107	728.782	554.006
35.081	730.360	552.850
35.050	730.959	551.783
34.548	731.483	551.516
35.018	731.061	552.138
35.174	731.524	552.169
34.547	732.194	550.720
34.841	732.088	552.331
34.867	732.507	552.182
34.632	733.152	551.413
34.813	732.774	552.348
35.197	733.356	552.829
35.181	733.375	553.779
34.763	733.253	553.661
34.868	732.192	554.380
35.017	732.027	553.340
35.227	731.312	553.705
35.164	730.420	555.062
34.947	730.348	554.130
34.854	730.322	552.243
35.336	730.386	552.125
34.942	730.098	552.208
34.857	729.501	553.006
34.639	729.632	551.824
34.905	729.424	552.267
35.099	729.140	552.473
34.982	728.297	551.684
35.219	727.578	551.668
35.026	727.592	550.875
34.918	728.388	550.616
35.306	728.318	551.549
35.756	727.340	552.610
35.468	726.972	554.056
35.220	727.250	554.110
35.529	727.791	553.889
34.827	729.005	553.469
34.994	729.065	554.035
35.069	730.778	553.061
34.661	732.064	552.589
34.627	731.742	552.202
34.439	732.350	551.006
34.282	731.701	550.800
34.541	732.221	550.680
34.473	731.967	550.557
34.523	731.402	551.172
34.736	731.592	551.107
34.765	732.152	551.487
34.465	731.790	551.311
34.838	732.147	551.104
34.986	731.811	551.970
34.747	732.061	551.713
34.920	731.072	552.746
34.689	730.002	553.130
34.911	729.866	552.672
34.903	730.273	552.558
34.845	729.885	553.865
34.771	729.968	554.072
34.762	730.058	553.604
35.119	730.594	553.822
34.716	731.821	552.755
35.040	732.424	553.579
34.931	731.318	553.945
34.883	731.329	552.780
34.506	731.164	552.186
34.770	730.978	551.787
34.631	731.279	552.271
34.935	731.276	552.104
34.412	732.371	551.493
34.556	732.355	551.504
34.546	732.695	552.152
34.579	732.554	552.203
34.845	731.903	553.498
35.182	731.641	554.550
35.259	732.193	555.333
35.176	731.645	555.008
35.148	731.533	555.338
34.917	732.180	554.664
35.035	732.346	553.985
35.107	732.228	554.115
34.355	731.805	553.433
33.881	730.690	551.650
34.606	730.598	551.517
34.747	731.619	551.181
34.695	731.462	551.322
34.533	731.476	550.275
34.472	730.274	549.948
34.887	729.337	549.484
34.934	728.474	550.074
35.036	728.079	550.439
35.139	728.200	550.520
34.980	728.629	551.821
34.922	729.439	552.614
34.912	730.083	553.341
35.251	730.111	553.722
34.815	730.607	554.007
34.743	730.399	553.824
34.732	729.173	554.744
34.850	729.488	553.192
35.054	729.240	551.836
34.860	729.928	551.764
34.829	731.091	551.961
34.432	731.677	551.905
34.759	731.565	551.883
34.518	732.327	551.628
34.654	731.960	553.024
34.716	732.021	552.228
34.516	731.543	552.979
34.760	732.386	553.647
35.128	732.451	553.743
35.155	732.051	554.087
34.804	732.116	553.838
34.866	731.505	554.401
35.299	731.700	555.209
34.335	731.388	553.968
34.769	730.949	554.137
34.932	731.080	554.088
34.711	730.037	553.213
34.778	729.600	552.692
35.127	729.923	552.798
34.658	730.429	552.250
35.076	730.486	552.755
35.131	730.173	553.802
34.745	731.700	553.840
34.987	732.800	554.541
34.398	732.471	553.803
34.656	732.843	552.947
34.508	733.609	552.475
34.762	733.576	551.831
34.570	733.203	552.442
34.761	732.347	552.508
35.028	731.913	552.904
34.641	731.542	551.822
34.562	731.991	551.887
34.504	731.148	551.815
34.574	729.805	553.204
35.080	729.290	553.970
35.389	729.165	553.584
35.308	730.036	554.077
34.939	730.750	554.374
34.638	731.089	553.674
34.919	731.366	554.591
34.920	731.059	554.664
34.642	730.549	554.568
34.698	730.750	554.076
34.947	730.871	553.606
35.391	730.629	554.792
34.888	730.224	555.263
35.305	730.053	555.720
35.193	730.102	555.920
35.150	730.833	555.186
35.080	731.542	554.700
34.854	732.510	553.197
34.581	732.287	552.892
34.781	731.752	551.937
34.824	731.390	552.612
35.000	731.554	552.986
34.834	731.890	552.887
34.765	731.850	552.713
35.070	732.388	553.485
35.006	731.359	554.433
34.690	730.268	554.889
35.021	729.852	555.204
35.040	729.337	554.402
34.908	730.641	553.275
35.125	731.301	553.821
35.155	731.579	553.037
35.146	730.893	553.754
35.073	731.303	554.220
35.206	731.305	554.413
34.891	731.357	554.483
34.875	730.939	554.123
34.649	732.196	553.205
34.766	732.615	552.469
34.893	732.375	553.471
35.236	732.105	553.826
34.750	731.363	554.749
34.888	731.523	554.167
34.648	731.386	554.141
34.440	730.308	553.456
34.814	730.291	552.696
34.699	730.439	552.501
35.111	729.834	552.934
35.207	730.569	553.363
35.156	730.819	554.066
35.224	731.150	554.613
34.742	732.260	553.766
34.497	732.138	552.881
34.453	731.739	552.692
34.398	730.947	552.264
34.484	731.069	551.523
34.886	731.133	551.930
34.669	731.740	551.994
34.773	734.077	550.265
34.844	733.148	550.799
34.683	731.742	551.562
34.792	731.547	552.445
34.458	731.385	552.299
34.895	730.825	551.469
34.669	730.958	550.372
34.196	731.311	548.957
34.710	731.525	548.370
34.739	731.828	549.507
35.054	732.343	549.470
34.757	731.504	550.082
34.223	730.687	550.778
34.689	731.604	551.189
34.617	731.412	552.047
34.255	730.762	551.986
34.961	731.309	552.435
34.861	730.739	553.137
34.951	731.264	552.780
34.912	732.343	552.483
34.821	732.028	552.946
35.237	731.745	553.497
34.949	731.199	553.554
34.849	730.469	554.263
35.027	729.239	554.197
35.016	728.502	553.385
34.996	728.227	553.151
34.889	727.505	551.636
35.379	728.145	551.262
35.270	728.442	550.934
34.998	729.676	550.850
34.950	730.692	550.946
35.078	730.280	552.498
35.412	729.520	553.589
35.092	730.231	555.182
35.266	730.170	555.311
34.989	730.017	554.854
34.986	730.280	554.421
34.947	730.659	553.464
35.009	730.748	552.976
34.828	729.787	554.722
35.170	729.732	556.058
34.712	730.364	554.836
35.196	730.332	554.392
35.269	729.516	553.884
34.811	730.225	553.498
34.917	729.571	553.066
35.242	730.138	552.221
34.632	729.123	551.299
34.938	727.989	551.201
35.278	728.306	550.690
35.400	727.577	552.392
35.115	728.081	552.993
35.371	728.590	553.120
35.267	728.526	553.976
35.411	729.609	553.438
34.999	730.504	553.794
35.225	731.224	555.017
35.093	731.391	553.905
35.251	731.491	552.486
34.432	731.847	551.179
34.690	732.274	551.888
34.768	732.147	552.591
34.881	733.129	552.810
34.789	732.275	553.181
34.260	731.409	553.002
34.237	730.441	551.967
34.671	730.628	551.317
34.925	730.348	551.761
34.775	729.884	551.427
35.090	729.160	551.034
35.068	729.148	550.381
35.071	729.168	550.672
34.942	730.326	550.126
35.001	729.785	551.438
34.853	730.503	551.191
35.101	730.919	551.986
34.855	731.650	552.967
34.792	731.902	553.350
34.975	731.445	554.474
35.318	731.007	554.593
35.073	730.932	554.937
34.286	730.494	553.738
34.871	729.484	553.646
35.183	729.453	553.799
35.015	729.554	554.651
35.311	729.688	554.993
35.038	729.336	555.692
35.382	728.978	556.441
35.045	729.381	555.857
35.209	729.617	555.389
35.436	731.028	554.475
34.759	731.586	554.177
34.595	731.809	553.288
34.891	731.181	553.977
34.770	729.975	553.682
34.737	730.059	553.326
34.824	730.548	552.640
35.060	731.052	552.534
34.835	731.121	553.569
34.850	731.192	553.782
35.400	731.231	554.112
35.271	730.375	554.570
34.433	730.093	554.122
34.975	730.376	552.246
34.757	729.110	551.986
35.321	728.744	552.591
34.897	729.784	553.070
35.046	729.484	552.415
34.977	728.694	552.243
35.389	728.815	552.573
35.245	729.547	552.484
34.744	730.214	551.805
34.663	728.380	551.731
35.073	727.259	551.287
35.236	726.889	549.707
35.280	726.399	549.542
35.354	725.826	550.598
35.288	726.800	551.341
35.268	727.261	552.176
35.373	727.035	552.426
35.445	727.466	552.561
34.901	728.376	552.910
34.928	729.341	552.835
34.971	729.692	552.212
35.290	730.289	552.976
34.958	730.911	552.762
35.072	730.785	553.093
34.521	730.160	553.022
34.875	729.561	552.593
35.122	730.527	553.324
34.756	730.869	552.667
34.980	730.450	553.266
35.123	730.082	552.596
34.974	729.881	553.785
35.021	729.688	554.917
35.213	731.371	554.454
34.879	732.078	553.150
34.872	732.133	553.431
35.398	730.927	553.745
35.224	730.781	554.191
34.981	731.115	553.731
35.277	731.998	553.596
34.985	732.362	553.339
34.655	731.908	552.680
34.742	731.079	553.372
35.143	731.196	552.368
35.153	730.860	552.088
34.892	731.400	551.854
34.865	730.970	552.381
35.093	731.245	552.025
35.280	731.550	551.791
34.972	732.400	551.673
34.540	732.135	552.575
34.965	731.999	553.539
34.570	732.124	553.156
34.575	731.776	552.699
34.601	730.873	552.675
34.057	730.075	551.419
34.568	729.499	550.611
34.900	729.410	551.600
34.940	729.711	552.002
35.158	730.378	552.222
35.503	730.343	552.496
35.220	730.477	552.551
35.196	730.735	553.152
34.546	731.506	553.540
34.656	731.556	553.775
34.678	731.896	552.841
34.687	732.176	551.844
34.872	732.261	551.589
34.624	731.701	551.521
34.883	730.815	552.402
34.768	730.300	552.979
35.188	729.915	553.568
35.169	730.256	553.536
34.654	729.111	553.955
34.928	729.516	553.012
35.000	730.437	552.495
35.018	730.036	552.951
34.724	730.296	552.916
34.859	730.749	552.210
34.831	731.818	551.619
34.839	733.164	551.607
35.072	732.847	552.900
35.075	732.402	554.479
34.864	731.951	554.714
34.495	732.592	553.945
34.775	732.154	554.027
35.137	730.938	555.460
35.374	730.764	555.744
34.868	730.899	555.417
34.765	730.165	555.105
35.046	728.761	555.502
35.263	729.459	555.360
34.946	729.384	554.286
35.027	729.527	553.342
34.819	730.922	552.656
34.520	731.761	551.995
34.756	731.743	550.541
34.513	731.224	551.743
34.951	730.146	552.797
35.106	729.721	553.637
34.969	729.321	554.548
35.107	728.929	555.489
35.231	728.915	555.073
34.955	729.842	552.817
34.940	730.554	552.562
34.517	731.755	551.805
35.018	731.519	552.168
34.785	731.948	551.509
34.991	731.641	553.015
34.837	731.346	553.534
35.212	730.795	553.149
35.179	730.239	553.360
35.020	730.329	552.536
35.084	730.930	552.603
34.801	731.943	553.443
34.841	732.790	552.790
35.106	733.206	552.294
34.596	733.315	551.902
34.516	732.782	551.618
35.181	732.809	552.438
34.900	731.922	552.582
34.495	730.981	552.476
34.302	730.508	551.981
34.940	730.344	553.025
35.422	729.268	553.398
34.832	729.784	552.961
34.552	729.563	553.414
35.095	730.040	552.538
34.700	731.074	551.774
34.608	730.869	552.097
34.701	730.215	552.591
34.822	729.999	551.595
34.744	730.861	551.352
34.905	731.631	550.474
34.379	731.972	550.521
34.749	731.796	551.284
34.733	732.386	551.710
34.960	732.441	553.328
34.820	732.122	552.939
34.610	733.443	551.760
34.900	732.709	552.187
35.007	732.283	553.032
34.519	733.240	551.882
34.605	732.320	552.434
34.952	731.773	552.358
34.864	731.745	553.155
35.014	731.964	552.758
34.711	732.845	552.408
34.796	733.043	551.733
34.696	733.230	552.184
34.647	732.207	552.529
34.964	731.701	553.358
34.870	731.912	553.345
34.840	731.847	552.943
34.942	732.055	552.948
35.104	731.561	553.486
34.971	731.892	553.319
34.997	731.138	553.381
34.777	730.433	552.493
34.835	729.194	552.932
35.147	729.943	552.479
35.378	730.715	552.131
34.589	731.730	551.345
34.745	732.502	550.620
34.714	732.843	550.230
34.692	733.130	550.678
35.061	732.080	551.922
34.482	732.389	551.533
34.841	732.856	551.091
34.847	732.121	551.740
35.107	731.722	552.565
34.645	731.895	552.692
34.436	731.152	551.996
35.030	731.528	552.410
34.884	731.885	551.771
35.038	732.109	552.606
35.163	732.013	553.028
34.661	731.898	552.967
34.984	731.371	553.546
34.822	731.015	553.481
35.126	730.748	554.643
35.158	731.217	555.075
34.777	731.040	553.886
35.267	731.863	553.483
35.540	732.346	553.624
35.201	732.469	553.386
34.819	731.399	554.170
34.878	731.159	553.682
35.071	731.123	554.671
35.173	731.672	554.707
34.810	731.715	554.339
34.924	732.040	554.047
35.002	732.127	553.327
34.623	731.360	552.270
34.497	731.122	551.211
35.029	731.276	550.869
34.787	731.843	551.009
34.902	732.353	551.399
34.705	731.792	551.911
34.628	732.444	552.657
35.103	732.953	553.609
34.898	733.709	553.506
34.931	733.891	553.692
34.620	732.943	554.048
34.333	732.173	553.111
34.925	731.995	551.881
34.488	731.797	551.985
34.736	731.986	553.173
34.992	732.555	553.231
34.988	733.026	552.314
34.550	732.219	551.627
34.712	731.764	552.262
34.649	731.051	552.617
34.491	730.986	551.918
34.409	730.232	551.231
34.450	728.866	550.210
35.289	727.807	550.492
35.207	726.789	550.792
35.558	726.154	550.921
35.350	726.268	551.153
34.768	727.214	550.621
35.073	727.595	550.890
35.209	728.428	550.807
35.429	727.263	551.508
35.576	726.854	551.807
35.425	727.083	552.115
35.385	727.446	551.946
35.243	727.692	551.246
35.130	728.710	549.812
35.014	729.587	549.405
34.846	730.151	549.287
34.812	730.508	549.353
34.360	731.073	549.445
34.581	730.811	549.016
34.936	729.690	551.305
34.817	730.525	550.878
34.845	730.887	551.261
34.917	729.507	551.744
34.792	729.373	551.947
35.155	728.516	551.922
35.820	728.219	553.423
35.502	727.233	553.247
35.129	727.085	552.984
35.864	726.946	553.613
35.601	727.506	553.708
35.319	728.365	554.459
35.467	727.967	554.713
34.944	728.922	554.618
35.167	729.299	554.475
35.163	730.009	553.387
35.428	730.084	553.365
35.130	731.395	552.799
35.275	731.947	553.002
34.345	730.416	553.257
35.009	729.430	553.796
34.615	729.155	553.494
34.706	729.360	552.931
35.215	729.416	552.474
35.496	728.208	553.041
35.516	727.991	552.996
35.598	727.665	554.013
35.517	727.774	554.637
35.216	729.249	554.720
35.704	730.625	554.460
35.171	731.974	553.941
35.021	732.220	553.877
35.141	732.172	554.573
34.727	732.688	553.030
34.953	732.931	552.308
34.754	733.456	552.297
34.995	733.311	553.332
35.090	732.999	554.026
34.877	732.670	553.678
34.904	732.328	553.569
34.943	731.600	554.233
35.000	731.401	553.677
35.193	731.195	553.958
35.329	730.664	554.263
34.732	730.792	554.752
34.559	731.205	553.845
35.245	731.123	553.356
34.714	729.964	553.860
35.108	730.078	554.247
35.026	729.644	553.633
34.717	729.655	554.396
35.219	730.106	553.929
35.099	730.140	553.464
34.873	730.581	552.951
35.334	731.193	553.128
35.049	731.698	553.198
34.888	732.031	553.072
34.607	732.953	552.564
35.264	733.751	552.730
34.608	732.646	554.007
34.705	731.229	554.535
35.124	731.315	555.598
35.404	731.788	555.783
35.041	732.222	555.152
34.963	732.329	553.388
34.941	731.873	552.382
34.495	731.829	551.794
34.840	731.802	552.183
34.702	732.291	552.226
34.810	731.345	552.524
34.935	730.380	553.048
34.992	730.453	552.913
35.038	730.850	553.013
34.794	731.016	553.386
34.834	730.613	552.268
34.711	731.118	551.422
34.737	730.943	550.219
34.558	730.729	550.566
34.515	729.553	550.924
35.104	729.031	551.116
34.538	730.669	549.814
34.722	731.163	550.956
34.975	731.223	552.068
34.963	730.810	552.711
34.723	730.469	552.550
34.618	729.082	552.736
35.175	729.047	552.402
34.991	728.360	551.226
35.147	727.768	551.559
35.655	727.730	551.756
35.552	727.197	551.811
35.270	727.283	552.313
35.408	726.353	551.732
35.071	726.903	552.163
35.107	728.076	552.170
35.348	728.104	552.135
35.589	727.643	551.771
35.178	728.609	552.355
35.439	728.874	552.380
35.571	728.861	552.945
35.489	728.675	553.316
35.265	729.326	554.059
35.181	729.899	553.488
35.261	730.201	553.333
35.108	729.974	553.078
35.397	730.515	553.427
35.177	731.081	553.284
35.072	730.436	553.278
34.855	729.925	552.586
34.344	729.564	551.766
34.798	729.802	552.487
34.989	728.951	553.589
35.705	729.548	553.676
35.330	730.491	553.314
34.758	730.505	552.364
34.544	730.799	552.001
35.039	730.747	552.233
35.011	730.831	552.194
35.070	730.229	552.028
34.511	729.956	551.084
34.664	728.648	550.916
34.982	727.102	550.586
34.739	726.275	550.622
35.504	725.682	550.949
35.074	725.681	551.843
35.661	725.907	552.568
35.202	725.713	552.928
35.470	726.853	552.669
35.357	728.063	551.626
35.447	728.241	551.240
35.438	728.147	551.049
35.419	726.861	552.006
35.472	727.658	552.275
35.523	727.880	551.806
35.654	727.574	552.607
35.637	728.311	553.449
35.386	728.445	553.831
35.210	728.839	553.706
35.215	729.107	553.719
34.489	730.396	551.784
34.917	730.075	552.445
35.115	729.575	552.529
34.754	729.429	552.343
34.953	728.985	550.036
34.974	729.021	549.347
35.098	728.041	548.761
35.048	728.235	548.336
34.921	728.358	548.415
35.235	727.990	548.685
35.056	728.969	548.936
35.349	729.530	548.638
34.865	730.871	548.636
34.659	731.130	550.201
34.868	731.788	551.310
34.904	732.219	552.197
35.005	731.345	552.687
34.831	732.116	551.789
34.746	731.683	551.411
34.744	731.675	551.390
34.724	731.257	552.235
34.918	730.140	553.613
34.898	730.726	553.233
34.928	730.860	552.602
35.063	730.607	553.688
35.129	730.699	554.042
35.158	730.559	554.256
35.175	730.296	554.331
35.407	730.573	554.584
35.056	731.542	553.954
35.291	732.185	554.096
34.917	731.997	553.280
34.682	732.367	552.162
34.865	731.361	552.279
34.731	730.484	552.414
34.833	730.332	552.060
35.066	729.782	553.131
35.144	730.564	552.331
35.036	730.940	552.181
34.886	730.291	552.877
34.748	729.826	552.270
34.714	729.451	551.855
34.910	728.828	551.323
34.924	728.915	550.675
35.128	728.947	550.548
35.199	728.699	551.295
35.116	728.464	551.604
34.986	729.325	550.848
34.960	728.722	550.712
34.900	729.613	549.986
35.087	730.243	550.363
34.684	729.889	550.098
35.038	729.685	550.129
34.829	729.440	551.010
35.326	728.818	550.692
34.953	728.834	551.180
35.308	729.517	550.844
35.246	730.229	551.796
35.198	729.339	552.601
34.940	729.094	552.338
35.320	728.431	552.276
35.156	728.039	552.092
35.338	728.745	551.770
35.005	729.588	551.961
34.985	730.179	553.064
35.011	730.254	552.522
35.008	730.943	552.124
34.658	730.519	552.500
34.704	730.794	551.716
34.845	730.616	551.203
34.952	729.856	551.693
34.166	728.705	551.666
34.447	728.391	550.247
34.473	725.974	549.920
35.123	726.343	549.131
35.354	725.280	549.628
35.114	724.849	550.534
35.350	724.680	550.772
35.396	724.421	550.519
35.581	724.264	550.328
35.234	723.844	550.120
34.992	725.411	549.300
34.794	725.224	550.043
34.787	725.571	549.856
35.223	726.362	551.043
35.072	726.915	551.442
34.900	727.969	551.246
35.632	727.876	550.627
35.101	728.981	549.847
34.662	729.226	551.003
35.358	729.149	551.724
35.355	729.497	552.888
35.473	729.157	552.855
35.177	728.904	552.216
35.187	729.274	552.489
35.361	729.027	552.091
35.361	728.429	553.402
35.435	727.829	553.322
35.384	728.407	552.281
35.549	727.367	552.080
35.208	727.461	550.827
35.105	727.969	550.130
35.117	728.007	550.678
35.121	727.519	550.869
35.472	727.041	551.123
35.223	727.109	550.542
35.382	726.109	552.423
35.262	726.362	551.862
35.051	727.624	551.416
34.752	728.633	551.684
35.204	729.471	551.957
35.343	728.243	551.757
35.491	727.773	551.880
34.894	728.998	551.714
34.916	730.162	552.009
35.154	730.845	552.073
35.000	731.906	551.533
34.626	733.198	551.726
35.010	733.215	552.471
35.318	732.939	553.945
34.850	731.959	554.349
35.054	732.191	553.268
35.169	732.077	553.187
35.269	731.832	553.135
34.878	731.599	552.836
34.916	731.071	553.191
34.710	730.847	553.085
34.928	730.199	553.338
34.956	729.981	552.433
34.983	729.950	552.534
34.866	730.028	553.619
35.175	730.711	554.173
34.238	731.614	551.776
35.240	732.261	551.530
34.783	732.329	551.438
34.738	731.435	551.940
35.197	731.719	552.262
35.410	731.853	553.283
35.260	731.406	553.854
34.806	730.339	553.793
34.924	731.108	552.403
35.012	730.178	552.829
34.942	729.569	552.913
35.083	729.252	553.309
35.051	728.796	552.372
35.681	728.903	552.545
34.961	730.377	551.536
35.230	730.795	551.149
34.703	731.511	550.638
34.631	731.557	550.828
34.612	731.575	549.508
34.693	731.934	549.887
34.737	731.324	550.050
34.473	730.595	550.990
35.077	731.392	551.288
35.158	730.236	551.876
35.095	729.751	552.232
34.937	729.085	551.632
35.053	727.769	551.820
35.593	728.139	552.229
35.163	728.818	551.936
35.469	729.681	551.772
35.102	730.811	552.291
35.068	731.452	551.831
35.254	731.974	552.373
34.805	732.039	552.601
34.927	731.377	553.405
34.714	731.047	552.880
34.719	731.861	551.492
34.921	732.060	551.433
35.234	731.595	550.896
34.832	732.256	551.713
34.675	731.990	551.656
34.888	733.132	551.484
34.920	732.980	551.567
34.833	731.569	552.763
35.060	732.076	553.190
34.889	731.536	552.342
34.773	732.174	552.578
34.925	732.296	552.320
34.257	730.673	552.494
34.156	730.758	551.326
34.412	730.536	549.601
34.312	729.754	550.608
35.067	729.509	550.300
34.097	729.275	549.005
35.389	728.327	549.470
34.822	728.169	550.006
35.005	728.011	550.548
35.641	727.515	552.723
36.052	727.079	553.690
35.579	727.584	554.088
35.527	728.508	554.393
35.246	729.644	554.045
35.172	730.374	554.499
35.238	729.946	554.515
35.516	730.042	555.635
35.300	730.659	556.370
35.166	731.279	555.643
35.256	731.029	554.868
35.042	730.679	554.966
34.999	729.897	554.418
35.082	728.774	553.923
35.026	727.884	554.765
35.547	726.408	555.695
35.140	726.638	555.359
35.585	728.544	553.174
35.481	729.095	553.717
34.965	729.235	554.460
35.161	731.009	552.423
35.054	731.757	552.231
34.841	731.583	552.833
34.211	730.724	552.671
34.585	730.985	552.811
35.042	731.594	552.320
34.939	731.589	552.504
35.445	731.355	554.004
35.108	731.285	553.665
34.750	730.877	552.816
34.770	731.429	552.117
34.626	731.076	551.428
34.833	731.158	551.289
34.958	731.083	551.816
35.114	730.778	551.276
35.146	730.389	552.063
35.461	729.952	552.980
35.061	729.181	553.438
34.703	728.537	551.756
34.979	729.064	551.429
35.209	728.713	551.662
35.506	728.643	552.818
35.593	728.896	553.082
35.259	729.240	553.545
35.362	729.457	553.197
34.995	729.756	552.849
35.001	729.680	553.388
35.178	729.720	552.850
34.864	730.075	552.936
34.835	729.406	552.754
34.974	728.688	552.650
35.479	728.139	553.714
35.321	728.845	553.940
35.275	730.101	554.141
34.824	730.281	553.895
34.994	730.586	552.291
34.819	730.401	551.765
35.747	729.379	552.327
35.585	729.042	552.584
34.870	729.342	552.882
35.072	729.047	553.228
35.288	730.249	552.746
35.218	730.472	553.029
35.223	730.418	553.484
35.135	730.876	553.174
35.068	731.255	552.285
35.384	730.544	553.079
35.161	730.365	553.587
35.113	730.421	554.258
35.372	730.480	554.278
35.022	730.150	553.118
34.852	730.717	552.190
34.951	731.128	551.977
34.998	732.064	551.778
34.931	732.741	552.498
34.524	732.437	551.476
34.977	732.488	550.576
34.955	732.247	550.815
33.871	730.628	549.868
34.684	730.929	549.801
34.391	730.358	548.870
35.185	728.828	549.315
34.960	729.248	549.427
34.795	730.198	548.648
34.725	730.053	549.236
34.934	728.615	550.012
34.931	728.647	551.150
35.105	729.029	550.904
35.557	728.784	551.377
35.448	728.862	551.386
35.168	727.465	551.364
35.700	725.856	551.831
35.588	725.394	551.829
35.431	725.268	551.128
35.021	725.979	550.271
35.354	726.903	549.949
35.126	727.550	549.954
35.136	728.104	550.901
35.574	728.009	551.324
35.378	728.493	550.537
35.579	727.978	551.354
34.976	728.247	551.672
35.469	728.541	551.700
35.005	729.851	550.806
34.606	730.029	550.791
34.555	731.846	550.556
34.996	731.474	552.528
35.236	730.350	553.778
35.076	729.326	554.407
35.445	730.261	553.824
35.232	731.096	553.867
34.990	730.940	553.567
34.759	731.431	553.367
34.572	730.202	552.873
34.942	730.806	552.887
34.891	731.448	552.965
35.223	731.220	553.332
34.664	731.894	552.822
34.925	732.456	552.756
34.934	730.303	553.183
35.207	731.591	551.689
34.588	731.548	551.452
34.833	731.565	550.382
34.772	730.558	551.601
35.170	730.128	553.622
35.284	729.480	554.325
35.156	729.122	552.980
35.174	729.250	552.616
35.083	730.114	552.859
35.210	731.156	552.813
35.179	730.799	552.706
34.737	730.389	552.814
35.159	730.116	553.467
34.961	730.233	553.343
35.236	730.749	552.941
35.068	731.784	552.949
35.186	731.138	552.764
35.064	731.485	552.575
34.866	730.506	552.955
34.983	731.764	551.137
34.804	731.543	550.693
34.837	731.330	551.570
34.752	730.923	551.910
35.220	730.283	553.184
35.176	730.434	552.437
35.233	730.996	551.631
34.383	731.186	550.282
34.804	729.982	551.072
35.259	729.939	552.419
35.273	730.900	552.945
35.424	731.341	553.571
34.712	731.861	553.426
34.755	731.617	553.485
34.713	731.135	552.748
34.984	730.583	553.456
34.644	730.606	552.581
34.703	731.248	552.462
34.980	731.043	552.197
35.104	731.188	551.996
35.175	730.400	552.897
35.016	731.153	552.632
34.780	729.920	553.481
34.219	728.925	552.006
35.274	727.379	552.231
35.314	727.552	551.633
35.500	727.763	552.708
35.647	728.400	553.135
35.321	728.811	552.318
35.277	729.323	552.145
35.014	729.445	552.071
35.510	729.949	551.815
35.380	730.530	551.495
35.139	731.130	552.109
34.841	732.190	551.683
34.837	732.793	551.209
35.009	733.747	551.939
35.109	733.555	553.376
35.566	733.787	554.161
35.111	732.188	555.285
35.250	731.876	555.594
35.621	732.060	556.413
35.426	731.140	557.098
35.254	730.754	556.859
35.186	730.624	555.912
35.119	730.468	555.042
34.898	730.258	553.667
34.955	729.676	553.734
35.275	730.736	553.341
35.276	730.666	553.547
34.816	731.016	554.417
34.739	730.327	554.167
34.843	730.047	553.023
34.742	730.341	552.332
34.656	731.331	549.804
34.460	731.408	549.431
34.656	730.919	550.301
34.698	730.910	550.626
34.891	731.112	550.868
34.838	731.004	551.179
34.792	730.945	550.889
34.645	729.943	550.507
34.552	729.467	550.036
34.979	728.531	549.415
34.864	728.877	549.553
35.026	728.406	550.542
35.102	728.102	552.084
35.387	727.713	551.984
35.193	729.118	552.560
34.975	730.566	552.670
35.066	731.072	552.936
35.030	730.753	553.548
34.746	730.133	553.467
35.374	729.838	553.617
35.310	730.296	553.849
35.146	730.188	553.909
35.116	730.672	553.473
35.148	731.531	553.049
35.022	731.812	553.536
35.047	731.700	553.498
35.516	732.365	552.029
34.582	732.008	551.235
34.764	732.247	551.442
35.027	732.657	551.556
35.101	733.972	551.398
34.820	733.720	550.856
34.747	732.793	551.645
34.712	732.187	550.856
35.230	731.806	551.316
34.562	732.246	550.928
34.728	731.490	550.270
35.004	729.779	550.253
35.123	729.808	550.901
35.269	729.548	551.652
35.586	729.347	553.133
35.617	729.164	552.990
35.299	729.487	552.727
35.183	729.019	552.340
35.677	728.473	553.091
35.980	727.964	553.142
35.698	728.695	552.844
35.259	729.703	553.094
34.239	729.385	552.087
35.354	728.707	552.136
34.983	728.749	551.355
35.096	728.415	550.072
35.106	727.744	549.779
35.300	726.430	551.189
35.519	725.129	550.306
34.968	725.358	549.753
34.678	726.655	549.802
34.906	728.560	549.980
35.184	730.163	549.786
34.814	730.601	551.240
34.803	731.801	550.460
35.064	731.538	550.850
35.133	731.566	552.103
34.915	732.151	551.316
34.790	732.770	550.972
34.876	733.653	550.937
34.852	733.706	551.714
34.683	734.033	552.135
34.943	734.182	552.366
34.845	734.543	552.970
35.362	734.785	553.714
34.616	733.957	553.992
34.782	732.359	554.316
34.388	730.538	553.376
34.492	730.360	552.215
35.116	729.771	551.745
34.793	730.325	552.941
35.335	730.532	553.300
34.948	730.808	552.510
34.903	731.099	552.778
34.821	730.833	552.663
34.196	730.806	551.261
35.147	730.782	552.032
34.924	731.314	552.195
35.016	730.874	552.625
35.061	730.461	552.740
34.858	731.136	552.227
34.872	731.307	551.120
34.645	731.576	550.831
34.647	731.658	550.652
34.683	732.125	551.639
34.914	732.429	551.638
34.863	732.272	552.043
34.955	732.003	551.830
34.698	731.875	552.412
35.163	731.898	552.698
35.311	732.516	552.516
34.685	732.821	552.479
34.620	733.438	551.399
34.831	733.113	551.237
35.039	732.282	551.905
34.607	731.419	552.130
34.790	730.136	552.921
35.258	730.140	552.732
35.108	730.185	553.289
35.354	730.708	553.610
35.003	731.596	553.239
35.088	731.610	553.357
34.913	731.988	553.224
34.791	731.079	553.433
35.170	730.442	552.140
34.734	731.114	551.354
34.742	732.470	549.714
34.925	732.907	548.887
34.652	732.187	550.179
35.123	731.846	550.905
34.736	732.721	552.007
35.033	733.372	552.228
35.131	731.922	552.888
34.882	730.878	553.001
34.795	730.172	553.070
35.501	729.618	552.873
35.171	729.898	553.473
34.973	730.231	552.831
35.143	729.185	553.792
35.370	728.869	554.156
34.844	728.651	553.684
35.164	729.478	553.900
35.177	729.670	553.696
35.209	729.986	554.887
35.297	730.105	554.801
34.466	730.497	554.370
35.049	730.492	553.485
35.241	730.864	552.644
34.624	731.014	552.183
34.838	730.940	551.818
35.029	730.915	552.314
35.410	729.649	553.662
35.518	730.127	553.802
35.048	730.213	553.988
35.238	730.433	553.271
34.855	731.041	553.328
35.312	731.789	553.683
35.105	731.592	554.349
35.217	731.860	553.532
34.998	731.910	554.109
34.831	733.011	552.584
35.014	733.406	553.219
34.897	732.885	553.118
35.215	733.315	553.360
35.214	733.413	552.599
35.260	733.121	553.380
34.398	733.127	552.779
34.681	733.585	551.519
34.738	733.036	552.762
35.159	733.842	552.996
35.240	734.620	553.040
35.174	735.458	552.521
35.038	734.307	553.258
35.266	733.346	553.629
35.106	733.041	554.186
35.256	732.822	554.390
34.600	732.329	552.852
34.977	731.994	553.517
34.979	732.566	553.499
35.169	732.261	553.421
34.707	731.974	553.012
34.883	731.616	552.970
34.427	731.320	551.648
34.659	729.922	552.343
35.299	729.640	551.669
35.038	730.358	552.069
34.991	731.349	551.266
34.575	732.423	551.057
35.185	732.330	551.446
35.226	731.611	552.130
35.011	731.201	553.301
34.925	731.670	552.833
35.313	731.935	553.503
35.018	731.927	554.072
35.208	732.473	553.879
35.084	732.171	553.413
35.440	731.915	553.794
35.009	733.436	553.519
35.148	732.583	554.469
35.047	731.753	554.464
35.246	731.987	554.555
35.244	731.373	554.958
35.191	731.310	555.059
35.516	731.505	554.798
35.312	731.889	555.478
35.194	732.272	554.121
35.309	731.795	552.850
34.501	731.473	552.483
34.401	730.357	552.141
35.003	730.267	551.252
35.014	730.156	551.187
35.258	730.184	552.092
35.002	730.043	551.761
35.356	729.900	552.543
34.967	730.097	552.526
34.880	729.875	552.601
35.111	729.282	552.721
34.987	729.382	552.331
35.407	729.381	550.808
35.068	729.558	550.535
34.956	731.305	550.681
34.932	731.902	549.829
34.576	731.568	550.472
34.645	731.598	550.456
34.597	731.787	550.092
34.958	731.220	551.497
35.607	730.356	552.374
35.048	730.424	551.090
35.147	730.686	550.958
35.042	731.910	551.082
35.257	731.568	552.058
35.065	732.099	552.511
35.263	731.178	552.565
35.152	731.061	553.333
34.506	730.419	552.280
34.924	729.949	550.823
34.969	728.932	551.621
35.428	729.189	551.280
34.881	730.302	550.440
34.602	731.040	551.002
34.758	731.530	552.088
34.807	732.601	552.906
35.288	732.797	553.284
34.946	732.455	552.559
35.034	732.278	552.550
35.341	731.590	553.528
34.977	731.482	553.540
34.985	730.830	554.409
34.752	729.980	554.191
35.362	729.752	554.091
35.129	730.518	552.506
35.313	730.448	553.589
35.537	730.116	553.747
35.178	730.080	554.491
35.144	730.566	553.505
35.572	730.965	554.197
35.358	731.138	553.935
35.446	731.010	554.445
35.099	731.732	553.701
35.172	731.306	553.551
34.780	730.542	552.536
34.734	730.491	550.865
34.838	729.370	550.319
35.116	728.495	550.388
35.348	727.615	550.804
35.321	727.934	551.956
35.615	727.359	553.140
35.553	726.121	554.264
35.801	724.943	553.877
35.424	724.050	553.696
35.367	724.168	553.180
35.147	724.871	552.218
35.354	726.239	552.049
35.472	727.046	552.336
35.082	728.920	551.536
35.409	730.023	551.984
35.030	731.011	551.965
35.356	730.963	553.253
35.383	730.995	553.616
34.963	730.975	552.929
34.818	731.496	552.215
35.139	731.017	553.017
35.396	731.522	552.793
35.366	732.289	553.051
35.454	732.579	552.973
35.277	732.287	552.709
35.149	731.851	553.035
34.899	732.896	550.869
34.742	733.559	550.561
34.610	732.701	551.875
35.364	732.674	552.382
35.026	732.256	553.159
34.976	732.247	552.838
34.922	732.116	553.638
35.188	731.927	554.351
35.021	732.095	553.726
35.222	732.510	553.144
35.217	732.965	552.432
34.808	732.841	552.149
34.681	732.936	551.914
34.937	732.200	551.715
34.972	731.152	552.083
35.050	731.034	551.866
34.897	730.592	552.426
35.194	730.176	552.863
35.418	730.858	553.254
35.087	731.488	553.877
35.528	731.296	553.406
35.183	730.795	553.274
35.291	730.984	553.879
34.951	731.182	553.808
34.870	731.040	553.304
35.057	731.627	552.312
35.045	731.998	552.466
35.044	732.505	550.615
34.847	732.541	550.617
34.657	733.290	551.359
34.794	733.584	550.747
34.668	734.171	550.578
34.808	733.809	551.301
34.987	732.367	552.544
34.905	731.369	553.093
35.038	732.166	552.467
34.772	731.452	551.827
35.103	731.115	551.004
34.794	731.002	550.608
34.920	731.099	550.458
34.950	730.852	550.510
35.185	732.150	551.526
35.265	731.491	553.125
35.093	731.257	552.815
35.241	730.986	552.939
35.228	731.025	552.788
35.085	731.474	552.242
35.147	731.299	552.224
35.113	730.761	552.652
35.059	730.802	552.769
35.203	730.942	552.878
35.110	731.400	553.084
34.856	731.801	552.843
35.166	731.903	553.013
34.700	731.542	552.456
35.230	731.786	552.231
35.062	731.478	552.619
35.027	731.580	552.554
35.019	732.139	553.097
35.476	732.717	553.029
35.268	732.528	553.385
34.986	732.848	552.992
35.095	731.701	553.776
35.052	731.495	553.958
34.977	729.816	554.142
35.063	729.687	553.229
34.947	729.921	552.993
35.398	729.626	553.139
34.693	729.494	552.470
35.137	728.207	551.579
35.853	727.107	552.871
35.832	726.464	552.837
35.404	726.001	552.520
35.451	727.223	551.258
35.403	728.286	550.131
35.093	728.231	550.493
35.134	729.062	549.105
35.042	730.067	548.792
35.102	730.135	548.293
35.025	729.530	549.088
35.399	729.409	550.176
35.453	728.830	550.305
35.206	728.262	550.811
35.184	728.323	552.083
35.045	728.387	552.002
34.979	728.764	550.934
35.120	730.097	549.823
35.034	731.377	548.520
35.146	731.920	548.275
34.602	732.829	548.376
34.766	732.784	549.442
34.865	732.534	549.980
34.980	732.513	551.551
35.064	732.735	551.706
34.763	731.565	552.265
35.062	731.446	551.992
35.061	731.348	552.653
35.027	731.277	553.121
35.246	731.315	552.425
34.691	731.327	551.853
35.044	731.478	551.725
35.007	732.451	552.192
35.354	732.564	552.357
34.925	732.684	552.390
35.299	733.169	551.062
34.665	732.110	551.357
35.071	732.047	552.003
35.164	732.758	551.938
35.066	733.219	552.818
35.064	733.633	552.400
34.677	733.532	551.331
35.037	732.558	552.226
34.641	732.243	551.613
34.603	730.987	552.077
34.990	729.838	552.164
35.126	729.059	552.361
35.479	728.617	552.332
35.981	727.997	552.695
35.912	727.960	553.108
35.437	727.924	552.588
35.946	727.925	553.716
35.496	728.708	554.205
35.368	729.559	553.805
35.243	729.860	554.146
35.306	729.976	553.641
35.156	730.058	554.628
35.404	730.950	554.355
35.015	731.455	553.413
35.127	731.291	553.076
35.080	731.059	552.688
35.230	731.328	553.113
35.251	732.045	552.577
34.322	731.988	552.222
34.532	730.499	551.600
34.901	729.818	550.655
35.075	730.571	550.857
34.855	730.838	552.197
35.218	730.351	552.743
35.830	729.233	554.113
35.281	729.560	553.395
35.275	730.558	553.486
35.183	730.645	553.862
35.331	731.505	554.122
35.108	730.838	554.069
34.995	730.996	553.415
35.443	729.867	553.504
34.554	730.015	553.103
35.374	729.712	552.824
35.226	730.310	551.874
34.911	730.866	552.174
35.048	731.454	552.438
34.774	730.579	551.542
34.777	730.671	550.882
34.461	729.595	550.653
34.625	728.946	551.154
35.505	727.761	551.497
35.629	727.974	550.822
35.181	728.555	550.749
35.506	729.257	550.995
35.216	729.004	550.973
35.072	728.097	551.698
35.174	727.190	552.305
35.236	726.918	552.093
35.150	727.193	552.684
35.484	726.593	553.248
35.805	727.321	553.080
35.650	728.375	551.954
35.093	728.779	551.820
35.468	728.460	552.098
35.424	728.117	552.920
35.519	728.285	552.892
35.635	728.255	553.514
35.407	727.736	554.345
35.667	728.193	553.425
35.256	729.584	551.513
34.839	729.924	551.129
34.824	729.750	550.463
35.027	729.254	550.150
35.197	728.029	551.053
35.661	727.800	551.390
35.267	728.422	551.309
35.419	727.548	551.360
34.675	728.713	551.149
35.195	729.779	551.221
35.213	730.712	551.751
35.251	731.729	552.302
34.713	732.095	552.786
35.361	732.095	553.170
35.542	731.568	553.636
35.276	731.254	554.570
35.398	731.655	554.954
34.711	732.150	554.396
35.070	732.301	553.726
35.279	732.486	553.892
35.155	731.741	554.253
35.210	731.400	555.131
35.528	731.699	555.365
35.459	732.752	554.917
34.848	732.269	554.584
34.621	730.677	554.157
35.174	731.214	554.031
35.241	730.953	554.781
35.354	730.877	555.115
35.252	732.122	555.035
34.951	732.413	554.988
34.919	731.553	553.739
34.901	731.415	553.662
35.296	730.000	554.412
35.421	730.468	553.043
34.956	731.213	552.420
34.879	731.344	551.320
35.174	730.724	551.867
35.379	730.698	552.690
35.052	730.410	553.040
34.986	730.822	552.604
34.866	732.086	551.847
35.022	732.147	552.768
34.584	731.810	552.649
34.888	731.746	552.287
34.667	731.043	551.972
35.170	730.639	553.423
35.234	730.256	553.512
35.136	730.056	552.636
35.322	730.481	553.585
35.403	730.707	553.011
34.560	731.122	551.920
35.154	730.517	551.987
34.685	730.421	551.329
35.088	731.018	550.622
35.086	731.106	551.154
34.983	730.287	552.030
35.098	730.358	552.644
35.318	730.861	553.488
35.025	731.875	552.155
35.229	732.326	552.327
35.140	732.392	552.039
34.996	731.905	551.720
34.620	732.069	551.898
34.719	731.413	551.074
34.361	730.838	549.177
34.993	730.072	548.390
35.694	730.155	547.336
34.716	731.941	545.656
35.038	731.906	546.957
34.839	731.472	549.164
34.619	730.791	549.234
34.707	730.994	549.362
35.360	730.701	549.699
35.144	731.638	549.678
34.648	732.657	550.388
34.880	733.544	549.939
34.868	733.325	550.969
34.926	732.231	551.581
34.518	732.667	552.062
34.794	732.671	552.789
34.789	732.519	552.405
34.858	731.873	552.054
35.055	731.267	551.694
35.383	730.608	552.507
35.236	731.002	552.599
34.951	730.235	552.596
34.609	729.796	551.944
34.988	730.573	552.228
35.782	729.846	553.639
35.526	729.640	554.043
35.577	730.326	554.320
35.365	730.544	553.634
35.502	730.796	554.259
35.088	730.826	553.631
35.203	730.951	553.862
35.321	731.014	553.684
35.423	730.761	554.430
35.016	730.721	552.433
34.778	730.741	551.502
34.299	730.774	551.302
34.674	730.289	550.457
35.178	729.943	550.828
35.317	729.565	551.765
35.115	729.738	551.562
34.980	730.113	551.346
35.160	730.416	550.054
34.923	730.318	549.488
35.240	729.156	549.740
35.148	729.794	549.523
35.383	728.887	550.638
35.151	729.155	550.179
34.919	728.651	550.234
34.897	728.289	550.519
35.289	728.449	550.716
35.472	728.551	550.519
34.978	728.950	550.134
35.437	728.137	550.678
35.238	728.103	551.197
35.205	729.308	549.781
34.547	729.155	550.754
35.549	729.152	551.336
34.728	729.725	551.575
34.793	730.913	552.542
35.224	731.108	552.603
35.008	731.786	551.417
34.911	731.616	550.489
34.942	730.992	549.993
35.133	730.322	550.601
35.527	730.578	551.312
35.482	731.187	551.716
35.031	731.250	552.806
34.718	731.224	552.665
34.751	730.959	552.188
35.009	731.354	551.223
34.951	732.022	550.618
35.263	732.084	551.851
35.104	732.492	552.193
34.884	732.209	552.079
35.067	732.955	552.644
34.903	732.984	553.070
35.069	732.678	553.126
34.302	731.609	552.046
34.479	730.959	551.168
34.784	730.010	550.152
34.918	729.699	549.819
35.178	728.763	549.465
35.206	728.087	549.536
35.547	727.995	549.855
35.239	727.495	550.750
35.214	727.322	550.296
35.120	727.899	549.675
35.088	728.923	550.546
34.923	730.264	550.477
34.872	729.598	551.267
35.385	730.089	552.211
35.122	730.598	552.745
35.081	731.191	552.821
34.956	731.574	551.751
35.062	731.711	552.225
34.625	732.211	551.453
34.895	731.520	551.273
35.128	731.795	551.071
34.823	731.610	550.430
34.537	731.021	551.100
35.183	730.972	551.331
34.965	731.475	550.933
34.508	732.207	550.230
34.985	732.507	550.301
35.184	732.302	550.258
34.778	731.616	550.512
34.884	731.037	550.773
34.728	730.987	549.929
35.035	730.737	550.803
34.828	731.513	549.999
34.825	731.844	548.755
34.840	731.881	548.805
34.489	730.777	548.675
34.728	731.369	547.797
35.149	730.791	548.815
35.128	730.995	549.749
35.322	729.988	550.443
35.036	729.969	550.730
35.195	729.635	552.297
35.061	731.644	552.366
35.008	732.529	552.765
35.421	732.963	553.406
35.112	731.807	553.665
35.107	731.337	554.743
35.432	732.213	553.775
34.966	732.925	553.199
34.987	733.231	552.609
35.075	733.447	553.240
35.406	734.013	552.577
35.317	733.931	552.547
34.783	733.672	552.448
34.670	733.586	551.263
34.495	734.190	550.094
34.986	733.701	551.053
35.186	734.077	550.632
34.481	734.177	550.549
34.810	734.109	550.700
34.679	733.072	551.840
34.893	733.153	550.974
35.132	732.411	551.285
34.732	730.987	551.663
34.850	731.389	551.553
34.360	730.689	550.625
34.769	731.013	549.780
35.070	731.082	549.644
35.065	731.597	550.232
34.853	732.317	549.774
34.587	731.787	550.219
34.845	731.700	550.161
35.233	731.178	550.931
35.075	731.721	550.712
34.821	731.950	550.879
35.255	731.469	552.006
35.198	731.175	551.883
35.082	731.113	552.560
34.996	731.986	552.959
35.276	732.007	553.655
34.748	731.304	553.386
35.031	731.618	552.910
34.658	731.728	551.384
34.460	732.322	550.123
34.769	731.269	550.522
34.989	729.977	551.107
35.094	730.172	550.720
34.853	730.303	550.634
35.129	730.092	551.408
35.138	730.269	551.871
35.191	730.453	552.437
35.192	729.922	553.388
35.037	730.543	553.215
34.984	731.627	553.313
35.164	731.492	553.987
35.103	731.075	552.656
34.859	730.972	553.018
35.226	731.234	553.162
35.307	731.661	552.215
35.128	732.527	553.059
34.933	733.023	552.890
34.714	732.406	552.494
35.031	732.090	551.590
34.888	731.279	551.695
35.114	730.941	551.480
34.921	730.750	550.959
34.833	730.898	550.749
34.899	730.872	551.417
35.024	731.051	550.643
34.966	731.556	549.820
35.001	731.239	550.146
35.135	730.249	550.185
35.368	729.706	550.235
34.870	729.575	550.773
34.991	729.694	551.167
35.504	728.925	551.696
35.227	730.120	551.625
34.797	731.003	551.549
34.896	731.997	550.153
34.886	732.667	550.085
35.072	732.825	550.512
34.808	732.153	551.366
34.988	732.538	551.561
35.115	732.018	553.071
35.317	732.096	553.310
35.103	731.971	553.737
35.239	731.301	553.868
35.181	730.764	554.573
35.247	731.293	554.851
35.142	730.861	555.651
35.652	731.517	555.155
35.483	732.053	555.194
35.671	731.844	554.790
35.190	731.543	554.845
34.768	732.207	553.160
34.970	732.415	552.448
34.591	731.536	551.842
35.208	731.585	553.213
35.341	731.698	553.919
34.877	731.797	553.424
35.073	731.657	552.471
34.958	731.911	551.068
35.134	732.266	549.953
34.735	732.389	550.236
35.062	731.326	550.303
35.093	730.973	550.476
35.290	730.437	551.584
35.006	729.518	552.317
34.886	730.081	551.727
35.017	729.312	551.476
35.665	728.189	552.495
35.765	727.433	552.401
35.628	726.656	552.411
35.550	728.228	551.703
35.332	729.302	551.142
35.354	729.322	550.517
35.372	729.235	551.489
34.857	730.093	552.387
35.003	730.970	552.818
35.224	731.659	552.975
34.665	732.573	552.977
34.991	732.162	553.512
34.554	730.706	553.961
35.081	731.126	554.327
34.967	730.935	553.957
35.006	729.997	554.415
34.887	729.668	552.434
35.168	729.043	552.121
35.353	728.626	552.296
35.234	729.118	551.024
35.031	729.587	550.147
35.053	729.168	550.704
34.978	729.919	550.677
35.001	729.305	551.695
35.346	729.432	551.019
35.232	729.657	549.872
35.194	729.667	550.834
34.709	730.060	550.802
35.049	730.322	550.777
35.116	730.335	550.393
35.003	728.910	550.909
35.194	729.362	550.560
35.314	728.604	551.172
35.059	728.697	551.061
35.481	728.335	550.250
35.433	727.425	550.285
35.410	726.356	550.341
35.001	726.483	550.098
35.115	726.786	550.302
34.951	727.564	550.808
35.441	729.245	550.295
35.262	729.075	550.623
35.254	729.671	549.674
35.045	730.261	549.766
34.987	729.847	550.794
35.252	730.603	550.557
35.089	730.846	551.616
35.087	731.629	552.495
35.135	732.559	551.094
34.948	733.128	550.092
34.528	732.505	550.508
34.834	732.809	550.246
34.738	731.888	550.444
34.536	730.880	549.984
34.987	730.262	551.041
34.883	730.748	552.091
34.969	730.454	553.336
35.127	730.776	553.404
35.324	730.953	553.502
35.368	730.711	554.968
35.172	731.692	555.351
35.278	731.444	555.310
35.131	730.953	554.646
34.903	731.486	553.669
35.315	730.749	553.680
35.364	731.220	553.743
34.852	730.133	553.758
34.894	730.458	552.772
35.196	730.727	552.353
35.223	731.359	551.734
35.159	730.380	552.070
35.192	730.173	551.976
35.223	730.061	551.934
35.002	730.501	552.124
35.121	731.236	552.465
35.433	730.901	552.421
35.136	731.049	552.396
35.216	730.789	551.151
35.363	730.361	552.382
35.303	729.346	552.736
35.369	728.252	552.573
35.508	728.058	552.216
35.635	728.291	551.931
35.461	728.682	552.609
35.562	729.454	552.556
35.334	729.521	552.595
35.370	730.132	552.408
34.975	730.811	552.673
35.271	731.686	552.693
35.144	732.247	553.635
35.474	731.486	554.386
35.097	731.602	553.784
35.093	732.428	554.020
35.210	732.578	553.807
35.057	733.645	553.575
35.331	733.567	553.673
35.041	732.506	553.968
34.944	732.572	553.556
34.586	731.353	552.786
35.105	731.330	552.732
34.486	730.702	552.149
35.106	729.580	553.640
34.764	729.582	553.813
35.442	729.438	553.458
35.918	727.602	553.913
35.213	728.313	553.006
35.135	728.438	551.163
35.590	728.655	549.727
35.707	729.498	549.288
35.230	729.249	549.492
35.265	728.119	550.445
35.272	727.538	549.372
35.461	727.379	549.527
35.119	727.762	550.511
35.409	729.247	549.941
35.156	729.635	549.585
35.020	730.330	550.232
35.214	730.187	550.172
35.221	730.843	549.168
35.264	731.196	549.899
34.848	731.980	549.505
34.733	732.494	550.262
34.633	732.166	550.406
34.974	732.136	550.695
35.034	732.013	552.233
34.988	731.857	552.594
35.010	732.114	551.876
34.840	731.905	551.680
34.945	731.327	552.158
35.004	731.731	551.410
34.976	732.660	550.383
35.038	732.751	550.357
34.962	734.219	549.887
34.887	734.605	550.457
34.898	733.888	550.628
34.829	733.055	552.194
35.182	731.419	552.886
35.209	729.976	552.895
35.338	730.601	553.217
35.289	730.705	553.769
35.364	731.562	553.394
34.799	731.784	552.973
35.093	731.917	552.710
35.178	732.064	553.307
35.148	731.257	553.503
35.189	731.068	553.845
35.124	731.021	553.810
35.176	730.682	553.251
35.245	730.233	553.857
34.697	730.013	552.907
35.466	729.887	553.777
35.086	730.324	554.058
35.517	730.632	553.377
35.175	731.129	553.839
35.360	731.217	554.183
35.060	731.161	554.104
35.583	731.266	554.611
35.193	731.301	554.392
34.390	730.481	552.065
34.909	728.629	551.624
35.377	727.643	551.686
35.507	727.944	551.653
35.436	727.720	552.592
35.646	728.467	552.332
35.826	727.279	552.804
35.878	727.042	552.943
35.874	726.793	552.726
35.989	727.661	551.846
35.354	728.881	551.223
35.112	730.310	549.593
34.897	729.895	550.288
34.974	729.737	551.057
35.291	729.401	551.939
35.424	729.425	552.159
35.423	729.269	552.616
35.375	730.056	553.372
34.773	731.167	553.101
35.106	731.429	553.743
35.387	731.667	553.722
35.305	730.900	553.860
35.459	731.110	554.141
35.069	731.231	553.490
34.965	731.872	552.730
35.241	732.323	552.921
35.268	732.985	552.397
35.175	733.038	551.980
34.941	732.601	551.935
34.483	732.354	552.595
35.074	731.892	552.439
34.763	731.338	551.355
35.205	730.694	551.588
35.068	730.877	552.043
35.012	731.220	552.017
34.986	730.843	552.466
34.980	731.247	552.009
35.233	730.679	552.861
35.436	730.234	554.090
35.339	730.374	553.762
35.395	730.202	554.139
35.153	729.682	554.157
35.231	730.999	552.786
34.835	732.267	551.594
35.155	732.161	552.041
34.927	732.648	552.817
35.092	733.196	553.714
35.082	734.532	552.757
35.342	734.085	553.282
34.890	733.148	552.490
34.640	733.545	551.300
34.922	733.020	551.682
34.772	732.424	552.527
35.254	732.451	551.896
34.615	731.468	551.545
35.251	730.290	552.617
34.821	731.166	551.982
34.972	731.792	551.837
35.249	731.675	552.374
34.784	731.094	551.137
34.766	730.423	550.373
35.044	729.519	550.128
35.176	729.839	550.545
35.284	730.187	552.117
35.580	730.119	552.902
35.099	730.243	553.073
35.534	729.382	553.639
35.598	728.999	553.430
35.663	729.505	552.931
35.555	729.834	553.407
35.635	728.806	553.920
35.022	729.270	553.528
35.354	728.299	554.015
35.662	728.586	552.658
35.267	728.579	553.022
35.024	729.964	552.653
35.040	729.983	552.356
35.353	728.765	552.855
35.548	728.620	553.050
35.181	730.209	552.318
35.654	730.119	551.693
35.407	729.087	552.893
35.223	729.488	551.704
35.239	730.168	550.812
35.345	730.627	550.977
34.992	730.123	551.281
35.170	729.749	550.558
35.458	729.423	551.687
35.695	728.585	552.241
35.493	729.558	551.977
35.272	729.767	552.557
35.626	730.277	553.563
35.288	730.050	553.765
35.220	731.194	552.911
35.233	730.486	553.124
35.202	730.444	552.641
35.459	730.431	552.565
35.515	730.904	552.494
35.092	730.967	552.437
35.071	731.405	551.507
34.923	730.466	552.306
35.208	730.461	550.706
35.579	730.101	551.433
34.869	730.720	550.692
35.289	730.621	550.839
34.800	730.865	550.866
34.698	731.477	549.826
34.858	731.263	550.900
35.235	731.763	551.537
35.260	731.660	551.840
34.746	730.771	551.586
35.381	730.926	551.783
34.726	730.771	552.065
35.021	730.783	551.493
35.053	731.064	550.996
35.122	731.693	550.852
35.311	732.661	550.606
34.702	732.527	550.560
34.689	732.848	549.920
34.868	731.979	550.593
34.861	731.143	551.743
35.136	730.395	552.709
35.245	730.664	553.010
35.338	731.423	552.798
35.018	730.587	553.199
35.037	730.577	553.163
35.178	729.996	553.812
35.021	729.022	553.762
35.046	729.991	552.421
34.918	730.676	552.236
35.129	732.411	551.973
35.160	732.236	552.881
35.284	731.397	553.068
35.148	731.678	552.608
35.179	732.440	553.242
35.248	732.337	552.669
35.184	732.515	552.160
35.199	732.328	551.886
35.302	732.021	552.353
34.826	732.683	552.536
35.276	733.260	553.225
35.312	732.725	554.130
35.117	732.644	554.463
34.966	732.614	553.967
34.902	733.082	552.502
35.052	733.313	552.665
35.074	733.249	553.560
35.328	732.877	553.378
34.916	733.573	552.395
34.838	733.073	551.715
34.985	732.775	551.181
34.399	732.943	551.161
35.235	732.861	550.822
34.737	732.258	551.883
34.897	731.658	552.371
34.952	732.027	551.535
34.912	731.814	552.229
35.127	731.135	552.456
34.987	729.552	552.466
35.481	728.960	552.341
35.898	728.519	552.009
35.589	728.591	551.540
35.009	730.210	550.559
35.178	730.486	549.977
35.350	730.632	549.567
35.099	731.245	550.038
35.226	730.090	551.265
35.460	729.452	551.798
35.261	729.029	551.877
35.656	729.094	551.509
35.502	729.655	551.471
35.058	730.105	550.907
35.160	728.495	551.707
35.394	727.999	551.010
35.240	728.723	550.729
35.212	729.222	550.688
35.380	728.310	551.122
35.585	727.678	550.930
35.703	727.899	551.413
35.482	728.091	551.249
35.280	728.101	550.451
35.328	727.290	550.290
35.397	726.748	550.521
35.296	727.397	551.066
35.799	726.824	551.753
35.341	727.276	551.813
35.720	726.685	551.668
35.592	726.894	552.178
35.539	726.536	552.709
35.658	727.332	552.006
35.787	726.628	552.191
35.614	727.816	550.825
35.510	727.766	551.660
35.826	727.699	552.182
35.685	728.164	552.700
35.372	728.909	553.198
35.387	729.064	553.117
35.145	728.895	552.643
35.395	728.867	552.904
35.342	728.199	553.645
35.678	727.572	554.367
35.322	727.799	553.304
35.751	727.511	552.631
35.522	727.869	552.831
35.303	728.181	552.437
35.581	727.591	551.574
36.011	727.925	552.211
35.890	727.781	552.349
35.594	727.747	552.010
35.802	727.348	552.328
35.695	726.634	552.107
35.341	727.214	552.477
35.378	727.138	552.278
35.221	728.429	551.857
35.443	728.481	552.190
35.330	728.102	551.402
35.581	728.849	551.114
35.070	729.971	550.906
34.889	730.983	550.994
34.827	731.428	551.863
34.901	731.971	551.494
35.484	731.384	552.052
35.307	731.168	552.861
35.294	731.497	553.779
35.366	730.890	554.736
35.366	730.962	555.028
35.485	730.441	555.536
34.933	730.751	555.093
35.443	730.799	554.836
35.097	731.092	553.984
35.112	731.366	554.045
35.217	731.321	553.873
34.716	731.101	552.470
34.818	730.412	550.622
35.312	729.948	550.509
35.162	730.822	550.493
34.936	730.865	549.994
34.990	730.881	550.135
34.939	730.831	550.929
34.692	730.049	552.377
35.510	728.813	553.069
35.542	728.563	552.947
35.360	728.684	552.870
35.515	728.516	552.492
35.163	728.872	551.559
35.434	728.516	552.099
35.566	728.922	552.334
35.147	729.013	551.787
35.437	728.941	551.854
35.138	730.104	550.620
35.137	730.176	549.561
35.155	729.624	550.298
34.997	730.305	549.651
35.524	728.880	551.365
35.219	729.125	551.416
35.272	728.683	552.029
35.355	729.296	552.053
35.340	729.911	550.616
35.032	730.660	550.346
34.991	730.311	550.672
35.136	730.119	550.255
35.097	728.756	550.536
35.196	729.050	549.851
35.203	728.632	550.079
35.346	728.701	549.932
35.144	728.787	549.059
35.540	727.884	548.506
35.331	729.037	547.664
35.293	730.459	547.535
34.743	730.172	548.292
34.967	730.479	548.720
34.966	730.759	549.139
34.841	730.958	550.310
35.111	731.760	549.456
35.105	731.102	549.466
34.772	730.192	549.976
35.079	729.829	549.842
35.374	729.238	550.376
35.287	728.603	549.638
34.824	728.016	549.158
35.671	727.492	549.437
35.308	727.649	548.578
35.228	728.556	548.960
35.268	728.521	548.920
35.391	728.187	549.064
35.384	727.679	549.764
35.847	726.910	549.960
35.849	726.309	551.304
35.454	726.377	551.052
36.013	725.205	551.543
35.776	725.672	550.901
35.418	727.565	550.368
35.165	729.987	549.148
35.162	729.791	549.829
35.018	730.827	550.603
35.008	731.144	551.721
35.035	731.371	552.085
35.485	731.435	552.341
35.557	730.022	553.891
35.280	729.261	554.271
35.258	730.086	552.921
35.446	730.081	553.965
35.142	729.919	553.989
35.281	730.271	554.104
35.152	729.911	553.567
35.767	728.891	554.861
35.379	729.215	554.688
35.156	728.890	554.996
35.073	728.721	554.595
34.509	728.457	553.850
35.054	727.763	552.642
35.574	727.630	552.912
34.797	727.752	550.813
35.547	727.743	549.783
35.436	727.896	550.682
35.699	727.216	551.737
35.121	727.956	551.805
35.147	728.892	551.760
35.542	728.378	553.221
35.793	727.746	553.573
35.669	727.521	553.908
35.450	728.709	553.433
35.463	728.900	552.505
35.309	729.048	552.925
35.494	729.442	553.299
35.233	729.942	552.197
35.232	731.508	550.590
34.834	731.604	551.555
34.976	732.905	550.795
35.099	732.010	551.775
34.803	732.352	551.175
35.348	732.929	550.302
35.190	733.459	549.397
34.923	732.476	550.487
34.755	730.915	550.787
34.913	730.509	551.800
34.894	731.685	551.764
35.215	732.305	552.549
35.264	733.419	551.925
34.662	733.021	552.100
34.661	733.184	551.311
34.886	733.136	551.195
34.653	732.972	550.649
34.947	732.666	551.399
34.804	732.604	551.520
35.078	732.763	552.068
34.723	732.220	551.853
34.785	730.829	551.377
35.214	731.026	550.687
34.584	730.550	551.124
35.166	730.464	552.379
35.639	729.952	551.869
35.584	729.737	551.797
35.366	730.921	551.792
35.319	731.293	551.273
35.227	731.303	551.508
35.089	731.312	552.841
34.874	732.661	553.283
35.189	733.401	553.368
35.076	733.718	553.423
35.105	733.721	553.239
35.476	733.790	552.542
34.881	732.855	553.621
34.850	732.874	553.246
35.006	733.089	551.135
34.745	732.246	551.364
34.937	730.956	551.123
35.251	730.632	551.182
35.158	731.090	551.264
34.999	732.184	551.689
35.055	732.136	552.409
35.496	731.181	553.783
35.203	730.294	554.165
35.561	729.458	553.502
35.408	729.079	553.301
35.529	729.279	553.870
35.566	729.392	553.424
35.381	729.280	552.964
35.364	730.127	552.092
35.210	730.826	551.314
34.678	730.246	551.029
34.854	729.609	551.890
35.497	729.263	552.342
35.223	728.135	551.349
35.734	726.935	551.700
35.549	726.800	552.478
35.722	727.768	551.835
35.740	729.571	551.264
35.190	731.006	549.959
34.801	731.536	550.173
34.859	731.983	550.365
34.703	732.224	549.971
34.934	732.084	549.911
35.171	732.507	550.525
35.017	733.150	550.703
34.831	733.067	550.559
34.951	732.396	550.142
34.890	731.898	550.522
35.301	732.695	551.288
34.869	732.070	551.037
34.896	731.773	551.821
35.314	731.206	552.591
35.248	730.116	554.323
35.327	729.557	554.266
35.404	729.942	553.297
35.282	729.904	552.965
35.228	731.093	552.732
35.756	731.368	553.492
35.722	730.701	553.455
35.442	730.495	554.216
35.693	730.160	554.108
35.676	730.453	554.278
35.295	729.861	553.536
34.993	729.216	552.865
35.502	728.694	552.211
35.673	728.818	552.086
35.384	728.970	552.582
35.601	728.817	553.887
35.552	729.077	553.217
