36.993	874.240	571.880
36.860	874.295	571.454
36.890	874.024	571.559
37.001	873.899	571.717
36.881	873.704	571.690
37.004	873.611	571.495
36.837	874.196	570.677
36.520	874.009	571.385
36.814	873.510	571.187
37.128	874.073	571.963
36.632	873.408	572.288
36.681	872.928	571.987
36.525	873.570	572.129
36.644	874.031	572.316
36.917	873.621	572.772
36.951	874.074	572.840
37.032	873.809	572.393
36.602	874.572	571.672
37.412	874.876	571.633
37.359	874.123	571.787
36.702	873.997	572.610
37.090	874.179	572.654
37.241	874.027	572.297
37.430	874.146	571.490
36.625	874.626	571.083
37.251	874.649	571.474
37.463	874.298	571.876
37.209	873.777	572.011
37.555	874.410	571.626
36.958	874.626	571.719
37.135	874.492	571.809
37.129	874.207	571.838
36.783	874.351	571.997
36.755	873.999	571.904
36.828	874.092	571.542
36.422	873.782	572.084
37.289	874.121	571.802
37.092	874.491	572.383
36.900	873.521	572.434
37.376	873.961	571.781
36.905	874.697	571.539
36.914	874.685	572.502
36.952	874.403	572.643
36.552	874.540	572.069
37.007	874.542	572.024
37.344	874.429	571.973
37.434	873.899	572.111
37.177	873.806	572.298
36.980	874.804	571.984
36.971	874.485	572.045
36.924	873.467	572.381
36.663	873.651	571.687
36.971	874.010	572.619
36.734	873.794	572.114
36.860	874.106	571.879
36.880	873.870	571.354
36.885	874.677	570.682
36.365	874.853	571.176
36.441	874.497	571.844
36.936	873.533	572.058
36.806	874.274	572.096
37.029	873.587	572.181
36.992	874.179	572.360
37.461	874.101	571.917
37.183	874.049	571.866
37.215	873.233	572.240
37.477	873.378	571.943
37.445	873.624	572.164
36.616	874.443	572.037
37.106	873.728	571.869
36.639	873.658	572.843
36.757	874.245	572.299
36.720	873.958	572.167
36.834	874.228	572.202
37.167	873.844	572.287
36.833	874.396	572.211
37.121	873.844	572.105
37.004	874.224	572.168
36.943	873.341	572.048
36.940	873.511	572.126
37.277	874.088	572.160
37.349	874.032	571.552
37.436	874.267	571.975
37.030	874.655	571.647
37.476	874.547	572.031
37.221	874.286	571.968
37.602	874.016	571.927
37.368	874.121	571.989
37.595	874.267	571.261
37.213	874.257	571.265
36.803	873.838	571.980
37.461	874.332	571.339
37.361	873.695	571.314
37.060	874.519	571.277
37.507	874.642	571.556
37.060	874.663	571.678
37.530	874.062	571.781
37.067	873.797	571.757
37.078	873.867	571.925
36.976	874.071	571.930
37.406	873.692	571.974
37.053	875.168	571.444
37.067	874.795	571.735
37.200	874.685	571.711
37.197	874.106	571.779
36.856	873.594	572.324
36.928	874.347	571.870
37.361	873.490	571.902
36.697	874.256	571.437
36.821	874.103	571.827
37.264	874.141	571.517
36.947	873.992	571.527
36.501	873.761	572.438
36.973	873.670	572.211
37.090	874.051	571.827
37.336	873.576	572.402
37.231	874.416	572.209
36.931	873.793	572.189
37.086	874.409	571.555
36.996	874.091	572.336
36.801	874.161	572.740
36.958	873.529	572.941
37.323	874.547	571.914
37.227	874.545	571.960
37.356	874.999	571.845
36.990	874.178	572.144
37.149	873.814	571.695
36.590	874.123	572.348
36.783	873.953	571.904
37.167	874.492	571.491
37.136	874.336	571.063
36.951	873.864	571.564
36.782	873.523	571.899
37.463	873.916	572.328
36.697	874.509	571.719
36.894	874.703	571.623
37.170	874.566	572.295
37.692	874.548	572.434
37.596	875.158	571.909
37.399	874.465	571.935
37.522	873.779	572.064
36.973	873.452	572.438
36.564	874.026	572.061
37.349	873.924	571.938
37.019	874.206	572.074
36.884	873.640	572.518
36.857	874.138	572.704
37.122	874.175	572.590
37.169	873.826	572.449
37.702	874.001	572.000
36.462	873.923	572.390
37.060	874.115	572.070
36.741	874.041	572.435
37.155	874.299	571.804
36.849	873.995	572.007
36.927	874.188	571.797
37.262	874.051	572.110
36.748	873.956	572.206
36.562	873.837	572.275
36.722	874.475	571.829
37.079	874.972	571.448
36.884	874.993	571.204
36.623	874.447	571.772
37.061	874.643	571.916
37.160	875.030	572.542
36.942	874.770	572.028
36.767	875.227	571.930
37.434	874.769	571.281
37.051	874.728	570.805
36.949	874.709	572.015
36.911	874.400	571.826
36.782	873.575	572.264
37.562	873.799	571.546
36.598	874.328	572.620
36.933	874.180	572.583
36.673	874.304	572.073
36.414	874.296	572.614
37.447	873.943	572.347
37.115	873.985	572.263
37.136	873.969	572.417
37.176	873.321	572.061
37.079	873.198	571.506
36.899	873.688	571.557
37.218	874.396	571.631
36.762	874.118	571.804
36.841	874.018	571.650
37.076	874.304	571.676
37.073	874.578	571.563
37.335	875.036	571.957
37.304	873.911	571.954
36.965	873.821	572.030
36.651	874.548	572.178
36.524	874.599	572.202
37.225	875.247	571.897
37.135	874.882	571.889
36.903	874.623	572.451
36.399	875.573	571.828
37.124	874.900	571.928
37.059	874.667	571.861
37.026	874.652	571.000
37.496	874.551	571.290
37.433	874.842	571.159
37.020	874.317	571.769
37.431	873.901	571.724
37.493	874.085	571.722
36.782	874.065	571.351
37.094	874.173	571.480
37.439	874.205	571.456
36.950	873.967	571.447
37.159	874.408	571.645
37.225	874.311	571.660
36.562	874.035	571.554
36.610	874.443	572.043
36.973	874.124	572.178
37.250	873.844	572.279
36.826	874.419	572.467
36.993	873.292	572.128
37.219	872.729	572.634
36.863	873.361	572.200
36.686	874.286	571.215
36.372	874.110	572.027
36.438	874.069	571.888
37.121	873.578	571.879
37.002	874.325	571.654
37.345	874.002	571.695
37.137	874.375	571.818
37.059	874.113	572.338
37.024	874.211	572.193
37.383	873.602	572.051
37.392	873.583	571.776
37.574	874.384	570.941
37.528	874.124	571.232
37.036	873.978	571.623
36.972	873.778	571.895
36.927	873.576	572.472
36.918	874.141	571.522
37.101	873.853	572.028
37.045	874.023	571.271
36.389	874.295	571.291
37.144	874.295	570.934
37.561	873.481	571.315
37.062	873.384	572.052
36.840	873.771	571.300
36.387	874.634	571.392
36.749	874.434	571.871
36.940	874.083	571.833
36.978	873.906	571.862
37.175	874.208	571.593
36.800	874.293	571.865
37.001	874.283	572.214
37.211	873.928	572.067
37.106	873.737	572.252
37.372	874.000	571.653
36.949	873.575	572.225
37.270	873.814	571.740
37.304	874.387	571.649
36.867	873.632	572.327
37.226	874.228	571.031
37.157	874.931	570.813
37.004	874.772	571.517
37.719	874.171	571.826
37.104	874.646	570.963
37.108	874.418	571.722
36.650	874.520	572.079
36.423	874.867	572.150
37.494	874.302	572.108
37.367	874.526	571.200
36.922	874.371	571.786
36.988	874.109	571.159
36.842	874.288	570.886
36.604	874.538	571.406
37.096	874.116	571.561
36.619	874.255	571.811
36.515	873.850	572.228
36.968	874.106	571.956
37.362	873.475	572.374
36.837	873.490	571.313
36.876	873.520	571.494
37.046	873.844	571.375
36.880	873.791	571.611
36.676	873.542	572.672
36.825	874.599	572.275
36.664	874.344	572.716
37.144	873.919	572.114
36.674	873.919	571.933
37.432	874.059	571.940
36.773	874.297	572.241
37.328	873.881	571.733
37.169	874.308	571.545
37.515	874.116	571.591
36.971	873.966	571.672
36.744	873.856	571.680
36.681	873.635	572.088
36.859	874.037	571.792
36.494	873.449	572.249
36.733	873.738	572.141
37.029	874.078	571.683
36.978	873.883	571.667
36.864	873.956	571.742
36.885	874.293	572.168
37.061	873.787	572.405
36.916	874.548	571.329
37.513	874.362	571.742
37.238	874.132	572.625
36.721	874.211	572.380
36.618	873.376	572.335
37.077	873.649	572.254
36.793	873.711	572.110
36.979	873.708	572.654
36.513	874.289	572.389
37.110	874.109	572.187
36.882	874.046	571.880
37.213	874.266	572.155
36.945	874.442	571.838
37.139	874.348	571.737
37.333	874.035	571.763
37.497	873.987	571.618
36.856	874.195	572.299
36.882	873.958	572.362
36.641	873.678	572.123
36.631	873.678	571.995
37.037	874.336	572.062
37.226	874.223	572.474
37.364	873.812	571.753
36.863	874.002	572.123
37.461	873.888	572.009
37.446	874.237	571.698
36.933	874.399	571.755
36.992	874.075	572.506
36.707	873.990	572.630
37.345	874.050	571.627
37.030	873.955	571.801
36.279	873.463	572.272
36.829	874.159	571.758
37.682	873.936	571.878
37.001	873.970	571.997
37.211	874.510	571.432
37.233	874.927	571.325
36.580	875.233	571.409
37.496	874.952	571.232
37.074	874.497	571.295
37.242	874.419	571.771
37.046	874.238	571.763
36.798	873.346	572.642
36.816	873.788	571.993
36.930	874.403	571.435
36.391	873.994	571.425
36.913	873.538	571.903
37.398	874.334	571.658
37.421	873.616	571.185
36.795	873.988	571.493
37.487	874.120	570.890
37.149	873.768	571.883
36.886	872.958	572.764
37.176	873.470	572.660
37.234	874.109	572.105
36.996	874.245	571.552
36.779	873.708	571.243
36.266	874.733	571.299
37.108	874.534	571.909
37.095	874.395	572.185
37.515	874.215	571.783
36.824	874.430	571.828
36.598	874.202	572.534
36.769	874.040	572.799
37.048	874.119	572.164
36.980	874.069	571.633
37.461	873.852	572.616
36.830	873.839	573.110
36.687	873.170	572.991
36.970	872.635	573.370
36.787	873.954	572.257
37.215	873.897	571.880
37.042	874.613	571.400
36.863	874.071	572.137
36.895	873.978	572.175
36.997	874.474	572.007
37.003	873.572	572.636
36.999	874.428	572.182
36.915	874.378	571.563
37.110	874.338	571.488
37.229	874.161	571.174
36.853	873.801	571.309
37.117	873.450	572.105
36.588	873.484	571.935
37.310	873.071	572.316
37.020	874.263	571.638
37.465	874.198	571.977
36.802	874.527	571.874
36.509	874.689	571.527
36.544	874.507	571.802
36.856	874.714	571.697
37.635	875.226	571.582
37.024	874.395	572.068
37.212	873.955	571.537
37.168	874.758	571.617
37.371	874.639	572.203
37.153	874.826	571.796
37.236	874.504	572.133
36.796	873.671	571.896
37.075	874.491	572.131
36.327	873.808	572.448
37.202	873.914	572.504
37.375	873.657	572.672
37.062	873.563	572.707
36.998	873.579	573.324
36.951	874.713	572.472
36.988	874.608	572.065
37.463	874.962	571.465
37.391	875.120	570.670
36.989	874.283	571.657
37.227	874.055	571.999
37.064	873.747	572.041
36.772	874.805	571.593
37.587	874.583	572.467
37.324	874.292	572.874
37.157	874.680	572.338
37.350	874.695	572.115
36.474	874.613	572.358
37.277	875.278	571.377
37.010	875.227	571.626
37.296	874.414	572.578
37.403	873.951	572.499
37.048	873.951	571.725
37.117	874.149	572.071
37.396	874.453	572.023
37.339	873.899	571.914
37.072	873.793	572.015
36.914	874.107	572.400
36.975	873.918	571.313
37.178	873.788	571.681
37.221	873.596	571.775
37.244	874.789	571.786
37.471	874.525	572.251
36.937	874.694	571.825
36.803	875.210	571.228
37.072	875.061	571.516
37.043	874.492	571.499
36.193	873.799	572.590
37.122	873.661	572.464
37.243	874.718	571.269
36.962	874.415	571.879
37.131	873.412	572.481
37.317	873.095	571.959
36.863	873.351	572.290
37.151	873.378	572.510
37.007	873.848	571.731
37.088	874.112	571.775
36.656	874.167	571.516
36.690	873.987	571.958
37.107	874.092	571.904
37.073	874.120	571.636
37.152	874.091	572.309
36.833	874.244	571.641
37.347	874.368	571.697
37.035	874.456	571.354
36.805	875.072	570.858
36.607	874.709	571.940
37.111	874.554	571.888
37.397	875.005	571.935
37.240	874.805	572.108
37.013	874.882	571.796
37.477	874.428	571.985
37.324	874.506	571.578
37.256	874.941	571.837
36.833	874.502	572.287
36.600	874.532	572.614
36.503	875.007	571.730
36.866	874.385	572.075
37.294	874.062	571.829
36.817	873.844	571.627
37.447	873.875	572.102
37.335	874.303	571.121
37.050	874.569	571.183
36.811	873.918	571.378
37.179	874.263	571.071
37.085	874.232	571.297
37.198	873.939	571.859
37.341	873.861	571.537
37.471	874.525	571.546
37.584	874.169	572.129
37.263	873.721	571.447
37.162	874.129	570.819
37.005	874.552	571.021
37.303	875.173	571.185
37.420	874.714	571.150
36.865	874.307	571.712
37.522	873.997	571.771
37.438	874.143	571.869
37.279	873.846	571.666
36.679	873.767	572.663
37.235	873.893	572.507
37.352	873.420	572.588
36.671	873.950	572.031
36.736	873.841	572.136
37.262	874.576	570.924
37.074	874.362	571.551
36.781	874.211	571.969
37.350	873.844	572.133
36.849	874.040	572.574
37.300	874.264	572.105
36.745	873.128	572.691
36.734	873.366	572.229
36.659	872.938	571.611
37.045	872.976	571.889
36.866	873.788	571.951
36.885	873.837	572.413
36.932	874.008	572.342
36.982	874.381	571.883
37.494	873.881	571.614
37.226	873.598	572.023
37.489	873.721	572.577
36.888	874.452	572.148
36.779	874.003	571.928
36.290	873.742	571.824
36.508	874.177	571.313
36.397	873.768	571.204
36.737	873.694	570.844
36.626	873.684	572.213
36.761	874.018	572.389
36.776	873.904	572.428
36.864	873.838	571.778
36.752	874.259	572.678
37.353	873.797	572.303
36.851	873.853	571.633
37.120	874.007	571.918
36.713	873.968	572.218
36.490	874.445	572.726
36.615	874.008	573.202
36.854	873.026	572.930
37.460	874.018	572.455
36.591	874.091	572.328
36.980	874.130	572.331
36.996	873.857	572.248
36.810	874.317	572.070
37.241	874.426	572.072
36.833	873.932	571.842
37.330	873.874	571.912
37.182	874.472	572.423
37.093	874.395	571.906
37.010	874.140	572.661
37.020	873.967	572.625
37.104	873.771	572.358
37.473	874.038	572.546
37.086	874.059	572.597
36.946	873.680	572.372
37.307	874.223	572.018
37.165	873.927	571.454
37.481	873.644	571.768
37.584	874.222	571.694
36.796	873.929	571.863
36.890	873.533	571.927
37.120	873.537	572.831
36.821	874.274	572.615
37.287	873.975	572.501
37.215	873.895	572.265
36.853	873.933	571.704
37.060	873.830	571.999
37.035	874.062	571.811
36.615	873.339	572.754
36.625	873.263	573.154
37.122	873.515	572.305
37.374	873.876	572.172
36.886	874.082	571.629
37.385	874.051	571.718
37.481	873.851	571.918
36.887	874.317	571.784
37.027	874.316	571.936
36.815	874.023	572.113
36.954	874.072	572.088
37.170	874.096	572.017
36.905	874.136	572.041
36.672	873.546	571.878
37.149	873.981	571.647
36.746	874.381	571.884
37.086	873.828	571.665
37.079	874.339	571.843
37.328	873.899	572.113
36.421	874.648	571.947
37.059	874.495	572.094
37.102	873.783	571.943
37.263	874.216	571.639
37.014	874.445	571.507
36.820	874.270	572.620
37.452	874.246	571.777
36.684	874.127	571.759
37.109	874.740	571.458
37.294	874.026	571.270
37.079	874.275	570.674
36.506	874.376	571.214
36.920	873.744	571.514
36.907	874.611	572.120
37.136	874.661	571.767
36.840	874.435	572.225
37.357	873.961	571.811
36.992	873.946	571.982
37.043	874.334	571.911
36.993	874.619	571.954
37.385	875.010	571.217
36.767	874.541	571.627
37.059	875.028	571.740
36.720	874.624	572.008
36.629	874.020	571.791
36.684	874.060	571.975
36.845	873.905	572.947
36.586	874.406	572.396
36.487	874.745	571.609
36.278	875.062	571.955
36.903	873.824	571.932
37.183	873.521	572.316
36.936	873.592	571.866
37.037	873.283	572.191
37.217	873.652	571.877
36.511	874.441	571.498
36.817	873.843	571.844
36.746	873.634	572.529
37.213	873.962	573.014
37.116	874.484	571.985
36.759	874.147	571.822
37.228	874.018	572.145
36.781	873.867	572.234
37.230	874.154	571.987
36.901	874.134	571.825
37.359	874.034	571.627
37.031	874.464	572.071
37.207	873.682	571.867
37.074	873.729	572.275
36.719	874.376	571.536
36.824	873.792	571.858
37.209	874.571	570.973
36.870	874.182	571.464
36.992	873.978	571.460
36.982	874.362	571.431
37.028	873.501	571.130
37.150	874.129	571.562
37.429	873.604	572.421
36.383	874.665	571.853
36.914	874.551	571.999
36.880	874.176	572.280
36.324	873.775	572.269
37.163	873.929	572.284
36.854	874.003	572.275
37.202	874.386	572.363
37.165	874.183	571.263
36.889	874.188	570.919
37.276	874.031	571.384
37.239	874.557	571.253
36.777	874.892	571.184
36.718	874.866	571.793
36.978	873.790	571.866
36.710	874.417	571.615
36.387	874.272	572.391
36.823	873.499	572.448
36.883	873.017	571.807
37.129	873.678	571.635
37.053	874.429	571.382
36.910	874.083	571.881
36.859	874.300	572.134
37.036	873.941	572.265
37.328	874.139	571.982
36.812	874.265	572.168
37.334	874.255	572.067
37.217	874.119	571.661
37.406	873.900	572.271
37.327	874.577	571.732
37.242	874.316	572.088
36.829	873.757	571.900
36.965	874.127	571.332
37.176	873.891	571.432
36.691	873.160	571.309
36.428	873.749	571.334
37.162	873.779	571.522
36.868	873.991	571.861
37.402	874.304	571.624
37.259	873.681	571.676
37.237	873.685	571.546
36.976	873.951	571.708
37.052	874.305	571.749
37.134	873.933	571.362
37.008	874.371	570.870
37.300	873.701	571.147
37.027	874.350	571.180
36.963	874.264	571.424
37.056	873.826	572.331
37.237	874.040	571.632
36.920	874.132	571.726
36.823	874.131	572.342
37.133	874.243	571.668
36.723	874.484	571.495
36.859	873.689	571.732
37.491	873.989	572.108
37.378	874.154	571.905
37.459	873.851	571.840
37.161	873.755	571.649
36.520	874.099	571.826
36.953	874.196	571.559
36.894	873.485	571.998
36.630	873.242	572.165
36.647	873.574	572.235
36.793	873.610	572.142
37.333	873.661	572.531
37.212	873.852	572.835
36.907	873.983	572.228
36.606	874.310	571.313
36.318	874.326	571.563
36.802	874.110	572.038
37.548	873.893	572.194
37.414	874.327	571.463
37.273	873.882	570.691
36.743	873.204	572.032
37.145	873.237	571.825
36.932	874.518	571.422
37.009	874.701	571.578
37.008	874.673	572.074
37.197	874.198	572.480
36.966	874.597	572.212
36.843	874.133	572.432
37.198	873.937	571.794
37.229	874.037	572.059
37.196	874.194	571.820
37.335	873.775	571.815
37.407	874.123	571.510
37.536	874.425	571.878
37.076	873.503	572.672
36.986	874.895	571.951
37.142	874.246	571.538
37.016	874.091	571.612
36.651	874.265	571.643
37.069	873.568	572.022
36.744	873.703	572.205
36.780	874.189	571.566
37.466	874.405	572.280
37.079	874.011	571.974
37.219	874.133	571.683
37.600	874.381	570.806
37.209	874.361	571.003
37.166	874.236	571.223
36.885	873.866	571.762
36.836	873.953	571.735
37.441	874.095	571.807
37.377	873.710	571.423
36.778	873.861	572.132
36.881	874.151	572.026
37.029	873.932	572.511
36.855	873.636	572.653
36.808	873.545	572.938
37.002	873.151	572.304
37.239	873.748	571.954
37.471	874.018	571.869
37.211	874.406	571.519
37.175	874.722	571.853
37.208	874.199	571.554
37.243	873.888	571.855
36.556	873.781	572.590
37.261	874.214	572.356
37.216	874.249	571.845
37.309	874.115	571.745
37.451	873.245	572.637
36.871	873.775	572.354
36.815	874.071	572.110
36.485	874.057	572.251
37.252	873.718	571.476
37.048	874.070	570.982
36.131	875.174	570.794
36.360	874.614	571.478
37.485	875.044	570.868
36.837	875.015	571.715
37.191	875.048	571.225
37.403	874.854	571.518
37.568	874.607	571.566
36.847	874.018	572.174
36.400	874.547	571.923
37.134	875.053	571.549
37.329	874.397	571.649
36.722	874.135	571.614
37.232	874.320	571.647
37.072	874.594	572.043
37.413	875.008	571.244
37.465	874.322	571.114
37.745	874.403	571.116
37.123	873.718	571.145
36.852	873.992	571.089
37.436	873.936	570.988
37.338	874.174	571.075
36.705	873.586	571.594
37.112	873.663	572.081
36.659	873.941	571.769
37.222	873.888	572.326
36.807	874.002	572.170
36.877	874.502	572.006
37.201	875.049	571.824
37.177	875.023	571.371
37.391	874.681	571.585
37.168	874.697	572.273
36.030	874.570	572.130
36.705	874.674	571.736
36.588	874.328	572.285
36.753	873.674	572.201
37.054	874.433	571.783
37.031	874.221	572.040
37.208	874.352	571.686
36.864	874.116	571.849
37.197	873.733	571.943
36.871	873.601	571.953
36.929	873.209	572.405
37.091	873.555	571.951
37.042	874.000	571.807
36.979	873.448	572.890
37.097	872.783	572.228
36.409	873.587	572.176
36.657	873.116	572.875
36.706	873.484	572.503
37.152	873.859	572.904
37.442	873.692	572.494
36.863	873.721	572.515
37.353	874.328	572.484
36.800	873.534	572.410
37.468	874.352	571.257
37.228	873.802	571.920
37.211	874.223	571.804
37.373	874.021	572.146
36.905	874.545	571.377
37.168	873.965	572.239
37.021	874.090	571.950
37.218	873.595	572.033
37.214	873.979	572.099
37.042	874.151	571.954
37.256	873.825	572.018
37.691	873.759	571.496
36.984	874.263	571.555
36.748	873.964	572.270
37.247	874.121	571.711
36.954	873.444	572.387
36.913	873.617	572.523
37.063	874.220	572.229
37.079	874.103	571.981
36.864	874.634	571.850
37.315	874.590	571.981
36.952	874.453	572.362
36.825	873.883	572.081
36.691	873.991	572.139
36.646	874.751	572.277
37.438	874.257	572.295
37.130	874.437	571.854
37.140	873.845	572.037
37.366	873.888	571.424
37.327	874.441	571.027
36.821	874.017	571.620
37.230	873.839	572.112
37.145	874.040	571.821
36.771	874.081	572.078
36.840	874.069	572.085
37.375	873.937	571.526
37.205	874.327	571.804
36.904	874.396	571.747
37.012	874.694	571.796
37.012	874.554	572.210
37.060	874.903	571.687
37.329	874.316	571.983
37.077	874.295	571.408
37.231	874.069	571.441
37.004	873.997	571.376
37.170	873.995	571.118
36.754	873.303	572.045
37.308	873.582	571.454
36.665	874.045	571.253
36.918	874.752	570.116
36.859	874.907	570.842
36.892	874.240	571.867
37.230	874.214	572.068
37.054	874.252	572.273
37.166	874.296	571.747
36.991	874.425	572.270
37.083	874.158	571.780
36.954	874.711	572.141
36.889	875.025	572.289
36.807	875.001	571.691
37.239	874.622	572.329
37.220	874.435	572.187
36.916	874.101	572.195
36.918	874.106	571.300
36.793	874.174	571.618
37.875	874.468	571.190
37.225	874.005	570.891
37.234	874.615	571.105
37.397	874.686	571.806
37.132	873.997	572.344
37.315	873.508	571.727
37.082	874.180	572.053
37.314	874.035	571.994
36.775	874.127	571.976
37.104	873.964	572.050
36.864	873.895	571.830
37.219	874.572	571.554
37.100	874.797	571.512
37.474	874.880	571.123
37.472	874.700	571.523
36.833	874.683	572.428
36.994	874.880	572.260
37.632	874.992	571.735
37.244	874.571	571.464
36.946	874.599	571.807
37.130	874.707	571.765
37.467	875.024	571.690
37.525	874.574	571.765
37.337	874.762	572.268
37.611	874.547	571.246
37.287	874.562	571.621
37.299	874.482	571.734
36.712	873.949	572.420
36.926	873.686	572.287
37.387	873.737	571.635
37.262	873.531	571.733
37.278	874.179	571.643
37.564	874.737	571.591
37.505	874.397	572.196
37.101	874.700	570.902
37.125	874.230	571.360
37.087	873.554	571.741
36.710	874.256	572.364
37.042	874.338	571.436
36.895	873.520	572.089
36.785	874.839	571.296
36.947	874.026	571.971
37.175	874.586	571.786
36.783	874.712	571.852
37.509	874.749	571.694
37.346	874.656	571.780
37.496	874.588	571.970
36.698	874.918	572.196
37.736	874.363	572.082
37.163	873.476	571.920
36.955	873.107	572.314
37.051	873.604	571.715
37.371	873.887	571.632
36.941	873.564	572.257
36.950	874.056	571.850
37.107	874.131	572.027
36.970	873.896	572.089
37.469	874.005	571.523
37.315	873.810	571.563
37.007	874.278	571.544
36.658	873.496	572.069
37.354	873.464	572.172
37.272	874.133	571.248
37.047	873.966	571.792
36.712	874.145	571.988
36.436	874.485	571.417
36.691	873.984	571.580
36.859	874.158	571.905
36.642	874.179	572.545
36.917	874.226	572.464
37.022	874.089	571.824
37.638	874.588	571.682
36.646	874.129	571.558
36.850	873.877	572.099
37.169	874.315	571.637
37.362	873.981	571.777
37.582	874.130	571.461
36.541	874.073	571.894
37.103	873.971	571.937
37.447	874.124	572.171
36.738	874.623	572.154
36.750	874.114	572.249
36.617	874.083	571.600
36.773	873.268	572.555
37.340	873.834	572.272
37.009	874.324	571.898
37.306	873.483	571.758
36.937	873.363	571.480
37.047	873.605	571.229
36.394	874.412	572.072
37.400	874.410	571.508
37.332	873.593	572.006
37.184	874.163	572.098
37.540	874.250	571.497
37.080	874.507	571.450
37.294	874.515	571.548
37.379	874.211	572.001
37.246	873.741	572.356
37.530	874.084	571.479
37.162	874.537	570.977
37.150	874.171	571.161
36.878	873.607	571.546
36.959	873.737	571.724
37.044	873.602	571.901
36.901	874.282	572.207
36.768	874.085	572.219
37.006	874.132	572.221
37.019	874.105	571.505
36.590	873.581	571.783
36.973	874.306	571.617
37.082	874.246	572.025
36.689	874.012	572.576
36.704	874.050	572.423
36.790	873.945	572.510
36.864	874.118	571.941
37.219	874.197	571.816
37.452	873.982	572.322
37.352	874.290	571.833
37.006	874.343	571.757
36.550	874.559	571.854
36.477	874.794	571.725
36.442	874.738	572.053
37.256	874.553	571.654
36.996	874.785	571.710
37.245	874.605	571.438
36.933	874.402	571.620
36.911	873.752	572.156
37.371	873.775	572.170
37.050	874.536	571.929
37.646	874.208	571.543
37.315	874.800	571.826
37.312	874.225	572.428
37.033	874.130	571.613
36.616	874.357	571.047
36.971	873.914	571.758
36.890	874.130	571.271
36.647	874.029	572.122
37.151	874.361	571.638
37.000	874.270	571.836
36.576	873.856	572.077
36.603	873.768	571.393
36.316	874.530	571.940
36.841	874.295	571.879
36.806	874.384	571.855
36.632	874.878	571.844
36.880	874.808	571.254
36.702	874.140	571.781
37.030	873.814	572.274
36.994	874.635	571.611
36.955	874.630	572.696
37.406	874.972	571.901
37.898	874.488	571.503
37.244	873.995	571.263
36.736	874.097	571.671
36.503	874.072	572.125
37.109	873.571	572.472
37.131	873.865	572.402
37.043	874.287	571.476
36.963	874.035	571.690
36.992	873.822	571.837
36.953	874.096	572.088
37.066	873.959	570.969
37.073	874.256	571.058
37.337	874.094	571.266
36.891	874.035	571.762
36.634	874.890	570.978
37.092	874.276	571.469
36.875	874.480	571.627
37.284	873.811	572.094
37.213	874.528	571.495
37.536	874.535	571.201
37.397	874.529	571.415
36.710	874.544	571.699
37.669	874.564	571.703
37.515	874.706	572.175
37.406	874.782	571.651
37.317	875.062	571.997
37.347	874.306	571.778
37.540	874.158	571.729
37.650	874.291	571.248
36.920	873.416	571.376
37.562	872.927	571.406
36.926	873.425	571.704
36.676	873.283	571.989
36.391	874.244	572.029
36.914	874.374	571.597
37.021	873.957	571.876
36.516	874.202	572.466
37.136	874.327	571.818
37.101	874.418	571.857
37.310	873.973	571.474
37.039	874.283	571.079
36.452	874.291	571.119
37.011	873.897	571.435
36.488	874.717	570.733
36.626	875.035	571.330
37.088	874.860	571.801
36.972	874.835	572.331
37.375	875.135	571.639
36.777	875.376	571.805
36.896	874.329	572.112
36.881	874.398	572.035
37.726	874.185	571.919
36.997	874.133	571.947
36.859	873.385	572.333
37.351	873.660	571.338
37.043	874.433	571.150
37.007	873.853	571.591
36.632	873.784	571.691
36.910	873.740	571.427
37.484	873.281	571.600
37.216	874.154	571.302
36.838	874.735	571.186
37.140	874.339	571.417
36.764	873.587	571.730
37.049	874.278	571.876
37.376	874.364	571.547
37.317	874.111	571.798
37.418	873.851	571.814
36.909	873.510	572.302
36.957	873.887	572.303
37.010	874.428	571.667
37.112	874.091	571.896
37.559	874.075	572.169
36.983	873.245	572.387
36.644	873.351	572.379
36.653	873.877	571.580
36.534	873.840	572.381
36.451	873.590	572.574
36.812	873.639	572.261
37.276	873.489	572.248
36.983	873.625	571.962
36.957	874.102	571.790
36.762	874.539	571.839
36.279	873.779	571.848
36.698	873.783	571.782
36.678	874.077	571.764
36.723	874.173	572.517
37.085	874.135	572.053
36.753	874.534	571.822
37.099	873.958	571.936
36.970	874.490	572.204
37.298	874.037	572.040
37.226	873.322	572.315
37.224	873.667	571.850
37.091	873.787	571.851
36.750	874.298	572.436
37.029	873.987	572.512
36.840	873.045	572.520
37.367	873.156	572.301
37.314	873.633	571.988
37.134	873.947	572.027
36.870	873.422	571.910
36.698	873.894	571.759
37.131	873.537	571.818
37.048	874.498	571.699
37.511	873.659	572.305
36.973	873.698	572.577
36.945	873.369	572.116
37.378	873.632	571.793
37.418	874.248	571.622
37.379	874.359	571.901
36.912	873.421	571.650
37.244	873.404	572.029
37.006	873.308	572.276
37.413	874.318	571.867
37.062	873.826	571.972
36.850	873.658	572.772
36.292	874.200	572.554
37.129	874.682	572.524
36.946	874.459	572.583
37.101	874.281	572.331
36.857	873.844	572.513
36.905	873.612	572.639
37.480	873.708	572.336
37.350	874.223	571.514
36.870	874.259	571.627
36.866	873.807	571.900
37.054	874.464	571.720
37.129	874.338	571.970
36.953	874.179	571.781
37.317	873.943	571.817
37.267	873.858	571.997
36.948	873.685	572.162
37.233	874.335	571.911
37.242	874.127	571.892
37.266	874.111	571.958
36.713	874.594	572.035
36.814	874.318	572.059
37.184	873.893	572.286
37.323	873.798	571.905
36.871	873.997	572.055
36.301	874.151	571.729
37.402	874.053	571.881
37.427	873.825	571.912
37.215	873.733	571.480
36.972	874.493	571.171
36.917	874.053	571.460
36.479	873.745	571.266
36.918	874.221	571.516
37.134	874.197	572.089
36.402	873.619	571.410
36.732	874.048	571.464
36.593	873.441	572.026
37.288	873.270	571.628
37.172	873.063	572.289
36.867	873.952	572.172
37.318	873.980	572.051
37.402	874.932	572.021
36.568	874.567	571.889
36.661	874.807	572.188
37.183	874.553	571.880
37.323	874.747	572.312
36.790	874.357	572.477
37.361	874.443	572.018
37.131	873.943	572.187
37.374	874.256	572.114
36.887	873.736	571.865
36.820	874.257	572.844
36.846	874.548	571.752
36.657	874.504	572.247
36.902	874.205	572.166
36.862	874.388	572.230
37.110	873.414	572.035
36.586	873.818	571.614
36.539	873.878	572.209
36.948	873.976	572.540
37.254	874.534	572.351
36.746	874.045	572.362
36.454	874.087	572.372
36.820	874.720	571.361
36.819	874.534	571.638
37.408	874.684	571.973
37.583	874.503	572.414
37.446	874.904	571.741
37.135	873.836	572.169
36.616	873.952	571.951
36.800	873.772	572.287
36.870	874.452	571.699
36.842	874.058	572.356
37.458	874.120	572.155
36.827	873.958	572.182
36.838	873.958	572.442
36.982	874.356	571.787
36.281	874.059	571.671
37.103	874.314	571.636
37.262	873.935	571.141
37.100	874.134	570.963
37.238	873.396	572.078
37.076	873.916	571.434
36.691	874.074	571.558
37.133	874.026	572.057
37.331	873.608	572.148
36.919	874.281	571.586
37.138	873.991	571.918
37.094	874.082	571.618
37.239	874.628	571.556
37.419	874.798	571.739
37.109	875.612	572.045
37.569	876.119	571.742
36.729	875.279	572.120
36.768	874.905	571.543
36.530	874.853	572.263
36.630	875.067	572.169
36.990	874.516	571.899
36.614	875.117	571.562
36.885	874.265	571.491
36.678	874.339	571.967
36.781	874.767	572.032
36.757	875.019	572.021
36.814	874.817	571.981
36.967	874.202	572.497
37.276	874.414	571.417
36.779	874.375	570.758
36.822	874.382	571.136
36.737	874.341	571.557
36.608	874.519	572.069
37.052	873.992	572.121
37.182	873.371	571.937
37.061	873.782	571.457
37.154	874.771	571.110
37.260	874.493	571.440
37.380	873.559	571.700
37.156	873.882	571.384
37.476	874.157	571.149
37.526	874.239	571.772
37.242	874.167	571.886
36.845	874.390	571.284
36.534	874.783	570.824
37.307	874.262	571.651
37.609	874.016	571.820
37.305	874.345	571.482
36.362	872.964	571.994
36.703	873.873	572.040
37.314	874.565	572.393
37.176	874.858	571.107
37.346	874.628	570.915
37.147	874.291	571.627
36.388	874.024	572.012
36.504	874.757	571.855
37.254	874.510	571.290
36.804	875.374	570.787
37.272	874.743	571.434
36.569	875.030	571.146
37.348	874.727	571.125
37.681	874.494	571.149
36.375	874.012	571.215
37.083	874.113	571.518
37.068	874.209	571.503
37.084	874.337	571.899
37.031	873.566	571.896
36.737	874.045	572.441
37.059	874.105	571.999
37.072	874.466	572.090
36.795	874.105	571.868
36.595	873.821	572.857
37.122	874.301	572.235
36.883	873.475	572.242
36.931	873.392	571.644
36.958	873.346	571.525
37.207	873.657	571.597
37.212	874.011	572.165
36.399	873.891	571.948
36.702	874.618	572.075
36.588	874.214	572.236
37.260	874.249	571.833
36.802	874.373	571.997
37.276	874.222	571.662
36.637	874.402	571.521
37.182	874.875	571.088
36.837	874.849	571.449
36.887	874.669	571.019
37.338	874.031	571.807
37.121	873.889	572.158
37.314	874.338	571.506
37.176	874.215	571.957
36.977	874.382	572.399
37.633	873.868	571.995
37.627	873.929	571.638
37.063	874.272	572.080
37.044	873.796	572.036
36.890	874.272	571.641
36.655	874.066	571.791
36.676	874.351	571.966
36.962	873.414	572.526
37.253	873.817	572.453
37.088	873.896	571.284
36.683	874.039	571.581
36.953	873.426	572.336
37.149	874.169	571.505
37.369	873.916	571.360
36.908	873.805	572.026
37.386	873.819	572.263
37.107	873.994	571.705
36.772	874.119	572.334
36.941	874.683	571.679
37.317	874.500	571.857
37.685	873.992	572.004
37.447	873.686	571.974
37.206	874.327	571.968
36.660	874.560	572.220
37.153	874.297	572.766
37.433	873.627	572.836
37.388	873.723	572.908
37.627	873.696	572.346
37.253	874.146	571.696
37.307	874.701	571.114
37.297	875.114	571.560
37.202	874.545	572.022
37.487	875.070	571.787
37.241	874.344	572.236
37.346	873.745	571.589
37.154	874.115	571.764
37.344	874.084	572.052
37.573	873.683	572.172
36.834	873.759	572.646
36.573	873.899	572.320
37.517	874.054	571.906
37.171	874.213	571.596
37.833	874.092	571.629
37.143	873.877	571.166
36.808	874.108	571.085
36.918	873.889	571.212
36.938	874.105	571.289
37.071	873.451	571.617
36.969	874.209	570.892
36.716	874.384	571.483
36.597	873.665	570.777
37.204	873.710	570.593
37.233	873.786	571.392
37.068	874.394	571.849
36.655	874.202	572.247
36.957	873.659	571.970
36.887	874.055	571.805
37.023	874.139	571.414
36.944	873.926	571.273
36.917	874.120	571.964
37.619	873.598	571.787
37.482	874.095	571.865
36.693	873.705	572.301
37.224	874.091	571.987
36.860	873.528	572.153
37.501	874.346	571.100
37.632	874.100	571.014
37.336	874.579	571.092
37.170	875.027	571.064
37.056	874.182	572.049
36.899	874.226	571.394
36.799	874.137	571.147
36.590	874.190	571.483
37.160	874.075	571.550
36.852	874.323	571.179
37.056	873.908	571.540
37.251	874.241	572.250
37.307	874.571	571.889
37.243	874.607	572.260
37.596	874.575	572.038
37.146	874.045	572.381
37.343	873.792	571.910
36.881	874.392	572.477
36.772	873.615	572.329
36.589	873.992	572.231
36.686	873.980	571.533
36.969	874.088	571.819
37.087	874.158	572.209
36.787	874.540	571.591
37.033	874.577	571.928
36.941	874.171	571.819
37.391	873.880	572.280
37.299	873.996	571.703
37.523	874.325	571.303
37.012	873.534	571.359
37.203	873.712	571.856
37.124	874.064	571.522
37.269	874.222	572.208
37.299	874.091	570.931
37.341	873.654	571.206
37.379	874.727	570.586
37.441	874.773	571.064
37.008	874.430	571.447
37.007	874.190	571.407
37.261	874.769	571.034
36.908	874.103	571.874
36.744	874.549	571.615
37.210	874.628	571.972
37.018	874.967	571.585
36.873	874.464	572.085
37.463	874.319	572.248
37.160	873.886	571.783
37.138	874.073	572.055
36.766	874.441	571.953
37.097	874.053	571.908
37.313	873.770	572.054
36.711	873.674	571.570
36.991	874.353	572.367
36.966	874.189	571.464
36.936	874.180	571.477
37.092	874.493	571.678
37.193	873.362	572.059
37.144	873.211	572.002
36.690	873.194	571.785
37.101	874.124	571.544
37.009	873.968	571.791
37.059	874.104	572.023
36.848	874.750	571.554
37.228	874.561	572.218
37.257	874.787	571.244
36.919	874.134	571.747
36.876	873.886	572.033
37.056	873.774	572.251
36.987	873.963	571.607
37.059	874.617	572.044
36.719	874.936	571.731
36.922	874.481	571.805
36.999	874.207	571.625
36.896	874.143	572.406
36.794	875.135	571.796
37.189	874.996	572.046
36.767	875.076	571.499
36.721	874.061	571.698
36.532	874.216	571.674
37.392	873.812	572.433
37.063	874.108	571.883
37.235	874.222	572.014
37.043	873.739	572.192
37.135	873.829	571.976
36.880	874.318	571.225
36.602	874.406	571.487
36.612	874.028	571.520
37.079	874.112	572.085
37.312	873.828	572.190
37.325	874.562	572.043
37.283	874.379	572.127
37.142	873.749	571.504
37.302	873.685	572.560
37.552	874.134	572.292
37.309	873.491	571.949
36.651	873.651	571.632
36.497	874.074	571.207
37.497	874.346	571.027
36.718	874.248	571.441
36.279	873.360	572.773
36.511	874.073	571.496
36.797	874.022	571.154
37.069	873.945	572.070
37.033	874.099	572.679
36.784	873.545	572.788
37.249	874.272	572.483
37.093	874.015	571.440
36.873	874.435	571.348
36.716	873.773	571.202
36.752	873.858	571.509
37.257	874.192	571.349
36.910	874.131	571.312
37.155	873.311	571.640
36.459	873.982	572.071
36.776	874.294	572.105
37.094	874.613	571.829
37.440	874.526	571.622
37.014	874.595	571.237
37.008	874.507	571.647
37.486	873.976	572.517
36.807	874.165	573.090
37.836	874.012	572.151
36.932	874.186	571.902
37.288	874.007	572.072
37.210	873.907	571.913
37.165	874.109	571.805
37.267	874.399	571.025
37.074	874.283	571.196
36.394	874.202	571.152
37.116	873.415	571.954
37.105	873.066	572.133
36.636	874.266	571.576
36.730	874.127	572.395
36.736	873.521	572.591
37.434	873.939	572.635
36.951	873.691	572.921
37.180	873.556	572.785
36.735	874.352	573.045
36.876	873.751	572.986
36.852	874.561	572.199
37.192	874.996	571.468
36.712	873.998	571.906
36.966	874.743	571.754
37.663	874.254	572.122
37.182	874.617	571.405
37.266	875.251	570.757
36.827	875.032	571.366
37.338	874.844	571.870
37.424	874.587	571.550
37.385	874.135	572.216
37.274	874.267	571.927
37.463	873.921	571.974
37.192	874.244	571.985
36.931	874.318	571.616
37.162	874.447	571.860
36.747	874.268	571.962
37.562	874.107	571.888
36.737	874.148	571.646
36.919	874.475	571.772
36.878	874.808	571.849
37.231	874.658	571.508
36.946	874.482	571.488
36.918	874.240	570.866
36.770	874.016	571.814
36.895	873.906	571.794
36.789	873.854	572.042
37.395	873.731	571.860
37.132	874.081	571.910
36.994	874.226	571.701
36.950	874.782	571.585
37.500	874.383	572.764
37.112	874.515	572.020
37.225	874.963	571.722
36.512	874.279	572.925
37.244	874.636	572.302
37.825	874.554	571.371
37.087	875.034	571.021
36.772	874.523	571.418
37.357	874.268	571.327
37.398	873.713	571.579
37.728	874.320	571.390
37.120	874.238	570.589
37.315	873.716	571.674
36.828	873.827	572.098
36.712	874.509	571.747
36.750	874.913	572.103
36.884	874.861	571.550
36.954	874.416	571.590
36.905	873.726	572.184
37.095	873.999	571.877
37.241	874.497	571.957
37.110	874.079	571.792
37.262	873.908	571.613
37.059	874.375	571.522
37.190	873.849	571.652
37.028	874.281	571.823
37.101	874.251	571.427
37.286	873.984	570.959
37.379	873.931	570.781
37.077	873.761	571.629
36.846	874.401	571.617
37.091	873.955	571.798
37.017	874.356	571.398
36.850	874.027	571.720
37.024	874.892	571.674
37.023	875.024	572.016
36.980	874.622	571.777
37.258	874.199	571.777
37.487	874.211	571.414
36.960	874.336	571.232
37.114	874.225	571.162
37.443	874.286	570.949
37.322	874.706	571.576
37.148	874.930	571.994
37.510	874.686	571.969
37.224	874.326	571.818
37.106	874.765	571.729
37.131	874.474	571.972
37.294	874.872	571.451
37.426	874.872	571.015
36.991	874.825	571.213
36.875	874.000	571.845
37.401	873.757	572.069
36.870	873.890	571.801
37.166	873.947	572.399
37.075	874.455	571.688
36.968	874.222	571.317
37.228	874.082	571.080
37.398	874.203	571.226
36.585	873.378	572.643
37.323	873.459	572.522
36.945	873.811	571.924
37.134	874.007	572.257
37.038	874.084	571.635
36.621	874.056	571.713
37.077	873.767	571.588
37.182	873.619	572.413
37.086	874.070	572.251
36.650	873.929	572.019
36.777	874.198	571.549
37.020	873.514	571.961
36.915	874.037	572.300
36.511	874.305	571.914
36.698	874.291	571.857
36.907	873.994	572.443
37.073	873.948	572.179
37.331	874.679	570.755
37.205	874.864	571.157
36.833	875.476	570.774
37.344	875.220	571.079
37.389	874.516	571.604
36.741	874.477	572.562
36.866	873.724	572.835
37.104	874.293	572.668
36.852	874.398	572.231
37.494	874.077	571.690
36.794	874.606	571.696
36.639	874.640	572.098
37.128	874.287	572.301
37.205	874.072	572.064
37.242	873.880	571.750
37.198	874.152	572.193
36.946	874.260	571.921
36.813	873.423	572.016
37.026	873.398	571.829
36.764	873.725	571.895
36.983	874.941	571.552
37.364	874.937	572.109
37.342	874.557	571.817
37.321	874.946	571.266
37.046	874.150	571.202
37.066	873.959	571.149
37.243	874.465	571.476
37.992	873.941	571.706
37.256	873.854	571.691
37.604	874.705	571.138
37.411	875.155	571.192
37.058	874.522	571.096
37.366	874.569	571.341
37.429	874.813	571.196
37.462	874.644	571.699
37.203	874.673	571.994
36.869	874.361	572.221
36.703	874.363	572.342
37.040	873.684	572.462
36.425	874.191	571.936
36.828	874.117	571.877
36.752	874.091	572.315
36.435	873.702	572.899
37.014	873.867	572.251
36.775	874.376	571.826
36.802	873.842	572.335
36.988	873.868	571.911
36.893	874.285	571.722
36.705	873.310	572.555
37.095	873.366	572.333
36.667	873.196	572.021
37.126	873.056	571.952
36.957	873.825	572.104
36.949	874.120	571.923
36.864	874.492	571.893
37.248	874.568	571.638
37.634	874.881	571.589
37.608	874.973	571.737
37.187	874.708	571.655
36.822	875.012	571.490
37.431	874.689	571.179
36.420	874.519	570.918
37.152	874.470	571.744
37.204	873.940	572.170
37.329	874.089	571.888
36.557	873.874	571.816
37.047	873.713	571.581
36.928	874.084	571.386
37.147	874.066	571.624
37.128	874.278	571.625
37.293	874.175	571.811
37.059	874.446	571.635
36.982	874.002	572.166
37.014	873.463	571.942
37.429	873.876	571.271
37.479	874.290	570.988
37.560	873.898	571.691
37.204	874.276	571.395
36.776	874.074	571.086
36.581	874.540	571.512
36.671	874.961	571.826
37.272	874.376	572.276
36.689	873.884	571.807
36.273	874.690	571.907
36.947	875.058	571.563
37.302	874.194	572.082
37.165	874.270	571.870
37.675	873.502	571.546
37.135	874.286	571.575
37.230	874.380	571.975
37.016	873.604	572.026
37.287	874.024	571.902
37.590	874.756	571.847
37.387	875.239	571.614
37.241	874.328	571.473
37.155	874.230	571.741
36.622	874.580	571.604
37.300	875.431	571.767
37.151	874.770	572.292
37.272	875.234	571.839
36.738	875.062	571.744
36.947	874.641	572.375
37.116	874.507	571.458
37.046	874.135	571.249
36.706	874.740	571.155
37.450	874.828	571.099
37.059	874.361	571.371
36.869	873.956	571.327
36.851	874.026	571.280
37.226	873.702	571.313
37.110	873.807	571.239
37.172	874.235	571.042
37.424	874.088	571.324
37.342	873.762	571.853
37.333	874.245	571.797
37.014	873.607	571.656
36.788	874.458	571.850
36.769	874.220	571.590
36.956	873.698	571.617
36.733	874.940	571.825
37.339	875.428	570.701
37.697	874.689	570.698
37.708	874.935	571.143
37.195	874.060	571.762
37.180	874.461	571.657
37.083	874.543	572.132
37.299	874.669	571.229
37.099	874.349	571.138
37.499	874.299	571.539
37.044	874.335	572.621
36.813	873.647	572.806
37.201	873.879	572.292
37.086	873.848	571.897
37.502	874.383	571.679
37.076	874.117	571.863
37.415	874.384	571.871
37.671	874.472	571.878
37.568	874.245	571.527
37.345	874.030	571.692
37.219	874.546	571.250
37.001	874.110	572.246
37.593	874.379	571.731
37.407	874.695	571.855
37.004	874.678	571.127
37.218	874.615	571.153
37.464	874.648	571.464
37.093	874.177	571.721
37.627	874.169	571.777
37.114	874.273	572.001
36.890	874.088	571.757
36.795	873.645	571.432
36.739	874.344	571.494
36.654	873.521	571.460
36.681	874.041	571.478
36.668	874.213	570.913
36.902	874.835	571.339
36.238	874.752	571.095
36.551	874.827	571.621
37.114	874.985	572.000
37.046	874.615	571.887
36.515	874.592	571.822
36.920	874.402	571.508
37.064	874.198	571.777
36.155	874.161	572.237
37.353	873.380	571.827
36.808	873.583	572.259
37.186	873.634	572.529
36.847	873.707	573.097
36.704	874.291	572.363
36.750	874.457	571.771
36.864	874.248	571.504
36.800	873.903	571.157
36.512	874.293	570.910
37.168	874.451	571.020
36.164	874.933	571.355
37.028	875.204	571.393
37.232	874.981	571.396
36.680	873.965	571.660
37.128	873.507	571.262
37.115	873.505	570.921
37.113	874.331	571.610
37.275	873.995	571.747
37.413	873.855	571.638
37.232	873.727	572.277
37.191	874.439	571.961
36.962	874.912	572.058
37.096	874.010	571.923
36.751	874.383	572.207
36.952	873.932	571.832
36.920	874.529	571.120
37.198	874.908	571.288
37.651	874.802	570.635
37.608	874.909	571.364
37.619	875.094	571.319
37.226	874.850	571.032
37.247	874.025	571.078
37.367	873.802	571.140
37.126	873.977	571.232
36.970	873.639	571.177
36.687	874.335	571.537
37.185	874.141	571.906
36.798	873.750	571.767
37.147	874.193	571.735
36.841	873.958	571.837
36.728	874.268	571.889
37.092	874.133	571.993
37.217	873.878	572.063
37.402	874.754	571.817
37.648	874.601	571.745
37.528	875.025	571.047
37.806	874.340	570.752
37.140	874.207	571.469
37.143	873.862	571.460
36.592	874.567	571.244
35.859	874.345	571.372
36.424	873.846	571.467
36.884	874.342	571.985
36.960	874.192	572.304
37.095	873.687	571.581
36.776	874.103	572.519
37.112	873.946	572.324
36.856	873.969	571.816
37.264	873.979	571.777
37.533	874.161	571.605
37.541	874.745	571.774
37.108	874.962	571.329
36.556	875.218	570.408
36.184	874.660	571.094
37.189	874.788	571.784
37.562	874.777	571.875
36.985	875.128	571.704
37.101	874.547	571.968
36.830	874.503	572.369
37.297	874.554	571.478
37.328	875.547	570.864
37.227	875.059	571.392
36.974	874.519	571.494
36.799	874.417	571.649
36.643	873.227	572.018
36.891	873.766	571.606
36.661	874.092	572.219
37.160	874.169	571.816
37.273	874.002	571.943
37.324	873.911	571.288
37.481	873.825	571.067
36.892	873.414	571.692
36.647	874.805	571.294
36.729	874.409	571.994
37.281	874.113	571.595
37.551	873.830	570.938
37.298	873.733	571.118
37.072	874.031	571.217
37.069	873.879	571.169
36.639	874.504	571.582
37.495	874.590	571.763
37.542	874.429	572.060
37.430	874.419	571.627
36.747	874.147	572.039
36.601	874.071	572.038
36.923	873.764	572.049
37.461	874.179	572.006
37.203	873.742	571.542
37.350	873.932	571.543
36.806	873.611	572.410
37.112	873.772	572.369
37.198	873.863	571.968
36.695	874.251	571.791
37.027	874.402	571.876
37.147	874.392	571.787
37.384	874.013	572.091
36.843	874.426	572.108
37.068	874.093	572.154
37.164	874.287	572.119
37.059	874.069	572.247
37.299	873.668	571.990
37.006	873.631	572.184
36.874	873.652	572.544
36.954	873.959	572.555
36.964	873.880	572.510
37.093	873.886	572.861
37.394	873.822	572.316
36.864	873.593	571.756
36.939	873.619	572.209
36.966	874.194	571.842
37.382	874.234	572.396
37.005	874.349	572.182
37.202	873.666	571.715
36.688	874.424	572.083
37.063	874.363	571.514
37.536	874.329	571.436
37.666	873.773	570.535
36.746	873.973	571.279
37.469	874.282	571.266
36.945	873.913	571.038
36.799	873.818	572.042
37.276	873.896	571.824
37.043	873.746	571.765
37.026	873.799	571.804
37.317	873.501	571.746
36.870	874.500	571.851
36.877	873.985	572.028
37.310	874.127	572.155
36.758	873.448	572.567
37.030	873.738	572.239
37.060	873.984	571.953
37.120	874.152	571.465
36.915	873.992	571.331
37.483	874.385	571.385
36.997	874.195	570.973
37.273	874.784	571.165
37.470	874.431	571.556
37.177	873.946	572.230
36.738	873.789	572.356
37.194	874.167	571.993
36.929	873.582	572.097
37.308	873.540	571.592
37.023	873.887	572.226
36.698	873.702	572.487
36.196	874.207	572.207
36.979	874.699	571.588
36.652	874.757	571.755
37.300	874.856	571.731
37.331	874.706	571.866
37.198	875.067	571.665
36.966	874.923	571.420
37.708	874.687	571.087
36.918	874.674	571.378
37.111	874.525	571.659
37.042	874.602	572.199
37.192	875.145	571.727
37.319	873.920	571.856
37.145	874.682	571.910
37.259	874.929	572.236
36.271	874.898	572.381
37.283	874.847	571.978
36.974	874.529	572.047
37.299	874.823	571.890
37.057	874.831	571.988
36.890	874.399	571.993
37.071	874.305	571.661
36.950	874.164	571.873
36.878	873.857	572.054
37.192	874.882	571.832
37.313	874.970	571.464
37.034	875.460	571.336
36.995	875.008	571.388
37.011	874.709	571.360
37.384	874.711	570.834
36.640	875.217	571.234
37.149	874.238	571.921
37.241	874.507	571.663
36.935	875.390	571.736
37.127	875.605	571.557
37.347	875.139	571.380
36.952	874.926	571.589
36.763	875.005	572.253
37.317	874.689	571.493
36.838	874.396	571.290
37.297	874.728	570.793
37.253	874.588	571.157
37.546	874.441	571.553
37.198	873.784	572.455
36.894	873.837	572.020
37.002	874.640	571.582
36.773	874.268	572.057
37.056	874.234	572.174
36.966	874.418	571.268
37.072	874.075	571.405
37.139	873.983	571.170
36.689	873.939	571.666
37.153	874.301	572.053
37.079	874.245	571.400
37.106	874.706	570.418
37.376	874.733	570.830
37.238	874.581	571.552
37.219	874.668	571.922
36.350	875.074	571.802
36.681	874.220	572.305
37.121	873.817	571.694
36.600	874.064	572.150
36.439	874.531	572.092
37.094	873.886	572.498
36.591	873.892	572.687
37.177	874.084	572.390
36.742	874.101	572.366
36.912	873.406	571.859
36.682	873.500	572.152
36.806	873.053	572.575
37.368	874.110	572.310
37.554	874.162	571.958
37.367	873.687	571.854
37.126	874.444	571.703
36.721	874.398	571.635
37.517	874.095	571.990
36.839	874.247	572.187
37.536	874.493	572.089
36.899	873.964	571.658
37.333	874.203	571.461
37.196	874.177	571.435
37.121	873.921	571.426
36.758	874.241	571.307
37.396	874.182	571.651
37.199	873.870	571.785
37.091	874.393	571.662
37.307	873.714	571.969
37.173	874.248	571.967
37.518	873.714	571.992
36.948	874.484	571.259
37.050	873.735	571.064
37.104	874.345	571.516
37.392	874.066	571.447
37.032	873.600	571.866
37.022	874.507	571.560
37.140	874.636	572.344
36.795	874.759	571.930
36.924	874.748	572.056
37.213	874.219	572.198
37.243	874.606	572.138
36.713	874.644	572.231
37.032	874.845	571.909
37.348	874.279	571.794
36.659	874.172	571.828
36.975	874.183	571.734
37.506	874.117	571.897
37.190	874.261	571.628
36.766	874.090	572.011
36.929	874.751	571.450
37.358	874.638	570.921
37.229	874.789	571.242
37.582	874.692	571.150
37.004	873.865	571.534
36.749	874.233	571.952
36.967	873.804	571.745
37.491	873.948	571.530
36.868	873.579	572.023
36.536	873.659	571.730
36.450	873.982	572.280
36.558	874.418	571.980
36.932	874.500	572.345
37.538	874.917	571.595
36.963	875.104	571.656
37.257	874.556	572.292
37.099	874.357	572.372
37.003	874.399	571.998
37.436	874.251	571.155
36.671	874.370	571.172
37.158	874.345	571.501
37.127	874.126	572.178
37.108	874.551	571.802
36.808	874.820	571.915
37.280	874.286	571.883
36.794	873.740	572.411
36.817	874.095	572.201
37.101	873.393	572.948
37.440	873.544	572.304
37.274	874.459	572.044
37.300	873.583	572.133
37.165	874.584	572.038
37.075	875.168	571.539
36.917	874.676	572.103
37.108	874.961	571.902
36.988	874.019	571.982
37.072	874.694	571.062
36.441	875.178	570.744
37.408	875.365	571.540
37.333	874.747	571.490
37.205	874.302	571.539
36.995	874.000	572.345
36.744	873.910	572.695
37.173	873.925	571.720
37.395	874.062	571.452
37.228	874.124	571.115
37.098	874.030	571.337
37.141	874.624	570.934
37.367	874.173	571.779
37.333	874.299	571.572
37.004	874.505	571.145
37.220	875.123	570.929
37.327	874.790	571.132
37.256	874.771	571.584
37.406	874.507	571.358
37.162	874.850	571.306
36.756	874.654	572.090
37.138	874.697	571.564
37.361	874.590	571.581
36.606	875.172	571.615
37.036	874.235	571.723
37.413	873.918	571.669
37.450	873.870	571.739
37.532	874.302	571.660
36.773	874.314	571.778
36.972	874.270	571.763
36.919	874.115	572.230
37.198	874.140	571.864
36.988	874.331	571.916
37.432	874.675	571.602
36.632	874.486	572.677
36.979	873.875	572.391
37.201	873.487	572.075
37.148	874.552	571.585
37.145	874.830	571.408
37.350	875.046	570.902
36.998	874.725	570.740
37.638	874.714	571.134
36.920	874.795	571.818
36.984	874.757	572.100
36.827	874.023	572.166
37.437	873.687	571.814
37.282	873.585	572.224
37.409	874.242	571.831
37.177	873.886	571.814
37.273	874.882	571.582
37.468	874.317	571.990
37.391	874.788	571.532
37.352	874.751	571.865
37.396	874.784	571.948
37.337	874.110	572.086
37.431	874.019	571.503
37.329	873.883	572.367
37.414	873.918	571.935
37.290	874.184	571.616
36.791	874.349	571.850
36.958	873.643	571.483
37.248	873.824	571.119
37.266	873.953	571.100
37.053	874.092	571.541
36.869	874.646	571.714
36.816	874.365	572.415
36.943	873.880	571.975
36.757	874.453	571.933
36.976	873.758	571.365
37.391	874.137	570.631
37.044	874.390	571.227
36.768	874.161	571.622
37.093	874.433	571.376
36.796	874.268	571.522
37.367	874.023	571.395
37.191	873.722	571.381
36.953	874.108	571.395
37.117	874.136	571.617
36.941	873.910	571.459
37.241	873.355	571.670
37.416	873.456	571.916
36.828	873.797	571.987
37.079	874.121	572.321
37.161	874.701	571.420
37.400	874.461	571.909
37.160	874.336	571.719
36.939	874.406	571.658
37.320	873.547	572.229
37.598	874.471	571.800
37.315	874.024	571.586
37.446	873.827	571.367
37.213	873.635	571.428
37.059	874.238	571.339
36.885	873.958	570.950
37.450	874.277	571.106
37.224	873.806	571.510
37.334	874.423	571.404
37.242	873.725	571.353
36.950	873.366	571.594
37.055	873.669	572.380
37.389	873.578	572.063
37.200	874.935	571.839
36.921	874.623	571.604
37.317	874.772	571.391
36.508	874.205	571.345
37.086	873.879	570.898
36.434	873.696	571.576
37.655	874.135	571.214
36.584	873.908	571.637
36.700	874.688	571.950
36.769	874.851	571.503
36.668	874.550	572.092
36.623	874.387	571.668
37.093	874.449	571.538
36.921	874.242	572.038
36.669	874.397	571.564
36.842	873.923	572.570
37.250	874.507	571.978
37.230	874.116	572.109
37.076	874.434	571.623
36.903	873.880	571.874
37.303	873.776	572.529
36.955	873.742	572.676
37.398	874.274	572.633
37.410	873.889	572.394
37.109	873.743	571.769
37.322	874.196	572.017
37.458	873.412	572.349
36.763	873.212	572.093
37.189	873.913	571.643
36.912	874.234	571.981
36.930	873.852	572.359
37.099	874.201	571.819
36.924	874.177	572.160
37.220	874.245	571.518
36.748	873.682	571.498
36.525	873.986	571.795
36.954	874.955	571.696
36.599	874.470	571.907
37.114	874.269	571.580
36.806	874.341	572.577
37.279	873.889	572.289
36.831	874.508	571.153
37.043	874.786	571.091
37.287	874.656	571.146
36.656	874.535	571.689
37.055	874.837	571.167
36.896	874.467	571.551
37.297	873.779	572.073
36.883	874.066	572.274
37.088	874.397	571.878
37.441	874.089	572.379
37.558	874.016	572.136
36.685	873.843	571.739
36.955	873.796	572.408
37.118	874.112	571.898
36.816	874.602	571.442
36.847	874.073	571.830
37.059	874.590	571.574
37.213	875.010	572.036
37.398	874.605	571.650
37.682	875.042	571.297
37.845	874.480	571.010
37.378	874.263	571.016
37.079	874.611	571.531
36.897	874.832	571.999
36.964	874.822	571.830
36.963	874.299	572.523
37.292	874.481	572.114
37.186	873.942	571.652
36.789	874.781	571.458
36.350	874.816	571.123
37.133	874.679	571.652
37.036	874.901	572.108
37.303	874.377	571.853
37.307	874.143	572.062
37.187	874.278	572.185
37.172	873.535	571.604
36.993	874.151	571.795
37.221	873.846	572.117
37.078	873.891	571.835
36.670	874.278	571.878
36.872	873.043	572.011
36.891	873.621	572.048
37.379	874.206	572.090
37.050	873.905	571.845
36.890	874.087	571.790
37.069	874.248	572.154
37.090	874.141	572.362
37.380	873.895	571.547
36.970	874.171	571.754
37.014	874.227	571.436
36.653	873.643	571.647
37.091	874.402	571.593
36.955	873.907	571.844
37.024	874.116	571.975
36.751	874.155	571.388
36.462	873.801	571.187
36.771	874.398	570.677
37.006	873.934	572.050
37.255	874.552	571.990
36.624	875.040	571.989
36.878	874.706	571.851
37.206	874.870	571.767
37.244	874.810	572.071
37.051	874.428	572.026
37.141	873.857	571.645
36.923	874.094	572.110
36.950	873.951	572.145
37.315	873.976	571.240
37.776	873.148	571.187
36.790	873.641	571.350
36.489	874.294	570.870
36.761	873.564	571.600
36.831	873.671	572.128
37.205	874.348	571.675
37.400	873.732	572.371
36.850	874.541	571.608
37.036	874.798	571.531
37.190	874.269	571.720
36.540	874.077	572.075
37.260	874.752	571.524
36.810	874.601	571.406
37.246	874.937	571.315
37.025	875.192	571.089
37.325	874.358	571.465
36.732	874.494	571.529
36.818	873.839	572.491
36.530	873.433	572.667
36.927	873.651	572.432
37.094	873.268	571.449
37.223	873.510	570.881
36.659	874.031	571.391
37.070	873.819	571.314
37.201	874.074	571.409
37.153	874.496	571.286
37.037	874.014	571.264
36.405	874.400	571.303
37.288	873.687	571.187
36.777	874.089	571.151
36.960	874.702	571.118
36.774	874.353	571.721
37.170	874.685	571.113
36.430	875.247	571.374
36.959	874.412	571.540
36.826	874.442	571.400
37.162	874.111	571.417
36.473	874.086	571.432
36.857	874.552	570.803
37.363	874.170	571.697
37.155	874.440	571.836
37.188	873.851	571.999
37.351	874.215	571.280
36.822	873.844	571.605
36.867	874.149	571.886
36.810	874.375	571.668
37.082	874.394	572.006
37.196	874.129	571.905
37.361	874.107	571.939
37.298	874.448	571.872
37.351	873.981	571.142
37.479	873.582	571.238
37.439	873.985	571.281
37.461	874.474	570.667
37.161	874.281	571.613
37.249	873.920	571.929
36.804	874.151	571.672
37.180	874.456	571.447
37.230	874.809	570.965
37.197	874.479	571.933
36.947	874.138	572.205
37.063	874.021	571.734
36.973	874.861	570.828
37.155	874.511	571.393
37.065	874.455	571.205
36.642	873.836	571.766
37.216	873.833	572.206
37.457	874.506	571.893
37.155	874.051	571.681
36.873	874.524	572.049
37.246	874.322	572.056
37.091	873.367	572.445
37.177	873.887	571.617
37.199	874.161	571.567
37.284	874.613	571.682
37.058	874.408	571.994
36.935	874.027	572.346
37.073	873.763	571.047
37.112	874.075	570.683
37.466	874.619	571.162
37.086	874.187	571.863
37.224	873.496	572.134
37.052	874.417	571.789
36.408	874.255	571.531
37.005	873.511	571.935
36.994	873.736	572.301
37.079	874.412	571.838
37.038	873.345	572.591
37.152	873.915	571.748
37.652	874.045	571.475
37.625	873.588	571.621
36.921	873.495	571.945
37.525	873.884	571.852
36.739	874.309	572.098
37.529	874.217	571.965
37.440	874.069	571.967
37.182	873.704	572.674
36.938	873.676	572.533
36.643	874.206	572.367
37.096	874.446	572.113
37.061	874.238	571.734
36.997	874.356	571.958
37.075	874.378	572.243
37.294	874.155	571.638
36.887	874.164	571.887
37.543	874.340	571.750
37.324	874.372	571.527
37.091	874.352	572.355
37.254	874.659	571.196
36.357	874.869	571.566
37.135	874.541	571.868
37.461	874.523	572.126
37.283	875.070	571.886
37.350	875.296	571.062
37.205	874.796	571.023
36.366	874.823	571.319
36.104	874.590	572.594
37.508	875.198	572.592
37.698	874.588	572.179
36.854	874.310	571.629
36.462	874.287	572.189
36.540	874.135	571.867
36.576	874.124	572.519
37.506	873.916	572.503
36.431	873.742	572.359
36.683	874.577	571.229
36.665	874.646	571.019
36.805	874.250	571.660
37.064	873.822	572.210
36.860	875.035	570.819
37.322	875.462	570.946
37.585	874.588	571.130
36.779	874.404	572.351
37.104	873.877	571.674
36.891	873.376	572.121
37.084	873.376	572.159
37.136	874.086	571.026
37.221	874.118	570.934
37.237	874.130	570.990
36.713	873.719	571.512
37.203	873.855	572.324
37.115	874.129	571.937
37.308	873.850	572.363
37.266	873.887	571.803
36.812	874.201	572.731
36.841	873.961	572.753
37.120	874.299	571.950
36.953	874.064	572.316
37.248	874.476	571.575
37.125	873.835	572.344
37.439	873.907	571.773
37.064	873.908	571.906
37.107	873.827	571.881
37.586	874.885	571.414
36.804	874.921	571.534
37.216	874.716	571.743
36.631	873.928	572.710
36.517	874.448	572.053
36.991	874.651	571.343
37.006	874.642	571.578
37.347	874.402	572.249
37.162	874.386	571.816
37.177	873.949	572.452
36.965	874.492	572.059
37.574	874.564	571.693
37.534	874.630	572.390
36.857	875.190	572.165
37.424	875.240	571.863
37.558	874.467	571.620
37.302	874.113	571.758
37.104	873.956	571.952
37.295	874.034	571.848
37.147	873.938	571.945
37.363	874.240	571.933
36.491	874.109	572.134
37.380	873.851	571.767
36.607	873.961	572.775
36.753	874.003	572.399
37.704	874.478	571.382
37.044	874.334	570.823
37.107	874.364	571.459
37.459	874.062	571.589
36.978	874.425	571.294
37.100	874.042	571.630
37.276	874.375	571.574
37.103	874.273	571.805
37.007	874.260	571.509
37.071	874.678	571.661
37.071	875.347	571.851
37.075	874.151	571.832
36.981	873.938	572.358
36.934	873.922	572.449
37.273	874.206	571.633
36.565	874.040	571.924
36.819	874.312	571.404
37.019	874.580	571.363
37.099	873.930	572.403
37.056	873.710	572.149
37.483	874.115	571.830
37.182	874.237	571.640
37.044	874.609	571.821
37.435	874.470	571.684
37.290	873.876	572.206
36.904	873.721	572.368
37.102	874.055	571.936
36.875	873.579	572.947
37.271	873.826	572.491
36.942	874.337	571.619
37.291	874.210	571.729
37.101	873.804	571.887
37.128	874.492	571.817
36.776	874.446	571.702
36.646	874.117	571.925
36.989	873.911	571.943
36.910	874.039	571.874
37.810	873.969	571.985
36.887	873.465	572.280
36.814	873.474	571.826
37.081	873.663	571.326
37.086	874.308	571.388
36.969	874.325	571.611
37.056	874.284	571.945
37.216	874.303	572.236
36.987	874.475	571.610
36.988	874.115	571.418
37.159	874.001	571.141
37.233	873.336	571.442
37.350	873.032	571.301
37.430	873.263	571.391
37.119	873.235	571.265
37.167	873.310	571.482
36.915	873.653	571.346
37.574	874.277	571.101
37.134	873.353	572.075
37.269	873.828	571.974
36.915	873.716	572.237
36.855	873.911	571.796
37.315	874.422	571.767
37.277	873.959	572.218
36.827	874.092	572.120
37.039	873.993	571.558
36.957	874.152	571.900
36.786	873.317	572.503
36.937	874.137	572.369
37.194	874.466	571.531
37.357	874.155	571.888
37.438	873.737	571.775
37.042	874.060	571.714
37.279	873.530	572.513
37.154	873.413	572.490
37.096	872.844	572.460
36.842	873.850	572.123
36.605	874.500	571.218
36.686	873.620	571.799
36.593	873.985	572.525
37.094	874.283	572.549
37.164	873.967	572.304
37.226	873.985	571.977
36.969	873.727	572.429
37.193	873.721	572.194
37.191	874.126	571.763
36.938	873.490	572.091
37.024	873.726	571.942
37.145	873.873	572.122
36.674	874.318	571.673
37.279	873.497	571.865
36.774	874.279	571.911
36.804	874.216	572.190
37.559	873.635	572.176
37.384	874.330	572.017
37.386	873.822	571.851
37.087	873.969	572.030
37.195	874.801	571.735
37.213	875.437	571.401
36.863	874.900	570.908
37.214	874.200	571.425
37.608	874.500	570.947
37.069	874.380	571.499
37.049	874.240	571.153
37.225	874.118	570.636
36.784	873.791	571.436
36.821	873.681	571.638
37.190	874.670	571.477
36.801	874.842	571.903
36.878	874.089	572.520
36.927	874.506	572.517
37.451	874.428	572.601
37.293	874.335	572.359
37.388	873.609	571.806
37.355	874.478	571.946
37.122	874.289	572.033
37.055	874.277	572.389
37.290	874.258	571.897
37.060	873.792	572.140
36.843	873.306	573.325
37.229	873.617	572.796
37.267	873.846	572.430
36.789	874.781	571.913
37.196	873.971	572.218
37.115	873.790	571.660
36.791	874.062	571.954
36.626	873.868	572.198
36.724	873.739	572.019
37.027	874.095	571.737
37.153	873.596	572.346
37.302	873.351	572.271
37.156	873.953	571.934
37.375	873.380	572.197
37.209	873.233	571.893
37.162	874.247	571.357
36.595	874.378	571.555
36.673	874.668	571.796
37.113	874.533	571.972
37.001	874.477	572.116
37.352	874.017	572.384
36.674	874.146	571.639
36.968	873.793	572.220
37.034	873.614	571.990
36.974	874.147	571.016
36.817	874.395	571.289
36.636	873.526	571.010
37.623	874.087	571.289
37.248	874.446	571.251
36.505	873.777	571.927
37.182	873.899	571.734
37.165	874.917	571.353
36.877	874.405	571.634
37.355	874.334	571.505
37.421	874.651	571.461
36.855	874.680	571.628
37.284	874.188	571.975
37.040	874.402	571.727
37.352	874.063	571.867
36.991	874.273	571.972
37.254	873.909	571.895
37.068	873.754	571.866
37.267	873.660	572.049
37.442	874.284	571.986
37.157	874.078	571.358
37.308	874.476	571.184
37.104	874.665	571.411
37.257	874.327	571.290
37.194	874.272	571.668
37.378	874.034	571.240
36.817	873.295	571.581
37.063	873.494	571.832
36.881	874.039	571.593
36.836	874.096	571.954
37.522	874.238	571.744
37.528	874.205	571.878
37.144	873.885	571.648
37.360	873.823	571.715
36.833	874.051	571.882
37.020	874.546	571.337
36.853	875.469	570.971
37.142	874.662	571.576
37.045	874.255	571.821
37.133	874.175	572.058
36.836	874.508	571.850
37.302	874.654	572.052
36.847	874.580	571.614
37.448	874.744	571.732
37.455	875.129	571.658
37.242	874.787	571.584
37.004	874.418	571.904
36.776	874.079	572.087
36.529	873.980	571.811
36.514	874.812	571.625
36.729	874.989	572.040
36.981	874.317	571.812
37.113	874.024	571.231
36.745	873.777	570.688
36.615	873.971	571.711
37.471	874.747	571.802
37.181	875.219	572.081
37.236	874.474	572.104
37.180	873.940	572.144
36.951	874.016	572.211
37.275	874.883	571.390
37.035	875.297	571.399
36.969	874.743	571.829
37.101	874.392	572.373
36.792	873.529	571.909
37.419	874.344	571.867
36.929	873.883	572.351
36.826	874.115	571.872
36.703	874.003	571.360
36.862	874.288	570.938
37.004	873.972	571.309
36.726	873.984	571.091
36.582	874.458	572.108
36.782	873.587	572.381
37.195	873.486	571.954
36.851	874.071	572.414
