35.489	873.114	572.529
35.525	873.781	572.540
35.765	873.679	572.429
35.305	873.406	572.878
35.061	873.419	572.225
35.072	873.358	572.512
35.404	872.945	572.552
35.563	873.446	572.648
34.981	873.248	572.625
35.052	873.098	571.948
35.241	873.087	573.383
35.292	873.737	572.749
35.054	873.260	573.179
35.334	872.945	573.056
35.334	873.028	572.636
35.382	872.934	572.502
35.200	872.998	573.094
35.121	873.279	573.124
35.096	872.547	572.819
35.211	872.783	572.853
35.594	873.004	572.981
35.293	873.068	572.706
35.441	872.892	572.839
35.406	872.696	573.126
35.136	873.190	572.666
35.346	873.014	572.598
35.305	873.478	572.812
35.376	873.199	572.323
35.512	872.832	571.872
35.209	873.541	571.822
35.309	874.071	572.414
35.293	872.810	572.724
35.411	873.023	573.297
35.487	873.423	572.505
35.324	873.018	572.989
35.083	873.283	572.406
35.419	873.241	572.099
35.068	873.323	572.118
35.291	873.014	572.448
35.123	872.765	572.888
35.277	873.685	572.679
35.180	874.803	573.086
35.237	874.024	572.797
35.219	873.374	572.854
35.059	873.383	573.163
35.701	872.697	572.980
35.440	872.711	573.351
35.392	873.008	573.212
35.192	873.632	573.026
34.884	873.698	572.393
34.963	873.990	572.801
35.308	873.872	573.351
34.703	873.451	573.781
35.315	873.602	573.152
35.461	873.359	572.477
35.302	872.652	571.716
35.310	872.447	572.171
35.577	872.392	572.025
34.789	873.732	572.251
35.215	873.270	572.131
35.219	872.857	573.157
35.213	873.654	572.643
35.441	873.021	572.867
35.501	872.547	573.085
35.225	873.406	572.216
35.273	873.489	572.329
34.951	873.195	572.758
35.226	872.800	572.704
35.064	873.196	572.500
35.434	874.051	572.079
35.318	873.584	572.354
35.185	873.901	572.659
35.080	873.472	573.774
35.383	873.142	573.749
35.510	873.037	573.078
35.297	872.731	573.167
35.738	872.876	572.686
35.136	873.201	572.449
35.354	872.873	572.579
35.544	872.675	572.892
35.585	873.280	572.120
35.344	872.649	572.468
34.979	872.868	573.909
35.074	873.253	572.564
35.294	873.312	572.563
35.410	873.108	573.177
35.129	873.396	572.752
35.420	873.014	572.360
35.111	873.327	572.278
35.221	872.941	572.660
35.317	873.068	572.816
35.034	873.587	572.265
35.597	873.948	572.568
35.237	873.676	573.229
35.156	873.772	572.553
35.037	873.633	572.866
35.421	873.158	573.313
35.084	872.896	572.274
34.861	872.972	573.086
35.411	873.078	572.983
34.954	873.747	572.356
35.052	873.306	572.739
35.378	873.584	572.740
35.237	873.387	573.135
35.803	873.273	572.324
35.118	873.064	572.534
35.366	873.142	572.977
35.496	873.475	572.580
35.302	873.293	572.753
35.221	872.689	573.215
35.137	872.812	572.871
35.284	873.728	572.544
35.203	872.837	572.763
35.540	873.118	573.479
34.947	873.247	572.936
35.321	872.448	573.081
35.010	873.237	573.135
35.177	873.192	572.384
35.521	872.535	571.839
35.256	873.313	572.544
35.168	874.101	571.901
35.049	873.418	572.699
35.451	873.179	572.858
35.449	873.001	573.161
35.430	873.068	573.013
35.152	872.586	573.341
35.093	873.585	572.411
35.041	874.100	572.068
35.350	873.343	571.977
35.394	873.661	571.812
35.113	873.937	572.775
35.423	873.589	572.711
35.066	874.019	572.794
35.571	873.245	573.158
35.412	873.320	572.779
34.642	873.240	573.487
35.105	873.397	572.539
35.184	873.339	573.195
35.375	873.613	572.631
35.618	873.684	572.996
35.279	873.289	572.996
35.633	872.272	573.137
34.991	873.079	573.012
35.478	872.662	573.144
35.102	873.197	573.011
34.914	873.086	572.232
35.114	873.553	572.651
35.526	873.379	573.718
35.498	873.589	573.190
35.291	873.351	573.654
35.403	873.551	573.418
35.184	873.419	573.008
35.319	873.291	572.419
35.138	873.359	572.469
35.365	872.737	572.356
35.046	873.511	572.774
35.572	873.278	573.483
35.464	873.328	572.637
35.382	873.039	572.661
35.254	872.996	573.002
35.221	872.872	573.168
35.301	873.193	572.944
35.123	873.601	572.661
35.088	873.371	573.118
35.361	872.680	573.512
35.060	872.890	573.616
35.053	872.667	573.384
35.243	872.858	572.927
34.963	873.679	573.107
35.501	873.689	572.526
35.303	873.114	573.563
34.928	873.234	573.408
35.444	873.039	572.361
35.029	872.479	573.453
35.277	872.473	572.229
35.014	873.044	572.031
35.198	872.892	573.244
35.355	873.081	572.829
35.058	873.360	573.239
35.072	872.835	573.637
35.250	872.476	573.211
35.453	872.241	573.381
35.397	873.102	572.997
35.278	873.146	572.595
35.688	872.931	572.830
35.472	873.345	572.880
35.397	872.575	573.364
35.449	872.755	573.140
35.249	873.079	572.549
35.201	873.058	572.877
35.111	873.136	572.649
35.568	872.488	573.029
35.556	872.489	572.203
35.133	872.426	572.822
34.796	873.295	573.103
35.102	873.410	572.624
35.399	873.506	572.386
35.109	873.157	572.964
35.435	872.794	573.296
35.310	873.093	572.885
35.564	874.070	571.900
35.457	873.730	571.744
35.075	872.949	572.760
35.112	873.629	571.797
34.998	872.772	573.189
35.115	873.001	572.898
35.416	872.411	573.175
35.341	872.905	572.851
35.279	873.382	572.643
35.307	873.575	572.256
35.295	872.985	573.263
35.401	872.988	573.185
34.968	873.044	572.379
35.455	873.409	572.057
35.283	872.686	572.544
35.543	872.406	573.456
35.317	872.843	572.936
35.438	872.984	572.937
35.197	873.436	572.701
35.163	873.635	572.639
35.376	873.986	572.589
35.339	873.314	574.143
35.359	872.841	573.609
35.221	873.385	572.657
35.261	872.833	572.915
35.134	872.628	573.376
35.369	872.593	573.130
35.461	873.159	572.907
35.470	873.533	572.812
35.165	873.421	572.874
35.817	873.196	572.733
35.359	872.718	572.680
35.060	873.809	572.425
35.070	873.322	572.766
35.228	873.722	572.430
35.421	873.256	572.933
35.312	873.194	572.772
34.966	873.256	573.015
35.027	873.452	572.719
35.120	872.343	572.326
35.315	872.744	571.881
35.688	873.060	572.178
35.398	872.887	572.670
35.110	872.997	573.848
35.493	872.979	573.733
35.050	873.355	573.539
35.237	874.124	572.877
35.443	874.179	571.958
35.566	873.849	572.105
35.055	873.247	572.508
34.813	873.252	571.904
35.561	873.597	571.893
35.246	873.498	572.237
35.327	873.273	571.661
35.445	872.948	572.525
35.526	873.100	572.323
35.272	873.129	572.231
34.726	874.105	572.454
34.930	873.144	572.749
35.698	872.709	573.166
35.283	873.672	572.270
35.027	873.165	572.945
35.430	872.926	572.965
35.390	873.327	572.593
35.267	872.806	573.021
35.305	873.054	573.206
35.171	873.622	572.632
35.238	874.468	572.595
35.426	874.159	572.215
35.023	873.368	573.331
35.220	873.277	573.732
35.414	872.395	574.050
35.600	873.289	572.788
35.363	873.227	572.506
35.150	872.621	572.775
35.504	873.024	573.078
35.225	873.227	573.063
35.128	873.649	572.885
35.439	873.094	572.806
35.551	872.985	572.794
35.065	873.040	573.048
35.491	872.846	572.374
35.043	873.482	572.751
35.350	873.262	572.856
35.004	873.036	573.462
35.023	872.621	573.491
35.351	873.307	572.305
35.147	872.859	572.864
35.214	873.560	573.307
35.205	873.964	572.523
35.253	873.342	573.480
35.422	872.303	572.803
35.762	872.432	572.770
35.469	873.230	572.972
35.298	873.875	571.692
34.942	873.636	572.257
35.116	873.426	572.938
35.438	872.532	573.672
35.426	872.929	573.991
35.347	873.266	573.229
35.013	873.408	572.537
35.641	872.851	572.311
35.230	872.436	572.431
35.185	871.724	572.791
34.856	873.299	572.837
35.541	873.090	572.190
35.420	872.651	571.892
35.345	872.659	572.733
35.010	873.277	573.387
35.325	872.841	573.112
34.965	872.972	572.692
35.341	872.750	573.241
35.569	873.441	572.827
35.356	874.064	572.389
35.573	873.035	572.369
35.201	873.133	572.525
35.250	872.716	572.963
35.372	873.206	572.482
35.363	872.677	572.372
35.392	872.492	572.939
35.087	872.854	571.910
35.378	873.016	572.275
35.113	873.697	572.036
35.229	873.821	572.983
35.292	872.729	573.337
35.201	873.167	573.025
34.936	874.064	572.559
35.562	873.272	572.389
35.284	873.214	571.623
35.636	873.007	573.027
35.548	872.860	572.796
35.424	872.816	572.778
35.239	872.966	573.355
34.977	873.658	572.769
35.314	873.744	572.772
35.571	873.904	572.364
35.294	873.440	572.442
35.460	872.243	573.274
35.569	873.017	572.557
35.111	872.861	572.177
35.155	872.542	572.717
35.318	873.035	572.416
35.028	873.222	572.813
35.503	872.613	573.265
35.267	873.292	573.261
35.171	873.286	573.248
35.695	873.376	572.669
35.450	873.348	572.772
35.369	873.304	572.779
35.520	873.292	572.822
35.268	872.588	572.709
35.513	873.483	571.836
35.529	872.281	572.756
34.966	872.626	572.602
35.129	873.090	573.749
35.882	873.025	572.404
34.804	873.005	572.230
35.370	872.658	572.644
35.094	873.310	572.916
35.346	873.226	573.114
35.473	872.923	572.596
35.710	872.916	572.882
35.065	873.570	572.686
35.591	873.880	572.826
35.681	873.194	573.208
35.143	873.384	573.084
35.054	872.751	573.232
35.220	873.602	573.016
35.328	873.509	573.288
35.627	873.717	572.147
34.962	873.758	572.665
35.376	873.515	573.349
35.585	873.151	572.815
35.170	873.028	572.695
35.595	872.958	572.260
35.153	872.866	572.053
35.279	873.320	572.118
35.429	873.176	572.244
35.191	872.433	572.596
35.482	872.496	573.141
35.534	872.477	572.352
35.484	871.735	571.979
35.439	872.706	572.458
35.551	873.251	571.665
35.601	872.606	572.655
35.361	873.079	572.383
34.860	873.230	572.622
35.290	873.225	573.142
35.201	873.013	572.804
35.663	872.789	573.055
35.219	872.258	573.269
35.500	872.591	572.453
35.227	873.684	572.127
35.723	873.644	573.155
35.674	873.292	573.158
35.280	873.221	572.612
35.435	873.102	572.816
35.463	872.041	573.250
35.290	872.807	573.007
35.249	873.381	572.858
35.515	873.595	572.993
35.443	873.371	573.042
35.493	872.669	573.327
35.162	872.379	573.171
35.740	872.470	572.556
35.811	873.211	572.257
35.361	872.556	572.148
34.789	872.703	572.797
35.248	872.685	572.772
35.458	873.022	572.513
35.350	872.959	573.263
35.420	872.581	572.784
35.413	872.756	572.493
35.406	872.434	572.939
35.342	872.854	572.623
35.056	872.681	573.060
35.493	872.782	572.697
34.899	873.405	572.720
35.434	873.100	571.743
35.330	872.966	572.123
35.364	873.030	572.208
35.604	872.783	572.335
35.093	872.561	572.828
35.779	872.797	572.736
35.469	872.935	572.913
35.464	872.420	572.750
35.162	872.407	572.736
35.770	872.880	572.878
35.608	872.285	572.504
35.530	871.733	572.794
35.253	872.886	572.391
35.198	873.160	572.404
35.585	872.877	573.394
35.385	873.056	572.638
35.819	872.254	572.879
35.473	872.686	572.767
35.294	872.993	573.075
35.354	872.973	573.190
35.163	873.581	572.896
35.847	872.350	573.094
35.293	871.919	572.756
35.154	873.136	572.492
35.359	873.453	572.207
35.411	872.765	572.335
35.110	873.639	572.334
35.466	872.971	573.298
35.226	872.530	573.570
35.661	872.844	573.300
35.485	872.916	572.385
34.878	873.023	573.405
35.435	873.371	572.776
35.544	873.502	572.180
35.471	873.597	572.517
35.021	872.957	573.105
35.395	873.174	573.560
35.742	873.294	573.207
35.282	873.054	572.733
35.445	873.367	571.942
35.235	873.378	572.398
35.538	872.843	572.644
35.708	873.178	572.550
35.537	872.279	572.444
35.284	872.415	572.573
35.443	873.172	572.675
34.968	873.705	572.599
35.425	873.516	573.027
35.599	874.125	572.568
35.470	872.860	573.050
35.616	873.186	572.380
35.411	873.398	572.217
35.644	872.647	572.350
35.330	873.256	571.929
35.207	872.787	573.671
35.379	872.236	573.239
34.916	872.646	572.926
35.646	872.878	572.955
35.584	872.425	572.832
35.283	871.974	573.220
35.381	871.982	573.114
35.441	872.531	572.632
35.041	873.646	572.932
35.328	873.663	572.874
35.282	873.982	572.803
35.386	874.016	572.979
35.454	873.847	572.195
35.742	873.940	572.154
35.313	873.467	572.409
35.521	873.040	572.147
35.302	873.322	572.350
35.561	872.744	572.811
35.248	872.762	573.084
35.160	873.576	573.308
35.260	873.561	572.455
35.377	873.113	573.372
35.612	872.899	572.834
35.259	872.554	573.146
35.756	872.887	572.584
35.545	873.220	572.190
35.464	872.503	572.306
35.463	872.746	572.817
35.155	872.676	572.427
35.265	872.748	572.512
35.070	872.840	573.780
35.268	872.736	573.698
35.797	873.426	573.086
35.609	872.811	572.515
35.092	873.654	572.807
35.156	873.915	572.841
35.533	873.367	573.102
35.542	872.665	572.794
35.701	873.189	572.232
35.442	873.068	572.051
35.418	873.339	572.139
35.534	872.808	572.571
35.373	873.455	572.849
35.692	872.869	573.228
35.474	872.792	573.351
35.355	873.538	573.210
35.733	874.101	572.361
35.362	873.197	571.976
35.109	873.183	571.876
35.585	873.735	572.084
35.447	873.624	572.567
35.438	872.699	573.143
35.621	872.865	572.626
35.441	872.930	572.686
35.757	873.530	572.177
35.482	873.080	572.465
35.521	872.664	572.374
35.255	872.596	572.466
35.741	873.673	572.321
35.347	873.886	572.217
35.105	873.563	572.713
35.290	873.039	573.122
35.500	873.056	572.906
35.079	872.732	572.736
35.153	873.320	572.208
34.895	873.300	572.658
35.279	873.356	572.680
35.607	873.666	572.428
35.532	873.584	573.070
35.403	873.215	573.082
35.425	873.221	572.884
35.212	873.293	573.107
35.286	873.116	573.110
35.584	872.905	573.215
35.494	873.319	572.347
35.154	872.521	572.328
35.136	873.426	571.859
35.796	873.280	572.394
35.197	872.696	572.365
35.370	872.630	572.690
35.374	873.739	572.540
35.442	873.711	572.377
35.577	873.067	572.730
35.471	871.847	573.098
35.100	872.640	572.553
35.322	872.913	572.496
35.258	872.794	571.967
35.630	872.921	572.498
35.234	872.804	572.466
35.088	872.532	572.790
35.513	872.946	571.657
35.375	872.942	572.487
35.423	872.757	572.564
35.426	872.412	573.613
35.830	872.678	572.804
35.410	873.651	572.412
35.484	872.600	572.656
35.326	872.990	572.905
35.207	873.536	572.790
35.229	873.804	572.497
35.060	873.978	572.026
35.452	873.505	572.572
35.386	873.354	572.273
35.316	873.134	572.911
35.277	872.974	572.612
35.083	872.606	573.069
35.191	873.161	572.962
35.642	873.207	572.824
35.439	872.813	572.914
35.262	873.213	572.126
35.449	873.147	571.962
35.176	873.159	572.826
35.508	872.583	573.099
35.649	872.789	572.787
35.381	872.993	572.329
35.389	873.131	572.469
35.551	872.758	572.352
35.304	872.679	572.748
35.116	872.890	572.928
35.293	872.632	573.136
35.425	873.397	572.272
35.653	873.158	571.804
35.605	872.648	572.929
35.259	873.055	571.860
35.367	873.116	572.202
35.676	872.625	572.320
35.642	872.489	572.464
35.336	872.919	572.287
35.119	872.769	572.550
35.747	873.656	572.687
35.387	874.139	572.472
35.492	873.163	572.479
35.316	873.591	572.578
35.548	873.205	572.696
35.060	873.445	572.079
35.057	873.107	572.438
35.596	872.626	572.222
35.064	873.100	572.366
35.255	873.096	571.652
35.083	873.514	572.018
35.259	873.122	572.669
35.321	872.866	572.058
35.067	872.410	572.727
35.411	872.487	572.679
35.286	872.672	573.028
35.409	873.083	572.818
35.673	873.152	572.684
35.531	872.986	572.918
35.701	873.003	573.131
35.149	873.325	573.208
35.490	873.217	572.370
35.161	872.581	573.178
35.422	873.091	572.777
35.404	872.896	571.823
35.342	873.257	572.080
35.335	872.836	572.028
35.099	872.666	572.860
35.475	872.746	573.463
35.431	872.714	573.020
35.431	872.516	573.471
35.588	873.382	572.621
35.343	873.135	572.326
35.467	872.938	571.898
35.328	873.132	572.531
35.145	872.998	572.921
35.550	872.712	572.619
35.391	873.182	572.945
35.669	872.238	573.261
35.118	872.843	572.898
35.169	872.659	573.205
35.349	872.561	572.496
35.565	872.760	572.837
35.340	873.267	573.044
35.182	873.715	572.656
35.303	873.445	572.750
35.691	873.172	572.375
35.287	872.444	572.812
35.547	872.226	573.116
35.695	872.546	572.432
35.307	873.503	571.797
35.009	874.052	572.333
35.422	873.792	572.717
35.826	873.480	572.165
35.283	873.051	572.389
34.997	872.761	571.692
35.750	872.759	572.375
35.550	873.144	571.943
35.373	872.721	571.494
35.286	872.359	572.423
35.617	872.216	572.307
35.462	872.492	571.843
35.684	871.871	572.127
35.605	872.722	571.695
35.376	872.909	572.297
35.459	872.676	571.955
35.490	872.227	572.257
35.006	872.117	572.556
35.535	872.394	573.179
35.403	872.496	573.242
35.561	872.682	572.552
35.734	873.440	571.666
35.335	872.819	572.682
35.527	873.436	572.891
35.533	873.464	572.322
35.673	873.150	571.967
35.421	873.460	572.020
35.574	873.448	571.578
35.593	872.861	572.263
35.418	872.043	572.537
35.875	872.501	572.872
35.392	873.834	572.590
35.176	873.042	572.246
35.434	873.188	572.612
35.223	873.428	572.762
35.325	872.277	573.513
35.403	871.417	574.071
35.669	871.726	573.114
35.134	872.275	572.825
35.441	871.922	572.843
35.390	872.296	572.833
35.389	872.416	573.167
35.350	872.218	573.098
35.578	872.199	572.557
35.334	872.640	572.837
35.437	873.413	572.478
35.145	873.797	573.098
35.693	873.574	572.568
35.506	873.082	573.655
35.843	873.662	572.973
35.819	873.812	572.463
35.872	873.628	572.451
35.545	872.916	572.346
35.213	872.007	572.008
35.614	872.488	572.318
35.309	872.706	572.441
35.533	873.392	572.373
35.382	872.171	572.801
35.475	872.546	572.865
35.598	872.973	572.695
35.264	873.372	573.046
35.780	872.932	572.372
35.420	872.616	572.525
35.527	873.346	571.928
35.489	873.678	572.341
35.599	873.860	571.576
35.436	874.084	572.018
35.249	873.617	572.766
35.183	873.809	572.846
35.687	873.234	572.627
35.349	873.317	572.402
35.397	872.590	572.835
35.462	872.714	573.093
35.649	872.923	572.953
35.298	873.284	572.140
35.505	873.167	572.615
35.133	873.468	572.294
35.175	872.802	572.934
35.221	872.308	573.420
35.401	872.556	572.728
35.337	874.010	572.098
35.255	873.708	572.565
35.674	874.022	572.336
35.796	873.273	572.164
35.238	873.318	571.640
35.322	872.976	572.200
35.439	873.046	571.992
35.474	873.034	572.344
35.138	873.371	572.311
35.562	873.071	572.222
35.721	872.992	572.137
35.310	873.183	572.541
35.302	873.453	572.774
35.239	872.816	572.641
35.715	872.788	572.407
35.192	873.203	571.967
35.438	873.607	572.159
35.230	873.047	572.603
35.457	872.629	572.944
35.507	872.831	572.482
35.648	872.698	572.397
35.628	873.412	572.526
35.519	872.514	572.639
35.746	872.995	572.050
35.537	872.704	572.109
35.141	873.613	572.126
35.372	874.480	571.911
35.567	873.997	571.893
35.705	873.581	572.034
35.526	873.900	572.333
35.396	873.803	572.470
35.749	873.699	571.869
35.130	873.398	572.796
35.535	872.938	572.887
35.618	872.984	572.706
35.683	873.223	572.364
35.652	872.770	572.088
35.414	872.887	572.436
35.382	873.966	571.701
35.531	873.071	572.386
35.290	872.228	572.769
35.237	872.620	573.235
35.601	873.831	572.971
35.278	873.673	572.909
35.398	873.457	573.027
35.845	872.961	572.481
35.630	873.365	571.817
35.553	872.961	573.106
35.499	873.110	572.640
35.429	872.779	572.771
35.622	873.430	573.025
35.587	873.612	571.948
35.203	873.421	572.125
35.469	873.201	571.954
35.403	873.090	571.904
35.176	873.611	572.172
35.446	873.068	572.794
35.385	873.738	572.673
35.358	874.197	571.649
35.572	873.666	572.033
35.482	873.436	571.622
35.092	872.730	572.895
35.595	873.558	573.365
35.624	873.562	572.616
35.535	872.938	572.781
35.764	873.496	572.676
35.743	872.406	573.108
35.595	872.421	573.083
35.687	872.796	572.626
35.221	874.440	572.253
35.506	873.926	571.762
35.721	873.118	572.296
35.405	873.304	572.189
35.442	873.138	572.567
35.260	873.398	572.841
35.179	873.217	572.727
35.480	873.439	572.147
35.588	872.220	571.973
35.400	873.027	572.559
35.472	872.834	571.854
35.473	872.892	572.829
35.358	873.196	572.862
35.377	873.407	571.853
35.242	874.170	571.547
35.537	873.424	572.179
35.131	873.142	572.644
35.197	872.983	572.805
35.857	873.470	572.734
35.714	873.411	572.304
35.490	873.178	572.300
35.345	873.192	572.449
35.408	872.981	572.483
35.667	873.634	571.872
35.416	874.148	572.339
35.718	874.101	571.358
35.437	873.566	571.919
35.810	873.391	572.041
35.446	873.020	572.347
35.366	873.623	572.550
35.899	874.270	572.523
35.622	873.831	572.621
35.419	873.657	572.323
35.169	874.184	572.639
35.377	873.908	572.351
35.609	874.551	571.616
35.585	873.972	571.867
35.772	873.609	572.534
35.661	873.276	573.016
35.714	873.765	572.262
35.058	874.278	572.240
35.249	873.209	572.461
35.523	873.090	572.658
35.431	873.702	572.710
35.572	873.556	573.272
35.767	873.065	573.011
35.501	873.043	573.182
35.401	872.922	572.722
35.476	872.669	572.770
35.875	873.712	572.442
35.638	874.301	572.110
35.795	874.292	572.113
35.416	873.424	572.327
35.741	872.950	572.356
35.393	872.806	572.488
35.552	873.799	572.059
35.259	873.022	572.417
35.372	873.422	572.582
35.616	872.641	572.882
35.973	873.524	572.586
35.403	874.456	572.668
35.579	873.899	573.069
35.306	874.221	572.700
35.438	873.115	572.677
35.349	873.307	573.359
35.224	873.827	572.455
35.527	873.606	573.068
35.421	873.335	573.035
35.468	873.935	572.368
36.004	873.789	572.134
35.621	874.287	571.980
35.677	874.397	572.448
35.426	873.706	571.948
35.353	873.906	572.754
35.472	873.097	573.257
35.683	873.600	572.352
35.673	873.714	572.207
35.124	873.768	572.532
35.406	874.063	572.407
35.441	872.844	572.747
35.949	873.592	572.386
35.409	873.720	571.489
35.303	873.721	571.290
35.186	873.714	571.905
35.935	873.870	572.138
35.147	873.678	572.372
34.962	874.729	572.130
35.392	874.200	572.116
35.581	873.545	571.776
35.432	873.364	572.272
35.752	873.409	572.363
35.279	874.086	572.116
35.405	874.099	571.847
35.362	874.346	572.384
35.585	873.078	572.323
35.205	873.188	572.271
35.468	872.719	572.126
35.497	873.238	572.112
35.800	873.282	572.450
35.409	874.053	572.371
35.708	873.541	572.704
35.659	873.688	572.142
35.745	873.215	572.153
35.630	873.445	572.098
35.427	873.433	572.680
35.780	873.315	572.686
35.867	872.778	572.489
35.869	873.817	571.554
35.530	873.280	572.365
35.977	874.101	571.810
35.267	873.704	572.572
35.483	874.047	572.959
35.714	873.257	573.182
35.814	873.327	572.822
36.027	872.620	572.893
35.796	872.775	573.843
35.714	873.752	572.965
35.491	874.174	572.553
35.424	873.568	572.801
35.969	873.935	572.562
35.869	873.597	572.602
35.553	873.991	572.234
35.221	872.796	572.709
35.408	873.891	572.540
35.570	874.286	572.314
35.586	873.316	573.224
35.820	873.442	572.473
35.442	874.320	571.628
35.655	872.745	572.611
35.650	872.782	572.550
35.559	873.421	572.895
35.464	873.407	572.708
35.848	873.942	572.950
35.294	874.321	573.074
35.450	873.289	573.184
35.410	873.615	572.427
35.326	873.952	572.253
35.396	873.539	572.811
35.668	873.746	572.416
35.735	873.625	573.210
35.642	872.831	573.728
35.620	873.491	573.591
35.823	873.992	572.550
35.235	873.999	573.134
35.923	873.947	572.795
35.287	874.424	572.552
35.618	873.499	572.606
35.489	873.426	571.981
35.917	872.938	571.647
35.636	873.461	571.801
35.339	873.427	572.004
35.519	873.153	572.490
35.846	873.907	572.027
35.749	874.054	572.159
35.635	873.653	572.356
35.136	874.044	572.270
35.367	873.499	572.433
35.527	873.063	571.858
35.083	873.933	572.277
35.671	873.829	571.806
35.610	873.851	572.163
35.375	873.668	572.399
35.541	873.636	572.638
35.735	873.836	572.597
35.318	873.920	572.697
35.477	873.704	572.609
35.865	873.195	572.777
35.451	873.870	573.595
35.712	873.932	572.840
35.561	873.283	572.430
35.740	872.994	571.729
35.408	873.628	572.411
35.540	873.885	572.157
35.330	874.133	572.235
35.701	873.748	572.201
35.687	872.960	572.368
35.624	873.514	571.856
35.414	873.539	572.248
35.248	873.282	572.698
35.439	873.829	572.406
35.476	873.952	572.138
35.294	874.264	571.787
35.246	874.313	572.458
35.360	872.991	572.339
35.661	873.115	571.907
35.343	873.091	572.492
35.378	872.757	573.019
35.707	873.061	572.789
35.545	873.569	572.124
35.369	874.098	572.381
35.679	873.984	572.007
35.744	872.833	572.719
35.714	873.715	573.143
35.515	873.911	573.308
35.626	874.683	572.770
35.276	874.369	572.600
35.777	873.307	572.677
35.672	873.763	571.950
35.571	873.948	571.990
35.674	874.098	571.593
35.685	873.941	572.191
35.451	873.875	572.749
35.636	873.463	572.663
35.594	873.798	572.311
35.585	873.899	572.672
35.368	873.400	572.517
35.480	873.091	572.468
35.472	873.317	572.461
35.486	873.089	571.800
35.746	873.331	571.329
35.564	873.206	571.340
35.297	873.225	572.035
35.746	872.653	572.088
35.700	872.982	572.732
35.213	873.259	572.947
35.575	873.306	572.579
35.715	873.270	572.899
35.596	873.482	572.358
35.618	873.589	571.714
35.603	873.995	572.423
35.639	873.984	571.730
35.430	873.595	572.407
35.142	874.220	572.299
35.553	873.771	572.227
35.945	874.098	571.824
35.635	874.447	571.996
35.697	873.659	571.960
35.575	873.570	572.428
35.373	873.698	571.620
35.865	874.028	572.013
35.824	873.204	572.769
35.449	873.349	573.067
35.771	873.804	572.967
35.710	874.024	573.146
35.580	872.926	572.719
35.515	873.648	572.419
35.712	873.965	572.066
35.612	873.480	572.083
35.327	873.987	572.097
35.580	874.026	572.400
35.732	873.801	572.567
35.651	873.793	573.204
35.816	874.189	571.735
35.483	873.540	572.889
35.869	873.835	572.707
35.352	874.655	572.050
35.701	874.251	572.367
35.708	874.039	572.499
35.811	874.253	572.142
35.295	874.144	572.215
35.477	874.371	571.886
35.554	873.751	571.948
35.558	874.725	571.020
35.423	873.880	571.243
35.185	873.561	571.939
35.745	874.221	571.979
35.733	873.060	571.982
35.162	873.678	572.511
36.054	874.273	572.394
35.944	873.519	572.620
35.907	873.790	572.184
35.686	874.049	572.004
35.816	874.305	571.467
35.107	874.143	571.610
35.158	874.313	571.783
35.310	873.153	572.622
35.711	873.428	572.500
35.809	873.608	572.051
35.789	873.873	571.867
35.486	873.688	572.228
35.525	873.837	571.903
35.427	873.508	573.004
35.674	873.649	571.896
35.585	874.014	570.872
35.069	874.042	571.482
35.767	873.759	571.316
35.564	873.450	571.168
35.712	873.333	571.363
35.709	873.228	571.388
35.002	873.344	572.482
35.496	872.863	572.053
35.444	873.552	571.592
35.628	874.325	571.505
35.655	873.857	571.612
35.500	873.802	572.572
35.651	873.277	572.975
35.483	873.202	572.064
35.420	873.944	572.097
35.741	873.498	572.199
35.417	873.597	572.177
35.738	874.585	572.105
35.609	874.543	572.026
35.295	875.115	571.875
35.800	874.380	571.908
35.639	873.424	572.388
35.457	873.963	571.845
35.301	874.145	572.091
35.589	874.048	572.319
35.264	872.988	572.358
35.558	873.481	572.533
35.868	872.940	572.102
35.860	873.412	572.303
35.709	873.904	571.321
35.739	874.043	572.230
35.758	874.249	572.170
35.408	873.308	572.316
35.204	873.661	572.060
35.518	873.989	571.641
35.729	873.789	572.035
35.419	873.920	572.194
35.699	873.728	572.118
35.046	874.225	572.329
35.385	875.182	572.070
35.495	874.485	572.363
35.605	874.121	572.087
35.131	874.145	572.099
35.691	874.427	571.955
35.926	873.345	571.865
35.709	873.151	571.426
35.544	873.305	571.476
35.744	873.106	571.480
35.351	874.123	571.085
35.112	874.921	571.861
35.755	874.256	572.510
35.563	873.211	572.436
35.647	873.268	572.352
35.829	873.643	572.082
35.652	873.452	572.373
35.617	872.947	571.871
35.515	873.785	571.973
35.468	873.583	572.267
35.729	874.566	571.598
35.850	874.468	572.369
35.519	873.419	572.638
35.227	873.388	572.387
35.663	873.353	571.778
35.831	873.348	571.531
36.080	873.745	571.647
35.619	873.260	572.282
35.465	873.793	571.410
35.496	873.856	571.582
35.569	873.652	572.628
35.905	873.917	572.419
35.722	874.436	571.439
35.481	873.595	571.703
35.353	873.800	572.713
35.521	874.120	573.090
35.810	873.895	572.288
35.181	874.115	573.120
35.377	873.116	572.240
35.853	873.445	571.652
35.367	873.210	572.398
35.455	873.509	571.949
35.748	874.110	572.114
35.307	873.714	572.236
35.271	873.821	571.947
35.583	874.342	571.914
35.777	873.963	572.305
36.016	873.326	572.493
35.620	874.037	571.439
35.521	873.320	571.873
35.626	872.846	572.809
35.531	873.733	572.386
35.180	873.712	572.107
35.962	873.428	572.380
35.639	873.777	572.588
35.723	873.602	572.961
35.625	873.768	572.511
35.744	874.061	572.310
35.404	874.548	571.558
35.708	874.114	572.704
35.260	873.763	572.712
35.527	874.141	572.600
35.576	874.261	572.185
35.368	874.259	572.248
35.983	874.271	572.761
35.789	873.900	572.633
35.426	874.279	572.505
35.606	874.006	572.471
35.987	873.757	571.406
35.077	873.860	571.712
35.547	874.379	571.311
35.870	873.268	571.349
35.272	874.079	571.177
35.469	874.549	571.456
35.315	874.749	571.440
35.342	874.512	572.107
35.645	874.293	571.757
35.506	874.226	571.907
35.440	874.115	572.175
35.794	874.888	570.716
35.922	874.049	571.867
35.266	874.062	571.639
35.568	873.717	572.205
35.588	873.298	572.363
35.707	873.451	571.814
35.704	873.487	572.307
35.968	873.745	571.891
35.289	873.760	572.225
35.682	874.122	572.385
35.192	874.683	571.758
35.594	873.930	572.516
35.659	873.466	572.628
35.764	873.891	572.417
35.466	874.065	572.299
35.512	873.838	572.240
35.830	873.941	571.609
35.594	873.507	572.352
35.403	874.121	571.885
35.762	874.512	571.914
35.869	874.024	571.771
35.811	873.454	571.668
35.716	873.109	571.611
35.741	873.486	571.636
35.871	873.488	571.520
35.503	873.017	571.643
35.979	873.083	572.002
35.500	873.434	571.659
35.471	873.495	571.458
35.683	873.287	571.872
35.520	874.534	572.413
35.450	873.706	572.427
35.735	873.454	572.405
35.767	872.686	572.045
35.605	874.172	571.462
35.564	874.207	571.140
35.810	873.402	571.229
35.394	874.152	571.217
36.076	873.435	571.332
35.550	873.959	571.142
35.599	873.893	572.241
35.874	874.259	571.318
35.669	874.006	570.861
35.949	874.389	570.633
35.372	874.507	572.422
35.926	874.315	572.561
35.647	874.126	572.771
35.641	873.542	572.747
35.600	873.451	572.378
35.406	873.607	571.689
35.724	874.055	572.105
35.604	873.778	571.873
35.793	874.592	571.786
36.044	873.994	572.385
35.848	873.336	572.350
36.040	873.213	571.737
35.612	873.580	571.883
35.328	874.567	572.248
36.096	873.972	572.026
35.957	874.265	571.844
35.559	874.288	571.973
35.449	874.273	572.561
35.993	874.379	572.095
35.840	873.589	572.262
35.785	873.772	571.435
35.530	873.821	571.623
35.631	874.002	571.441
35.692	874.321	571.020
35.466	874.309	571.031
35.726	874.303	571.386
35.582	873.975	571.408
35.837	874.573	570.915
35.574	874.511	571.884
35.548	875.196	571.876
35.730	873.993	572.264
35.551	874.029	572.331
35.958	874.373	571.729
35.759	874.107	571.998
35.700	874.129	571.802
35.636	873.587	571.708
35.650	874.376	571.064
35.732	874.226	571.233
36.069	873.817	571.824
35.523	874.315	571.972
35.632	874.198	571.997
35.522	874.418	571.520
35.401	874.316	571.931
35.497	874.136	572.387
35.609	873.360	572.978
35.154	873.543	572.744
35.362	874.231	572.725
35.626	874.756	571.822
35.773	874.425	572.236
35.547	874.124	572.213
35.628	873.749	572.555
35.678	874.295	572.513
35.433	874.143	572.390
35.802	873.809	571.770
35.953	874.254	571.695
35.274	873.966	571.746
35.643	874.031	572.517
35.636	874.399	572.536
35.538	874.024	572.381
35.678	874.274	572.019
35.702	874.546	571.390
35.880	874.733	571.153
35.839	874.403	571.576
35.699	873.309	572.973
35.886	873.705	572.341
35.336	873.908	572.415
35.639	874.256	572.541
35.470	874.388	572.416
35.828	873.749	571.280
35.431	874.394	571.761
35.662	874.229	572.259
35.477	874.617	571.753
35.170	874.811	571.728
35.674	874.864	572.073
35.925	874.190	572.233
35.820	873.988	571.826
35.590	874.221	571.890
36.026	873.504	572.816
35.708	873.472	572.709
35.778	873.780	572.394
35.281	874.154	571.775
35.890	874.025	572.165
35.838	874.106	572.506
35.647	874.142	572.001
36.094	874.821	571.235
35.682	874.941	571.252
35.814	874.538	571.615
35.735	874.716	571.781
35.415	874.528	572.278
35.392	874.510	572.145
35.835	874.502	571.691
35.582	874.227	572.567
35.673	874.482	572.008
35.608	873.933	571.161
35.885	873.640	571.242
35.809	874.231	571.404
35.730	873.968	570.837
35.686	874.504	571.393
35.487	874.667	571.477
35.903	874.923	571.217
35.963	874.954	570.826
35.639	874.746	571.743
35.991	874.835	571.941
35.902	874.529	571.264
35.798	874.374	571.776
35.868	874.281	571.480
35.838	874.473	571.165
35.297	873.770	571.689
35.954	874.204	571.712
35.893	873.411	572.096
35.612	874.330	571.355
35.774	873.995	572.066
35.763	874.212	572.226
35.878	874.220	571.773
35.440	873.769	572.289
35.601	873.778	571.803
35.831	873.440	573.038
36.036	874.428	572.243
36.008	874.428	570.676
35.580	874.473	571.215
35.886	874.315	571.666
35.522	874.512	571.725
35.717	874.489	572.252
35.527	874.310	571.258
36.140	874.229	571.375
35.508	873.721	572.038
35.893	874.140	571.475
35.807	874.175	571.726
35.634	874.463	572.630
35.727	874.026	572.542
35.951	873.749	572.600
35.920	874.567	572.268
35.982	874.423	571.934
36.192	874.033	572.013
36.057	873.873	571.594
35.851	874.117	571.957
35.475	874.767	572.008
35.778	874.966	571.658
35.820	875.119	571.875
36.008	874.999	571.555
36.005	874.720	571.078
35.899	875.051	571.142
35.532	875.128	571.103
35.489	874.985	571.545
35.985	875.258	571.980
36.443	874.210	572.025
35.609	873.886	571.931
36.175	874.214	571.681
35.914	873.952	572.223
35.676	873.757	572.035
35.830	874.390	571.202
35.624	874.253	571.446
35.846	873.576	571.539
35.614	873.681	572.448
36.032	873.572	571.874
35.832	874.147	571.228
35.505	874.418	571.091
35.561	873.732	571.251
35.476	874.128	571.338
35.454	874.133	571.802
35.887	874.019	571.779
35.613	874.628	571.545
35.918	874.701	571.370
35.905	874.639	570.709
36.052	874.436	571.288
35.412	874.711	571.123
35.989	874.849	571.237
35.758	874.876	571.469
35.852	874.612	570.698
35.720	874.354	571.375
36.114	874.127	570.776
35.853	874.118	570.864
35.588	874.622	570.530
36.086	875.209	570.588
35.859	875.193	570.938
35.576	874.980	571.505
35.624	874.355	571.804
35.901	874.436	571.902
35.772	874.393	571.982
35.761	875.251	571.479
35.865	874.877	570.950
36.044	874.773	571.130
35.804	874.895	571.546
35.904	874.612	571.872
35.976	875.068	571.973
35.860	875.023	571.445
35.550	874.280	570.977
35.568	873.411	572.352
35.498	873.666	571.736
35.825	874.349	571.245
35.703	874.186	571.275
35.435	873.756	571.414
35.661	874.117	571.320
35.921	873.908	570.830
35.571	874.863	571.340
35.797	874.384	571.194
35.382	874.276	571.404
35.338	874.561	571.334
35.699	874.516	571.189
35.874	874.784	571.508
35.789	875.581	571.100
35.592	875.519	571.492
35.919	875.265	571.194
35.413	875.056	571.695
35.775	874.797	572.148
36.115	874.942	571.794
35.838	874.468	571.939
35.617	874.656	571.562
35.849	874.812	571.763
36.185	873.915	571.804
35.906	874.077	571.672
35.791	874.792	571.250
36.080	874.898	570.687
35.887	874.825	571.150
35.461	874.508	571.978
36.100	874.782	571.385
35.702	874.786	571.408
35.894	875.128	570.722
35.880	875.930	570.577
35.572	875.176	571.409
35.587	874.619	571.404
36.182	875.429	570.804
35.881	874.596	571.668
35.517	875.108	571.332
35.834	874.634	571.643
35.681	874.761	571.760
36.020	875.003	571.848
35.540	875.072	571.467
35.550	874.919	571.797
35.202	875.358	572.267
35.940	875.005	571.935
35.560	874.707	572.132
35.693	875.420	571.633
35.588	875.122	571.744
35.997	874.507	572.044
35.838	874.434	571.717
36.013	874.539	571.679
35.839	875.573	571.419
35.932	875.493	571.050
35.936	875.719	570.437
36.129	875.675	569.798
35.613	875.825	570.433
35.739	874.840	571.670
36.135	874.981	571.405
35.830	874.776	571.760
35.575	875.264	572.014
36.017	874.248	571.897
36.145	874.541	571.636
36.121	874.484	571.852
35.990	874.004	571.349
35.653	874.613	571.348
35.810	874.683	571.603
35.263	875.002	571.828
35.803	874.521	571.694
35.839	874.264	571.400
35.782	873.960	571.611
35.793	874.111	571.726
35.910	874.515	571.849
35.658	875.206	572.076
35.971	874.943	571.440
35.555	874.571	571.252
35.638	874.318	571.934
35.959	874.455	571.275
36.037	873.958	571.560
35.975	874.040	571.958
35.549	874.825	570.952
35.489	874.698	571.680
36.040	874.916	571.434
36.019	874.937	570.282
35.438	875.176	571.406
36.100	874.378	571.652
35.634	874.110	571.684
35.973	874.150	572.246
35.981	875.201	571.373
35.631	874.792	571.010
35.833	874.891	571.041
35.991	875.035	571.214
35.901	875.180	571.368
36.041	874.984	571.070
35.407	875.197	571.373
35.467	874.411	571.590
35.818	874.957	570.770
35.846	875.014	571.061
35.946	874.689	571.394
36.120	874.342	571.116
35.493	874.010	571.231
35.710	873.508	571.405
35.752	875.093	570.961
35.937	874.366	571.143
36.120	874.151	571.352
35.632	874.565	571.276
35.960	874.288	571.813
35.863	874.182	571.263
35.995	874.303	570.104
35.637	873.705	570.965
35.992	874.226	571.534
35.786	874.513	572.356
36.283	874.862	571.854
35.853	874.765	571.586
35.788	873.867	571.942
35.813	874.669	571.673
35.796	875.124	571.808
36.005	875.288	571.268
35.937	874.668	571.098
35.807	874.507	570.964
36.131	875.468	570.680
36.069	874.631	571.021
35.749	874.527	571.682
35.692	874.429	572.070
35.622	874.163	571.938
35.661	874.063	572.204
35.759	874.008	571.597
35.769	875.025	571.455
35.590	875.022	571.157
35.819	874.567	570.901
35.922	875.206	570.367
35.752	874.955	570.787
35.685	874.513	571.717
35.872	874.561	571.190
36.327	875.001	570.527
35.692	874.640	571.213
35.747	874.851	571.593
35.899	874.408	571.741
35.803	874.183	571.216
35.712	874.239	571.398
35.675	874.561	571.146
35.570	874.295	571.520
35.962	874.458	571.386
36.032	874.270	570.968
35.699	874.361	571.344
35.955	874.228	571.215
35.662	874.211	571.365
35.438	874.253	571.678
35.703	873.891	572.258
35.963	874.225	572.356
36.144	874.306	571.776
35.386	874.601	572.218
35.610	875.002	571.587
35.383	875.273	571.383
35.572	874.696	571.402
35.820	875.539	570.615
36.152	875.357	571.086
36.217	875.876	570.730
35.853	875.618	571.468
35.623	874.959	571.957
35.681	874.610	572.239
36.111	874.757	571.974
35.458	874.397	571.873
35.829	874.103	571.593
36.226	874.577	571.796
35.875	874.901	571.540
35.935	874.726	571.328
36.078	874.504	571.195
35.576	874.331	571.199
35.539	874.232	570.831
35.880	874.018	571.603
35.591	874.652	571.592
35.816	874.709	571.986
36.024	874.339	572.064
35.948	874.825	571.819
35.650	874.928	571.874
35.919	874.748	571.781
35.826	874.601	571.875
35.785	874.820	571.936
35.729	875.432	571.060
35.902	875.074	571.281
36.203	874.458	571.478
35.693	874.664	571.110
35.579	874.863	570.648
36.283	874.673	571.339
35.783	874.615	571.533
35.953	874.937	571.355
35.727	874.940	570.602
35.636	874.848	570.999
36.151	874.672	571.228
35.885	874.542	571.934
35.936	874.869	571.779
35.850	874.540	571.882
36.010	874.847	572.564
35.892	875.262	571.615
35.730	875.076	571.830
35.724	874.574	572.062
36.354	874.847	571.252
35.783	874.967	571.042
35.321	875.291	571.045
36.055	875.008	570.666
35.511	875.057	571.014
36.050	874.980	571.237
35.799	874.837	571.543
36.152	874.593	571.814
36.197	874.669	571.161
35.992	874.887	570.343
35.787	875.076	570.529
35.798	874.819	570.773
35.932	875.636	571.223
35.679	875.849	570.787
35.435	875.425	571.241
36.265	874.482	571.653
36.078	873.700	572.553
35.907	874.292	571.673
35.874	874.551	572.118
35.883	875.074	571.671
35.770	874.669	571.705
35.983	874.747	571.756
35.865	875.141	570.929
35.884	874.891	570.748
35.915	874.875	571.340
35.580	874.572	571.593
35.820	874.730	572.132
35.871	874.465	571.583
36.047	875.007	571.416
36.062	875.041	571.123
36.015	874.925	571.002
35.523	874.982	571.689
35.986	875.019	572.307
35.858	875.001	571.833
35.873	874.741	572.300
35.744	874.679	571.459
35.746	874.630	571.490
35.882	874.325	571.435
35.360	874.466	571.226
35.799	874.407	571.414
35.902	874.224	570.650
35.825	873.319	571.517
35.892	873.952	571.961
35.698	874.299	572.285
36.054	873.971	571.317
35.721	874.933	571.280
35.653	875.148	570.871
36.036	875.050	571.096
35.749	874.466	571.319
36.146	874.363	570.773
35.984	874.202	570.710
35.673	873.704	571.975
35.945	874.608	571.973
36.045	874.875	571.050
36.094	874.781	571.085
35.488	875.173	571.704
35.920	875.048	571.966
35.973	874.713	571.518
35.474	874.992	571.479
35.714	875.301	571.360
35.849	875.552	571.208
36.173	875.069	571.570
35.937	874.764	571.557
35.679	875.055	571.995
35.761	874.782	572.498
35.983	874.874	571.609
36.391	874.365	572.145
35.922	874.352	571.320
36.047	874.212	572.070
35.810	874.682	571.404
35.901	875.241	570.562
36.136	874.385	571.387
35.765	874.426	570.764
36.364	875.432	570.232
35.903	875.055	570.460
35.730	875.163	570.670
35.514	874.441	571.273
35.831	874.521	571.272
36.197	874.982	571.131
36.129	874.867	571.307
36.145	875.078	571.048
35.959	874.246	571.658
35.767	874.127	571.526
35.911	874.183	571.737
36.210	874.547	571.273
36.485	874.766	571.042
35.754	874.902	571.849
35.813	875.017	571.671
36.090	875.040	571.346
35.912	874.839	570.831
36.119	874.968	571.047
35.655	875.683	571.127
35.806	875.508	571.061
36.012	875.678	570.808
35.940	874.700	571.477
35.540	874.806	571.560
35.724	874.519	571.643
36.036	874.819	571.503
35.838	874.873	570.842
35.716	875.443	570.743
35.871	874.842	571.661
36.231	874.700	571.982
36.028	874.989	571.295
35.371	875.531	571.049
36.045	875.756	570.728
35.816	875.256	570.916
35.937	875.508	570.944
36.005	875.380	571.025
36.087	875.431	570.197
36.281	875.131	570.518
35.981	875.274	570.732
36.026	874.519	571.779
35.813	875.232	572.013
36.182	875.288	571.241
35.782	874.889	571.767
35.617	875.286	571.945
35.958	874.969	571.997
35.826	875.204	571.923
35.150	875.089	572.133
35.579	874.388	572.124
36.079	875.174	570.942
35.983	875.046	570.883
35.539	875.299	571.339
36.392	874.767	570.965
35.819	875.100	570.905
35.843	875.582	570.854
36.301	875.366	570.866
36.034	875.833	570.754
35.982	875.743	571.352
35.926	874.657	571.467
36.132	875.289	570.833
35.796	874.549	571.138
36.062	874.715	570.799
35.830	875.212	570.828
36.299	874.827	571.697
35.765	875.094	571.798
36.106	875.025	570.772
35.997	875.099	571.040
35.899	874.885	571.275
36.036	874.604	571.319
35.986	874.882	570.477
35.480	875.259	570.728
35.783	875.058	571.112
36.413	874.986	570.387
35.731	874.294	570.701
35.843	874.242	571.231
35.495	874.891	571.312
35.612	875.015	571.359
35.900	874.830	570.686
36.220	875.348	571.178
35.940	875.217	571.399
35.723	874.804	571.319
35.588	875.675	570.914
35.836	875.572	571.184
36.156	874.316	571.831
35.681	874.581	571.424
35.781	875.590	571.121
35.878	875.631	571.017
36.294	875.244	571.738
36.186	874.775	571.235
35.825	874.547	571.379
35.792	875.143	570.263
35.848	874.708	570.294
35.623	875.520	570.434
35.938	875.033	570.659
35.553	875.073	570.888
36.059	874.978	571.058
36.030	875.032	570.961
36.162	875.561	570.697
36.102	875.376	571.179
35.964	875.261	571.039
35.991	874.624	570.955
35.644	875.632	570.851
35.945	875.757	570.963
35.749	875.344	571.200
36.184	874.380	571.116
35.798	874.832	571.140
35.997	875.018	570.773
35.788	874.475	571.282
35.846	874.876	570.757
35.708	874.980	571.531
36.049	874.393	571.669
36.251	874.433	571.539
36.291	874.517	572.049
36.135	874.747	571.646
36.308	874.678	572.237
36.154	874.658	572.331
36.149	875.181	571.521
35.933	875.123	571.569
36.328	875.446	570.830
35.848	874.885	571.721
35.689	875.314	571.751
36.138	874.771	572.009
36.095	875.057	571.896
35.731	874.939	571.133
36.274	875.219	570.228
35.741	874.879	571.360
36.125	874.917	570.417
35.715	875.687	570.938
36.040	875.611	570.384
35.802	875.810	570.966
35.909	875.274	571.262
35.768	875.427	571.527
35.714	875.650	571.613
35.808	875.127	571.930
36.016	875.105	571.631
36.083	875.623	571.237
36.228	875.626	570.796
36.070	875.701	570.713
36.200	875.366	571.373
35.848	875.129	571.430
36.000	875.120	572.047
36.127	874.481	572.379
36.100	874.305	571.654
35.713	874.705	570.770
36.189	874.794	570.644
36.293	874.640	571.390
36.011	874.745	571.073
36.158	875.008	571.128
36.005	874.823	570.796
36.177	874.992	570.554
35.865	874.908	571.256
36.340	875.133	570.384
36.296	875.058	570.549
35.548	874.947	570.678
35.942	874.681	571.243
36.222	874.785	570.933
35.972	874.829	571.337
36.054	875.030	571.133
36.053	875.305	571.422
35.845	874.550	570.882
35.871	875.136	571.121
36.081	874.793	571.530
35.875	875.000	571.642
35.661	875.685	571.490
35.957	875.043	571.340
35.931	875.679	570.489
35.687	875.112	570.883
36.096	875.191	570.442
35.839	874.655	571.149
35.642	874.872	571.140
36.105	874.296	570.974
36.206	874.735	571.339
35.903	874.626	571.660
36.083	875.021	571.211
36.324	874.611	570.407
36.167	875.603	570.099
35.737	875.585	570.653
36.063	874.927	571.695
36.202	874.495	571.204
36.047	874.418	571.154
35.870	874.761	571.033
36.274	875.433	570.741
36.164	875.228	571.526
36.438	874.790	571.508
35.875	874.861	571.324
35.939	875.033	571.665
35.953	874.801	571.902
36.007	874.347	571.656
36.032	874.178	571.414
36.029	874.205	571.037
36.372	874.217	571.247
36.227	874.408	571.061
35.841	874.375	571.321
35.679	874.879	570.894
36.046	875.042	571.172
36.171	874.996	570.983
36.158	874.817	570.806
36.151	874.934	571.169
35.975	875.391	570.800
36.282	875.044	571.137
36.079	874.680	571.116
36.117	875.776	570.967
36.126	875.031	570.564
36.035	875.289	570.828
36.107	875.061	570.751
36.278	875.319	571.154
35.630	874.701	571.262
35.437	874.852	570.876
36.069	875.267	571.112
35.936	875.710	570.368
35.825	875.252	570.784
35.839	874.835	570.727
36.038	874.662	571.197
35.979	874.167	571.160
36.043	874.586	570.862
36.049	874.921	571.597
36.144	875.538	571.882
36.123	874.890	571.584
36.191	874.836	570.336
35.806	875.408	570.409
35.936	874.780	570.590
35.933	874.964	570.810
36.011	874.824	570.726
36.088	874.887	571.095
35.979	875.202	571.016
35.948	875.131	571.306
35.906	875.294	571.327
35.563	874.915	570.912
36.215	875.387	570.381
36.051	874.753	570.425
36.021	874.546	570.595
36.064	875.426	570.676
35.899	875.205	570.849
36.032	874.454	571.708
36.006	874.637	571.519
35.892	874.832	571.701
36.248	875.073	570.690
36.063	874.898	570.798
35.948	874.790	571.095
35.564	874.520	571.192
35.582	875.191	571.004
35.891	874.225	571.214
36.152	874.484	571.153
35.908	874.151	571.527
35.816	874.325	570.982
35.822	874.931	571.043
36.114	875.029	571.220
36.088	874.806	571.576
36.096	874.991	571.471
35.953	874.919	571.145
35.930	875.033	570.826
35.673	874.801	570.645
36.072	875.307	570.639
36.160	874.631	570.826
36.040	875.225	570.750
35.959	875.618	571.014
36.119	875.150	571.363
35.900	875.031	570.801
36.342	875.596	570.447
35.691	875.785	570.854
36.127	875.621	571.322
36.099	875.802	570.790
36.300	875.726	571.436
35.943	875.735	570.408
35.858	874.901	570.660
35.975	875.305	570.669
36.235	874.276	571.435
35.902	874.274	570.717
35.864	875.087	570.165
35.912	875.012	570.873
36.142	874.761	570.788
35.911	875.183	570.703
36.058	875.335	571.117
35.935	875.082	571.287
36.432	875.533	570.287
35.540	875.964	570.057
36.089	875.687	570.791
36.538	874.800	571.267
35.988	874.606	570.651
36.027	874.211	571.337
35.865	874.221	571.800
35.924	875.446	571.193
35.820	875.312	570.771
36.255	874.922	570.560
36.063	874.590	571.705
36.043	875.447	571.268
35.993	875.016	570.810
35.993	874.376	570.553
36.173	873.792	570.966
36.214	874.843	570.776
35.846	875.472	571.080
35.787	875.490	571.447
35.979	874.884	571.158
36.096	875.393	570.886
35.583	875.787	570.405
36.130	875.314	570.795
36.075	874.367	570.819
35.608	874.924	570.159
36.190	875.229	570.158
35.966	875.603	570.498
35.820	875.461	571.375
36.156	874.515	570.627
36.396	874.714	571.181
36.274	874.260	571.113
36.078	874.764	570.789
36.122	875.225	570.607
35.908	874.908	570.593
35.740	875.009	571.489
35.914	874.843	571.551
36.434	874.990	571.597
35.663	875.348	571.486
35.780	874.769	571.323
35.912	875.084	570.986
35.966	875.589	571.080
36.173	875.174	571.657
35.835	875.213	571.543
36.188	874.373	571.238
35.756	874.532	570.930
36.542	874.982	570.796
35.902	874.683	570.975
35.437	874.918	571.445
36.236	875.403	570.783
35.629	875.298	570.781
36.084	874.993	570.592
36.030	875.339	570.352
36.173	875.667	570.135
35.892	875.339	570.669
35.842	875.604	571.036
36.049	875.235	571.163
36.219	874.935	570.875
35.934	875.028	570.775
36.070	875.101	570.933
35.668	875.207	570.995
35.733	875.211	571.043
36.006	874.875	571.436
36.220	874.706	571.106
36.033	875.494	571.175
35.875	874.704	571.039
36.345	874.850	570.680
35.838	875.178	571.287
36.182	875.247	570.874
36.139	875.109	570.683
36.133	874.791	570.617
35.711	875.217	571.181
35.972	875.324	571.141
35.630	874.763	571.011
36.070	874.610	571.376
35.756	874.682	570.845
35.521	874.259	571.604
35.827	874.212	571.048
36.033	873.930	571.276
35.822	873.810	571.074
35.693	874.233	571.362
35.896	875.579	570.425
36.076	875.073	570.922
35.871	874.735	571.321
36.074	874.873	571.103
35.823	875.238	571.363
35.783	874.934	570.696
35.615	875.040	571.566
36.001	874.590	571.609
35.874	874.956	571.177
35.803	875.097	570.883
35.921	875.663	570.668
36.081	874.691	572.430
35.760	875.262	571.203
35.865	875.123	571.250
36.274	874.564	570.374
35.718	875.075	570.882
36.152	875.077	570.406
35.640	874.915	570.645
36.168	874.560	571.367
35.994	874.677	571.336
36.012	874.944	570.862
35.606	875.026	571.027
35.525	874.784	571.099
36.159	875.463	570.517
36.166	874.676	570.875
36.073	874.724	571.347
35.951	875.271	571.149
36.127	874.782	570.601
36.008	875.385	571.337
36.081	875.249	571.134
36.217	875.319	571.426
36.243	875.255	571.009
36.145	874.629	571.360
35.891	874.665	570.840
35.851	875.374	571.172
35.771	874.965	571.258
35.940	874.940	570.836
35.965	875.038	570.991
36.155	875.558	570.757
35.770	875.424	570.902
36.313	874.870	571.328
35.892	875.307	570.953
36.285	874.885	570.945
35.815	875.796	571.141
35.972	875.434	571.221
36.396	874.615	571.418
36.173	875.322	570.060
35.967	874.161	570.655
36.213	874.558	570.660
35.995	874.774	570.730
36.102	874.962	570.551
36.083	875.059	570.993
36.006	874.870	571.280
35.560	874.551	571.793
35.815	875.231	571.894
35.917	875.618	571.533
35.938	874.985	571.403
36.358	875.161	571.198
36.088	874.696	570.680
35.984	875.098	570.647
35.907	874.466	571.603
35.982	874.338	571.632
35.972	874.352	571.837
36.110	874.637	571.274
35.711	875.067	571.494
35.929	875.014	571.346
35.858	874.573	571.151
35.979	874.932	570.763
35.921	875.193	570.766
35.862	875.108	570.899
35.988	875.040	571.046
35.778	875.164	570.890
35.696	875.379	570.664
35.775	875.752	571.305
35.927	875.762	571.094
35.754	875.770	571.146
36.265	875.141	571.401
36.023	874.927	571.095
35.814	875.645	570.964
35.803	875.788	570.702
36.064	875.222	571.275
36.250	875.010	571.203
36.382	874.586	570.970
36.359	874.470	571.208
35.662	874.811	571.049
35.807	874.900	570.769
35.644	874.791	571.537
35.598	875.456	571.282
36.194	874.794	570.746
35.909	874.928	571.379
36.081	874.745	570.962
36.230	874.535	571.406
35.960	875.313	570.816
35.885	875.063	571.542
36.193	875.474	571.450
36.040	875.381	570.604
36.090	874.516	571.269
36.175	874.569	570.894
36.229	875.096	570.481
36.051	874.609	570.965
35.796	875.073	570.707
35.906	874.421	570.829
35.884	874.320	570.870
36.385	874.185	570.836
36.132	874.205	571.584
36.078	873.894	571.642
35.848	873.768	571.686
35.907	874.501	571.371
35.969	875.076	570.897
36.064	875.317	571.243
36.242	874.659	570.779
35.724	874.958	570.767
35.743	875.161	570.489
35.959	874.869	570.456
36.047	875.228	570.451
35.797	875.345	569.694
35.546	874.891	570.770
36.306	874.902	570.914
35.700	875.127	571.119
35.717	874.738	570.518
35.950	874.985	570.916
35.954	874.821	571.656
36.432	874.980	571.551
36.054	874.915	571.513
35.758	875.037	572.331
36.384	874.796	571.363
36.330	875.590	570.812
35.918	875.649	570.459
35.933	874.835	570.539
36.085	874.694	571.084
35.974	874.976	570.232
35.891	875.079	570.745
36.017	875.257	571.079
35.986	875.256	570.504
35.988	875.288	570.865
36.086	874.898	570.665
36.047	874.974	570.135
35.881	875.146	570.726
35.991	874.998	571.099
35.798	874.839	571.070
36.151	875.323	571.105
36.166	875.181	571.382
36.342	874.994	570.423
35.814	874.886	570.369
35.801	874.627	570.817
36.132	875.176	570.845
36.119	874.948	570.739
35.869	875.300	570.475
36.188	874.688	570.601
36.123	875.292	570.538
35.925	874.835	570.671
35.598	874.514	571.437
36.027	875.027	570.771
36.101	875.674	570.851
36.425	875.021	571.119
36.235	875.416	570.505
35.806	875.018	570.577
35.654	874.644	570.734
35.876	874.579	571.608
36.058	874.648	571.247
36.131	875.140	570.379
35.246	875.329	570.679
36.154	874.843	570.425
36.140	875.544	570.046
35.756	875.709	570.699
35.782	876.024	571.135
35.835	875.385	571.341
36.013	875.058	571.265
36.320	874.930	570.832
35.717	874.793	571.229
35.954	875.573	570.786
36.068	875.599	570.652
35.657	875.577	571.396
35.825	875.447	570.804
35.936	874.857	570.602
35.646	875.328	570.581
35.974	875.468	570.753
36.224	875.259	571.933
35.940	874.864	571.329
36.191	875.263	570.989
36.272	875.129	570.797
35.590	875.000	571.295
36.025	875.001	570.798
35.971	874.994	571.128
35.955	875.314	570.878
35.964	875.248	571.076
36.098	875.068	570.926
36.189	875.184	570.360
35.776	874.771	570.730
36.053	875.027	571.043
36.032	875.092	571.047
36.384	874.402	571.460
36.265	874.776	570.307
35.537	874.861	571.462
36.133	874.721	570.895
36.206	875.210	570.445
36.147	875.269	570.282
36.101	875.306	570.445
36.038	874.614	570.907
36.014	875.516	570.872
36.008	875.533	571.030
36.189	875.634	570.519
36.320	875.471	570.417
36.036	874.996	570.221
36.038	875.282	570.593
36.028	874.926	570.758
35.926	874.739	571.344
36.132	874.810	571.319
36.055	874.884	571.361
35.774	874.837	571.517
36.022	874.903	571.385
35.651	874.932	571.157
36.421	874.744	571.354
35.968	874.978	570.606
35.999	874.043	571.665
35.878	874.596	570.885
36.309	874.721	571.281
35.867	875.214	570.868
36.145	874.421	571.586
35.931	874.642	571.557
36.474	874.747	570.725
36.241	875.072	570.649
36.249	874.988	570.876
36.370	874.913	570.845
36.187	874.783	570.965
36.166	874.590	571.309
35.906	875.073	571.012
35.866	874.659	570.720
35.865	875.200	571.187
36.095	875.360	571.028
35.607	875.007	571.141
36.199	874.788	570.675
36.011	875.025	571.417
36.057	875.073	570.578
35.878	875.096	570.679
35.952	874.908	570.601
35.865	874.979	570.985
35.897	875.236	570.658
35.832	875.328	571.105
36.178	874.772	571.294
36.054	875.152	570.834
35.937	875.438	571.086
36.111	874.303	571.685
35.780	874.008	571.091
35.966	874.550	570.518
36.132	875.168	570.368
36.317	874.867	569.777
36.337	875.718	569.959
36.201	875.373	570.621
36.277	874.880	570.470
35.999	875.590	570.467
35.934	874.678	571.299
35.899	874.656	570.751
35.983	874.923	571.129
36.185	875.163	571.115
36.117	875.238	570.012
36.150	874.797	570.686
35.980	874.783	570.530
36.004	875.223	570.842
36.052	875.104	571.203
36.109	874.947	571.286
35.776	875.123	570.582
35.849	874.210	571.385
36.144	874.264	570.960
35.500	874.613	571.295
36.364	874.897	570.168
36.250	875.289	570.267
35.671	875.271	570.654
35.893	875.316	570.900
35.868	874.899	571.039
35.851	875.158	570.713
35.782	874.832	570.958
35.828	874.702	571.336
35.998	875.609	570.618
35.931	876.275	570.437
36.063	875.404	570.387
35.765	875.021	571.193
35.818	875.243	570.848
35.904	874.711	570.591
35.798	875.433	571.474
35.698	875.536	571.366
36.104	875.310	571.343
36.148	874.766	570.486
35.881	875.036	570.686
36.191	874.380	571.265
35.817	875.286	570.779
36.078	875.378	570.242
35.949	874.532	570.507
35.984	875.311	570.332
36.168	875.233	569.755
36.074	875.335	570.326
35.815	875.343	570.157
36.416	875.522	570.693
36.352	876.035	570.726
35.978	875.616	570.750
36.480	875.294	571.350
35.825	875.084	570.286
36.184	874.485	570.356
35.943	874.736	571.229
36.080	875.070	570.848
35.727	875.437	570.582
35.908	874.826	570.939
35.981	874.832	571.176
35.974	875.309	570.709
35.957	875.006	570.953
36.259	875.610	570.904
36.097	874.962	571.163
36.267	875.502	570.732
35.695	875.488	571.134
35.988	875.351	571.039
35.979	875.547	570.474
35.710	875.711	570.334
35.664	875.809	569.665
35.795	875.701	569.955
36.032	875.380	570.683
35.999	874.740	571.131
36.100	875.170	570.574
36.013	875.002	570.476
35.930	875.168	570.671
36.101	874.604	571.238
35.587	874.654	570.778
36.216	874.472	570.937
36.163	874.255	570.425
35.605	874.546	570.402
35.868	874.894	570.359
35.783	874.643	570.276
35.563	874.693	570.846
35.815	875.357	570.678
36.330	875.062	570.391
36.224	874.537	570.576
36.291	874.818	570.834
35.962	875.009	570.378
36.229	874.894	570.288
35.908	875.394	569.973
36.072	875.670	569.628
36.316	875.589	570.663
35.635	875.645	571.133
35.984	875.869	570.392
36.087	875.496	570.024
36.413	874.797	570.503
35.731	875.779	570.737
36.119	875.607	571.312
36.040	875.608	570.473
36.232	875.084	571.246
36.067	875.259	570.785
36.247	874.840	571.183
36.178	875.103	570.696
36.353	875.011	570.498
36.271	874.520	571.183
35.764	875.492	570.776
35.905	875.545	570.159
35.951	875.129	570.784
36.366	874.791	570.880
35.938	875.472	570.210
35.987	875.329	570.492
36.242	875.255	569.982
36.095	875.938	569.672
35.905	874.938	570.764
36.183	874.827	571.170
36.098	874.488	569.968
36.144	874.293	570.422
36.048	874.595	570.490
35.919	874.898	570.265
36.084	875.186	570.605
35.913	875.454	571.145
36.256	875.022	571.203
36.370	875.234	570.044
36.074	875.603	569.702
35.959	875.072	570.147
35.904	874.822	570.838
36.054	875.210	570.481
36.243	874.728	570.474
35.889	874.371	570.302
36.195	874.426	570.105
36.787	874.465	570.339
36.140	874.420	570.783
36.379	873.976	570.912
36.297	874.283	571.002
36.613	874.224	570.613
36.474	874.289	570.946
36.186	874.967	570.518
35.759	875.345	570.786
35.735	875.409	570.833
36.465	874.630	571.214
35.899	875.258	571.231
35.908	874.831	570.713
36.132	875.111	570.728
35.946	875.119	571.077
36.145	875.083	570.631
35.655	874.907	570.593
36.066	874.352	571.458
36.066	874.422	570.320
35.967	874.076	570.675
35.646	874.271	571.425
35.739	873.865	571.128
36.373	874.414	570.945
36.011	874.837	570.372
36.094	875.079	571.044
36.682	874.674	570.812
36.705	874.991	571.023
36.574	874.808	570.647
36.399	875.698	570.691
36.099	875.652	570.691
36.071	875.754	570.661
35.775	875.566	570.818
36.157	875.418	571.297
35.989	874.997	571.081
36.139	874.967	571.049
35.781	875.026	570.754
36.057	875.520	571.315
36.001	875.741	570.553
36.047	875.277	571.223
36.201	875.248	570.748
35.800	874.649	570.394
35.869	874.867	570.938
36.104	874.826	570.820
35.924	874.860	570.394
36.263	874.958	570.352
36.596	875.116	570.341
36.157	874.626	570.522
36.068	874.865	570.876
35.921	875.011	570.565
35.982	874.633	570.836
35.841	875.853	570.583
35.731	875.243	570.741
36.217	875.602	569.537
35.821	875.180	571.153
36.191	875.545	570.459
35.938	876.134	570.339
36.218	875.970	569.867
36.338	875.100	570.749
36.055	875.146	570.701
36.378	875.607	570.284
36.179	875.249	570.185
36.023	875.143	569.202
35.935	874.475	569.851
35.949	874.692	570.176
35.850	875.126	569.923
36.327	875.662	569.287
35.807	875.917	569.815
36.242	875.509	570.042
36.094	875.701	570.174
36.065	876.221	570.195
35.694	875.638	570.333
35.904	875.027	570.682
36.429	874.885	571.093
35.996	875.619	570.480
35.913	875.784	570.730
36.037	875.440	571.086
36.061	874.992	570.234
36.194	875.443	570.257
36.151	875.196	569.807
36.147	875.483	569.460
35.980	874.293	570.340
36.116	874.853	569.723
36.370	874.566	570.150
36.293	874.833	570.327
36.106	874.999	570.346
36.020	874.457	570.700
35.723	875.319	570.566
35.927	875.514	571.479
36.271	875.446	570.381
36.173	875.207	570.220
36.167	875.656	570.354
36.191	875.289	570.461
36.090	875.547	570.143
36.037	876.128	570.184
36.088	875.489	570.173
36.418	875.122	569.410
36.016	875.246	569.095
36.214	874.887	569.911
35.744	875.503	569.972
35.754	875.417	570.285
35.860	874.729	570.166
36.242	875.461	569.921
36.085	875.272	570.090
36.370	875.464	569.785
36.011	875.403	570.311
35.983	875.587	570.759
36.328	875.557	570.763
36.157	875.648	570.008
35.849	875.654	570.501
35.851	875.754	571.594
35.854	875.730	571.055
35.939	875.748	570.472
35.915	875.544	570.439
36.112	875.150	570.496
36.216	875.671	570.508
35.752	875.887	570.632
36.370	875.502	570.585
35.738	875.795	571.461
35.968	876.017	570.732
35.970	875.895	570.958
36.125	875.240	570.704
36.155	875.243	570.811
36.253	875.708	570.808
36.000	875.818	570.384
36.274	875.749	570.409
36.288	875.273	570.808
36.283	875.391	570.601
36.177	875.460	570.476
36.251	875.375	570.104
36.363	875.199	569.528
36.099	875.299	570.022
35.857	875.307	570.405
35.877	874.872	570.333
36.049	875.219	570.254
35.926	875.303	569.898
36.382	874.738	570.417
36.225	875.466	569.672
35.794	874.458	570.901
35.886	874.128	570.711
36.360	874.616	570.616
35.947	874.970	570.697
36.075	874.676	571.189
35.908	874.651	571.545
36.260	874.888	571.727
36.162	875.433	570.312
36.061	875.409	570.030
36.323	875.048	570.174
36.378	875.286	570.214
36.606	875.474	570.818
35.739	875.261	571.277
36.092	874.885	570.969
36.257	874.301	571.046
36.148	874.765	570.715
36.269	875.001	570.561
36.468	874.957	570.535
36.479	874.763	571.121
36.279	874.954	570.971
36.209	875.048	570.893
35.964	875.844	570.329
36.027	875.535	570.229
36.016	875.003	570.025
36.188	875.523	570.090
35.909	875.454	570.623
35.854	875.328	570.312
36.397	874.893	570.057
36.014	875.092	570.502
36.488	874.713	570.539
36.463	875.095	570.592
35.723	875.788	570.193
36.673	875.687	570.188
36.119	875.657	571.076
36.019	875.783	571.021
36.427	875.965	570.678
35.968	875.870	570.586
36.134	876.011	570.734
35.997	875.619	571.011
36.282	875.537	571.055
35.811	875.913	571.138
36.534	875.661	570.172
36.340	875.367	570.395
36.061	875.082	570.976
36.492	875.200	570.514
36.145	875.067	570.158
35.477	875.364	570.214
36.028	874.905	570.289
36.026	875.862	570.656
35.789	875.996	570.336
36.415	875.249	570.955
35.817	875.319	570.363
36.270	875.004	569.561
36.516	874.609	570.617
36.127	874.574	570.743
36.269	875.238	570.918
35.937	874.781	570.940
36.401	874.998	570.645
35.699	875.424	570.908
36.321	875.318	570.471
35.822	875.445	569.943
36.479	875.538	569.588
36.132	875.430	570.636
36.134	875.128	570.762
36.080	875.375	570.257
35.649	875.362	570.523
36.243	874.702	571.567
36.579	875.009	571.566
36.389	875.488	571.220
36.308	874.940	570.443
36.096	874.908	570.837
36.040	875.463	571.169
36.142	875.083	571.305
36.468	874.642	571.561
36.413	875.247	570.990
35.938	875.135	571.074
36.151	874.699	570.535
35.881	875.344	571.022
35.842	875.862	570.393
35.941	875.644	570.624
35.947	876.548	570.701
35.719	876.183	570.695
36.058	875.826	570.056
35.906	875.730	570.476
36.044	875.823	570.815
36.096	875.360	571.435
36.026	875.028	570.674
36.447	874.773	571.158
36.092	875.456	570.573
35.976	875.003	570.777
36.061	874.992	570.949
36.297	875.340	571.081
36.403	874.950	570.822
36.300	875.097	570.452
36.432	874.586	570.138
36.106	874.932	570.223
36.456	874.842	570.743
36.191	875.074	571.131
36.238	875.183	571.564
36.206	875.478	571.193
36.386	875.512	570.313
35.898	875.948	570.396
36.363	875.619	571.118
36.179	875.839	570.914
35.666	876.029	570.746
36.263	875.762	571.260
35.673	875.493	570.759
35.997	875.501	570.412
36.096	875.019	570.750
36.409	874.944	571.441
36.028	876.096	570.583
36.058	875.484	571.057
36.020	875.421	571.055
36.055	874.930	570.307
36.279	874.936	571.074
36.072	875.425	570.486
36.317	875.475	570.738
36.095	875.125	570.837
36.166	874.935	570.583
36.340	875.761	570.580
36.128	875.913	570.453
36.347	875.486	570.522
36.155	875.015	569.794
36.082	874.998	570.378
36.159	874.771	570.497
35.805	875.284	569.813
36.262	874.812	570.143
36.067	875.079	570.394
36.270	874.485	570.522
36.200	874.742	570.676
36.286	875.407	571.252
36.122	875.293	570.555
36.168	874.548	570.724
35.830	875.712	570.693
35.675	875.533	570.907
36.037	875.333	570.581
36.251	875.177	570.848
36.157	875.150	570.390
35.734	875.194	570.829
36.191	875.347	570.447
35.868	875.442	570.274
36.193	875.593	570.298
