36.786	876.439	570.206
36.898	875.884	570.633
36.421	876.225	570.685
36.795	875.661	570.591
37.051	876.035	570.464
36.745	875.756	570.376
36.385	875.570	570.093
36.893	875.282	570.599
36.972	874.856	571.231
36.846	875.620	570.328
36.443	876.509	569.590
37.033	876.712	569.772
36.168	876.713	570.060
36.461	876.544	570.260
36.534	876.061	570.791
36.592	875.965	570.541
36.636	875.958	571.116
36.695	876.180	570.428
37.126	875.363	570.204
36.690	875.601	570.261
36.890	876.041	570.332
36.764	875.757	570.440
36.466	875.818	569.848
37.322	876.615	569.792
36.585	877.214	569.571
36.760	875.879	571.277
36.854	875.235	570.954
36.688	875.241	570.523
36.684	875.843	570.161
36.785	875.179	570.136
36.735	875.751	569.919
36.864	875.801	570.102
36.549	875.852	570.202
36.360	876.294	570.758
36.569	875.705	570.154
36.752	875.955	570.092
36.717	875.858	569.772
37.133	875.396	570.587
36.779	875.131	570.279
36.589	874.998	570.681
36.788	875.195	570.521
36.925	874.700	571.319
36.893	875.013	571.008
36.749	874.759	570.954
36.928	875.344	570.588
36.962	875.271	570.440
36.455	875.990	569.573
36.640	876.087	570.107
36.674	875.307	570.452
36.544	875.455	570.213
36.471	875.234	570.359
36.645	875.345	569.985
36.475	875.612	569.974
36.491	875.210	570.439
36.579	875.583	570.063
36.268	876.354	570.309
36.589	875.730	570.099
36.850	876.261	569.779
36.699	875.033	570.849
36.531	874.860	571.193
36.576	874.922	571.108
36.639	874.660	571.287
36.695	875.421	569.865
36.708	875.055	570.465
36.478	874.799	570.314
36.612	874.095	571.071
36.730	874.796	570.696
36.603	875.627	570.504
36.694	875.501	571.085
36.814	875.663	571.018
36.976	875.896	570.428
36.504	875.297	570.349
36.514	876.088	570.061
36.431	875.946	570.406
36.472	876.481	570.207
36.209	876.086	570.143
36.003	876.432	570.420
36.995	875.893	570.797
36.531	876.455	570.296
37.045	875.154	570.964
36.422	875.287	570.875
36.481	874.977	571.014
36.529	874.813	570.849
37.289	875.063	571.503
36.429	875.296	571.122
36.600	874.650	570.875
36.640	875.700	570.411
36.673	876.271	569.908
36.992	875.460	570.390
36.569	875.612	570.502
36.647	875.760	570.506
36.285	874.810	571.248
36.613	874.893	570.693
36.587	875.917	569.737
36.528	875.628	570.657
36.987	876.445	570.417
36.708	875.933	569.805
36.668	875.335	570.496
36.566	875.286	570.522
36.582	875.608	571.132
36.815	875.784	570.275
36.563	876.012	569.845
36.656	875.475	570.630
36.464	875.199	570.674
36.377	875.419	570.362
36.545	875.133	570.141
36.301	875.677	570.320
36.508	875.083	570.535
36.790	874.732	571.223
36.358	875.500	570.350
36.337	875.473	569.894
36.338	874.831	570.354
36.304	875.544	570.383
36.615	876.020	569.933
36.445	876.069	570.136
36.848	875.706	570.146
36.629	875.593	570.241
36.678	875.959	570.421
36.735	875.653	570.558
36.456	876.354	570.165
36.477	875.861	570.389
36.390	875.384	571.222
36.676	874.843	571.054
36.341	875.382	570.912
36.573	875.772	570.626
36.277	875.989	570.624
36.083	876.500	570.864
36.529	876.482	569.893
36.360	875.674	569.875
36.296	876.378	569.869
36.585	875.772	570.172
36.724	875.371	570.608
36.736	875.125	570.778
36.808	875.094	570.653
36.873	875.075	570.757
36.656	875.284	571.127
36.431	875.557	570.778
36.599	875.882	570.615
36.789	876.336	570.193
36.667	875.514	570.504
36.352	876.380	571.085
36.861	876.053	570.131
36.225	876.586	570.473
36.452	876.342	571.256
36.371	875.775	570.121
36.174	876.120	569.697
36.361	875.682	570.695
36.385	876.149	570.536
36.725	875.885	570.854
36.650	876.262	570.318
36.483	875.648	569.824
36.408	875.935	570.324
36.351	875.872	570.384
36.685	875.192	570.865
36.580	875.245	571.017
36.418	875.764	570.280
36.470	875.950	570.520
36.098	876.112	569.879
36.372	875.417	570.144
36.212	875.163	569.847
36.362	875.047	570.013
36.518	875.058	570.720
36.880	875.460	570.744
36.628	875.831	570.517
36.370	875.486	570.429
36.416	875.407	570.502
36.808	875.326	570.669
36.770	875.878	570.639
36.212	876.432	570.574
36.306	876.353	570.772
36.534	875.159	571.440
36.528	875.134	571.117
36.324	875.704	570.461
36.007	875.813	570.276
36.650	876.736	569.615
36.636	876.425	569.929
36.153	875.877	569.942
36.535	876.038	570.174
36.307	875.447	569.850
36.342	876.084	570.308
36.428	876.138	569.895
36.475	875.249	571.040
37.225	875.858	570.117
36.622	875.478	570.004
36.667	874.757	570.593
36.461	875.718	570.761
36.134	876.021	570.574
36.188	875.998	570.811
36.695	875.237	570.915
36.418	875.662	570.693
36.435	875.953	570.659
36.297	875.635	570.395
36.686	875.337	570.570
36.432	875.755	570.799
36.394	876.163	571.060
36.604	875.557	570.457
36.599	875.625	571.080
36.660	875.985	570.493
36.463	875.489	570.425
36.774	875.111	570.476
36.218	875.083	570.441
36.409	874.981	570.668
36.219	875.380	570.656
36.295	875.650	570.617
36.232	875.611	570.806
36.085	875.114	571.501
36.513	875.166	571.558
36.802	875.297	571.055
36.712	875.669	570.540
36.393	875.590	571.001
36.632	875.437	570.391
36.404	875.548	570.171
36.413	876.424	569.866
36.256	875.719	570.709
36.480	876.023	570.696
36.350	876.164	570.302
36.212	875.897	570.628
36.496	875.968	571.094
36.360	875.123	571.628
36.410	876.096	571.475
36.549	875.645	570.828
36.879	875.986	570.945
36.623	875.903	570.379
36.816	875.996	570.003
36.479	875.732	570.461
36.237	875.875	570.321
36.498	875.910	570.424
36.055	876.302	570.266
36.483	875.279	570.621
36.481	875.460	570.409
36.512	875.110	570.046
36.134	875.491	570.108
36.366	875.257	570.234
36.408	875.406	569.474
36.270	875.541	569.618
36.767	875.612	570.538
36.663	875.667	570.232
36.537	875.618	570.737
36.085	875.592	570.967
36.472	876.004	570.735
36.457	875.822	570.421
36.618	875.477	570.424
36.536	874.280	570.958
36.308	875.531	570.231
36.752	875.698	570.683
36.558	876.333	570.676
36.339	876.304	570.704
36.406	876.353	571.027
36.461	875.659	570.973
36.159	876.080	570.731
36.627	875.614	571.243
36.381	875.488	570.349
36.607	874.974	570.813
36.415	875.327	570.260
36.521	875.529	570.107
36.556	875.646	570.940
36.426	876.412	570.741
36.655	875.818	570.905
36.400	875.771	571.286
35.957	875.953	571.193
36.682	876.496	569.946
36.815	876.456	570.165
36.708	876.313	569.842
36.265	876.065	569.914
36.377	875.482	570.567
36.310	875.117	570.529
36.558	875.392	570.404
36.327	874.967	571.090
36.681	875.512	570.247
36.182	875.183	570.566
36.004	875.354	570.630
36.588	874.912	571.071
36.675	875.205	570.833
36.817	875.738	570.259
36.521	875.640	570.436
36.265	875.920	570.311
36.340	875.913	570.647
36.293	876.147	570.867
36.507	875.680	571.114
36.620	876.224	570.888
36.191	875.685	570.794
36.700	875.559	571.259
36.680	875.669	570.460
36.211	875.411	571.146
36.009	875.202	570.938
36.759	875.420	570.067
36.756	875.180	570.195
36.358	874.584	569.686
36.458	875.250	570.213
36.313	875.867	569.678
36.332	875.534	570.794
36.275	875.723	570.804
35.907	875.926	570.872
36.598	875.491	570.689
36.340	875.481	570.479
36.313	875.422	570.124
36.249	875.687	569.434
36.462	875.728	570.010
36.769	875.475	570.925
36.487	874.598	571.318
36.746	875.305	570.634
36.387	875.411	570.452
36.250	874.213	571.019
36.100	875.246	570.510
36.680	874.935	570.653
36.413	874.716	570.803
36.585	875.382	570.617
36.334	875.234	571.055
36.715	875.140	570.881
36.482	875.461	571.245
36.547	875.325	570.710
36.986	875.257	570.545
36.681	875.458	570.584
36.604	875.263	569.742
36.730	875.107	570.930
36.628	875.111	570.915
36.615	875.258	570.943
36.119	875.434	570.603
36.231	875.153	570.817
36.571	875.255	570.769
36.444	875.448	570.962
36.259	875.116	570.918
36.732	875.601	570.753
36.269	875.777	570.710
35.994	875.347	570.844
36.219	874.959	570.170
36.313	874.988	570.373
36.948	874.894	571.304
36.341	875.576	571.127
36.094	875.942	570.674
36.079	876.525	569.851
36.089	876.855	570.265
36.448	876.297	569.574
36.582	876.082	570.016
35.900	875.825	569.836
36.285	875.264	571.117
36.588	875.907	569.877
36.228	875.941	570.336
36.329	875.281	570.503
35.985	875.705	570.858
36.676	875.856	570.930
36.768	875.526	570.716
36.416	876.635	570.466
36.486	875.857	570.661
36.484	876.086	570.811
36.398	875.003	571.797
36.663	875.545	570.877
36.013	876.118	570.552
36.436	875.985	570.598
36.405	875.388	570.738
36.104	875.320	571.113
36.275	875.578	570.795
36.389	875.544	570.381
36.576	875.500	570.348
36.639	875.126	570.726
36.130	874.988	571.149
36.370	874.221	571.112
36.615	875.083	570.335
36.270	875.419	570.473
36.278	874.897	570.968
36.430	875.689	570.715
36.512	876.289	570.916
36.321	876.069	570.340
36.270	875.910	569.611
36.633	875.053	570.580
36.035	875.109	570.824
36.738	875.343	570.426
36.613	874.406	570.933
35.900	875.156	570.305
36.412	875.296	569.890
36.747	875.591	569.722
36.147	875.975	570.392
36.493	876.027	570.434
36.505	875.686	570.408
36.578	876.626	568.962
35.980	876.861	570.496
35.771	876.165	570.061
36.427	875.421	570.768
36.485	875.502	570.761
36.592	875.798	570.707
36.408	876.546	570.255
36.450	876.442	570.219
36.461	876.360	569.952
36.640	876.175	569.933
36.018	876.123	570.318
36.155	875.807	569.578
36.281	875.643	570.119
36.573	876.183	570.022
36.093	875.933	569.796
36.109	875.614	570.569
36.341	876.127	571.084
36.575	875.606	570.944
36.298	875.294	570.759
37.178	875.580	571.355
36.422	876.126	570.274
36.390	875.669	570.294
36.283	876.062	570.730
36.328	876.027	570.593
36.319	875.240	570.915
36.279	875.128	570.647
36.334	875.421	571.009
36.351	875.441	571.149
36.290	875.764	570.365
36.495	875.400	570.566
36.465	875.101	570.875
35.924	874.593	570.715
36.445	875.425	570.563
36.314	875.491	570.489
36.106	875.430	570.318
36.274	875.455	569.804
36.437	874.325	571.024
36.549	874.531	570.280
36.515	876.095	569.318
36.129	875.920	568.958
36.165	875.981	569.892
36.804	875.777	570.677
36.212	875.737	570.558
36.243	875.398	571.266
36.206	875.970	570.357
36.465	876.298	569.612
36.096	875.694	570.453
36.217	875.767	570.289
36.533	876.042	570.283
36.313	876.306	570.501
36.598	875.392	571.067
36.097	874.696	571.202
36.261	874.781	570.712
36.190	874.518	570.411
36.296	875.231	570.141
35.973	875.420	570.211
36.277	875.370	569.901
36.214	875.477	570.067
36.485	875.203	570.663
36.552	875.316	571.118
35.693	875.521	570.721
36.047	875.665	571.529
36.398	875.956	570.533
36.480	875.611	570.612
36.678	875.456	571.442
36.197	875.256	571.028
36.485	875.659	570.449
36.854	875.869	570.022
36.240	876.560	569.767
36.228	876.435	570.310
36.266	875.851	570.183
36.143	875.921	570.593
36.341	875.627	571.511
36.364	875.756	571.551
36.429	875.495	571.032
36.295	875.606	569.987
36.054	875.699	570.896
36.300	875.488	569.673
36.676	874.977	570.125
36.253	875.307	570.687
36.684	875.143	570.323
36.070	875.129	570.390
36.176	874.694	570.023
36.350	875.180	569.668
36.349	874.502	570.998
36.222	875.143	570.753
36.447	875.235	571.534
36.717	874.937	571.263
36.072	875.527	570.361
36.543	876.266	569.783
36.146	875.956	570.398
36.260	875.534	570.085
36.064	875.888	569.976
36.187	876.473	569.942
35.978	875.820	569.490
36.323	875.459	569.714
36.339	875.651	569.575
36.019	876.163	570.309
36.434	875.328	570.654
36.347	875.680	571.073
36.450	875.350	570.806
36.205	876.002	570.449
36.500	875.331	570.217
35.953	875.373	570.595
36.296	875.150	571.341
36.353	875.422	571.028
36.068	875.154	570.746
36.279	875.647	570.689
36.480	875.994	569.757
36.217	875.731	570.765
35.889	876.255	570.754
36.594	875.698	570.666
36.395	875.257	570.836
36.697	875.063	571.291
36.378	875.013	570.761
36.661	874.955	570.731
36.166	874.943	571.165
36.481	874.769	571.297
36.538	874.900	571.396
36.291	874.812	570.336
36.217	874.988	570.707
36.415	875.365	570.476
36.299	874.693	570.271
36.534	874.824	570.703
36.163	875.183	570.017
36.516	874.243	570.194
36.229	874.621	570.326
36.142	875.885	569.734
35.959	876.253	570.691
36.138	875.857	570.851
36.115	876.085	570.937
36.574	876.332	570.071
36.186	875.952	570.626
36.312	875.218	571.426
35.892	875.919	570.174
36.184	875.663	570.778
35.970	875.317	570.680
36.109	875.048	570.504
36.406	875.157	570.483
36.080	874.990	569.968
36.087	875.896	569.622
36.358	875.628	570.720
36.091	875.743	571.070
36.344	875.125	571.002
36.589	875.326	570.779
36.153	874.799	571.773
36.199	875.408	571.114
36.034	875.621	570.741
36.013	876.200	570.545
36.091	876.057	570.874
36.578	875.663	571.284
36.521	875.608	570.985
36.239	875.814	570.945
36.335	875.538	570.238
36.545	875.833	569.671
35.968	876.279	569.697
36.418	875.262	570.756
35.590	875.299	571.341
36.464	875.166	570.159
36.092	875.831	569.287
36.584	875.712	570.264
35.890	875.771	570.417
36.062	875.726	569.524
36.074	875.401	571.011
36.513	874.968	570.869
36.263	875.079	570.512
36.269	875.060	571.171
35.938	875.848	570.614
36.481	876.987	570.330
36.195	876.613	569.982
35.793	876.956	569.938
35.814	876.431	569.997
35.871	875.620	569.669
36.377	876.001	570.365
36.267	875.853	570.202
36.350	875.944	570.931
36.035	875.858	570.826
36.424	875.167	570.784
35.928	875.574	570.647
36.384	875.701	571.141
36.710	875.679	570.845
36.175	876.130	570.391
36.120	875.810	570.158
36.342	876.604	570.128
36.330	876.358	570.307
36.276	875.051	570.940
36.220	875.607	570.684
36.262	875.679	570.756
36.182	875.850	570.342
35.919	876.220	570.049
36.218	875.364	571.021
36.163	875.547	570.262
36.334	875.941	570.314
36.262	875.992	570.712
36.163	875.810	570.771
36.617	875.254	570.226
36.624	874.883	569.750
36.389	874.913	570.018
36.267	875.052	570.354
36.651	875.132	569.969
35.825	875.429	570.821
36.484	875.195	570.653
36.141	875.847	570.037
36.444	875.629	570.662
36.145	875.200	570.446
35.864	875.742	570.054
35.930	875.487	570.411
36.661	875.391	570.174
36.374	875.127	570.344
36.155	875.878	570.193
36.080	875.329	570.596
36.350	875.150	570.438
35.850	875.367	570.134
36.353	874.636	570.773
36.310	875.594	570.752
36.061	876.075	570.480
36.380	876.225	569.511
36.062	875.518	570.739
36.121	875.912	570.933
36.169	875.794	570.716
36.368	876.332	570.399
36.465	875.474	570.150
36.472	875.494	570.215
36.234	875.129	570.587
36.346	875.564	570.948
36.137	875.054	571.120
36.489	875.728	571.066
35.631	876.105	571.000
36.118	876.152	570.552
36.385	875.585	570.459
35.968	875.903	570.401
36.167	875.699	570.141
36.033	875.788	570.598
36.125	876.057	570.772
36.404	875.134	571.668
36.206	875.358	571.093
36.533	875.415	570.782
36.564	875.358	570.971
36.176	874.539	570.789
36.418	875.934	570.068
36.112	876.701	570.149
35.886	876.250	570.521
36.090	875.776	570.538
36.343	875.139	571.339
36.349	875.523	570.413
36.612	875.386	570.570
35.965	875.013	570.634
36.336	874.902	570.861
36.265	875.866	571.040
36.528	876.142	570.434
35.933	876.073	570.322
35.943	875.389	570.996
36.339	874.848	571.184
36.097	874.918	570.610
36.057	875.804	570.222
36.241	875.696	570.998
36.694	876.297	571.286
35.979	875.302	570.856
35.982	876.074	570.703
36.286	875.849	570.087
36.431	875.822	570.296
35.948	876.088	570.564
36.202	874.792	571.891
36.567	875.502	571.106
36.505	875.960	570.191
36.254	875.991	570.307
36.310	876.314	570.488
36.290	875.206	570.612
36.447	875.497	570.682
36.430	876.430	569.901
36.205	876.396	569.900
36.203	875.276	571.070
36.138	875.841	570.570
36.370	875.807	570.410
36.288	876.103	570.119
36.215	875.344	570.757
36.318	875.030	571.165
36.303	874.830	571.305
36.371	875.284	570.352
36.264	874.839	570.292
36.165	875.471	570.058
35.958	874.994	570.784
36.297	874.584	570.932
36.355	874.772	570.655
36.329	875.582	570.583
35.919	875.614	570.764
35.835	875.805	570.869
35.538	876.158	571.450
36.366	875.391	571.198
36.362	875.350	571.032
35.945	875.668	571.103
36.057	876.111	570.957
36.528	876.021	570.911
36.199	875.806	571.203
35.867	876.157	570.168
36.445	876.216	570.111
35.892	876.357	570.788
36.055	875.598	571.112
35.807	875.420	570.904
36.016	875.319	570.669
36.733	874.982	570.801
36.210	875.512	570.332
36.028	875.285	570.488
36.257	874.760	570.722
36.092	875.451	570.733
35.901	875.418	570.987
36.355	875.173	570.442
36.380	874.975	570.796
36.356	875.739	570.730
36.054	875.937	570.046
36.110	875.848	570.465
36.194	875.882	569.989
35.993	876.269	569.453
36.073	875.910	569.672
36.493	875.494	570.568
36.180	875.152	570.334
36.046	875.611	570.594
36.219	876.106	570.225
36.236	876.592	569.935
35.944	876.320	569.893
35.694	875.518	570.956
36.161	875.789	570.393
36.515	875.894	569.895
36.222	875.856	570.736
36.085	875.845	571.605
36.532	874.755	571.911
36.327	875.264	571.691
36.176	874.673	571.459
36.550	874.609	570.579
36.179	875.280	570.786
36.568	875.019	571.816
36.063	875.097	571.541
35.955	874.906	570.635
36.666	875.339	570.322
36.245	874.977	570.909
36.661	874.757	570.830
36.217	876.165	569.834
35.982	875.967	570.381
36.629	876.131	570.166
36.462	875.563	570.172
36.326	876.203	570.030
36.008	875.388	570.200
35.898	876.157	569.990
36.295	876.177	570.227
36.182	875.712	571.247
36.053	876.043	570.935
35.709	876.368	570.471
35.897	875.823	570.079
36.147	875.675	570.141
36.107	875.375	570.661
36.655	875.109	570.655
36.735	874.722	571.305
36.351	875.282	570.849
36.327	874.957	571.359
36.018	876.172	570.523
35.967	875.545	570.624
36.594	875.381	571.170
36.255	874.766	570.959
36.317	875.624	570.875
36.117	876.228	570.548
36.362	875.912	570.487
36.319	875.894	570.095
35.929	875.528	570.653
36.020	875.697	570.793
36.284	876.047	570.352
36.421	875.592	570.709
36.050	876.121	570.872
36.268	875.436	571.251
36.225	875.512	570.454
36.084	876.149	570.808
36.023	875.617	570.287
36.263	874.996	570.837
36.269	874.939	570.692
36.043	874.667	570.858
36.402	874.877	571.255
36.031	875.588	570.957
36.366	875.319	571.067
36.168	874.918	571.265
36.166	875.015	571.396
36.219	874.495	570.641
36.521	874.554	570.179
35.980	874.906	570.404
36.270	875.305	570.491
35.826	875.370	570.042
36.220	875.538	569.744
36.158	875.743	570.444
36.189	876.060	570.415
35.862	875.460	570.057
36.150	874.901	570.202
36.125	875.451	570.511
36.348	875.484	570.540
36.123	874.800	571.108
36.386	875.157	570.534
36.383	875.088	570.218
36.217	875.633	570.332
36.373	876.192	569.998
35.905	876.497	570.063
36.168	875.791	570.490
36.133	875.043	570.139
35.904	875.471	570.118
36.128	874.746	570.543
36.643	874.869	571.411
36.332	875.832	570.959
36.206	875.235	570.527
36.394	875.787	570.524
36.177	876.053	570.063
36.064	875.496	570.364
36.043	875.410	570.789
36.004	875.722	570.443
36.386	875.644	570.504
36.316	876.180	570.583
36.080	875.928	570.862
35.854	875.221	570.478
36.017	874.721	570.792
36.202	875.129	570.844
36.009	875.184	571.097
36.087	875.203	570.342
36.118	874.734	570.828
36.105	875.225	570.751
36.435	874.959	570.770
36.528	874.770	571.314
35.915	874.943	570.600
36.050	875.061	570.680
36.165	875.163	570.817
36.093	875.648	571.186
35.919	876.042	570.015
35.625	876.086	570.029
36.192	875.708	570.932
36.492	875.013	571.427
36.419	875.307	570.942
36.120	876.016	570.250
36.169	875.587	570.822
35.919	876.013	570.103
36.238	875.708	570.675
36.161	875.958	570.754
35.699	875.614	571.016
36.038	876.575	570.194
36.082	876.242	570.206
35.973	875.569	570.540
35.922	876.391	570.533
36.191	875.799	570.618
35.987	875.670	570.904
35.853	875.487	571.592
36.266	875.178	571.547
36.379	875.497	570.814
36.332	875.080	570.649
36.139	875.164	571.146
36.178	875.535	571.314
36.127	876.054	570.513
36.011	875.985	570.709
35.878	875.703	571.120
36.063	875.983	570.335
36.056	876.406	570.371
36.024	875.363	570.831
35.864	875.075	570.846
36.306	875.291	570.692
36.145	875.018	570.672
36.101	874.771	571.442
36.251	875.125	570.575
36.190	874.598	571.583
36.452	874.543	572.723
36.278	875.979	571.520
36.158	875.615	571.314
36.002	876.095	570.726
35.719	875.419	570.733
36.126	874.778	570.825
35.977	875.201	570.413
36.506	875.071	570.167
36.350	874.915	570.319
35.858	875.205	570.520
35.892	874.706	570.445
35.832	874.871	571.028
36.252	874.945	571.220
36.064	875.353	570.807
36.292	874.665	570.815
35.993	875.033	571.231
36.487	875.282	570.328
35.929	875.517	570.488
35.937	875.643	570.506
35.985	876.323	570.410
36.525	875.221	571.149
36.648	874.766	571.751
36.074	875.178	571.251
36.272	875.162	570.881
36.066	875.082	571.806
36.081	874.902	570.590
36.166	874.829	570.977
36.294	875.015	571.360
36.185	875.136	570.712
36.185	875.730	570.327
35.882	876.410	570.242
36.079	875.133	571.049
36.470	875.402	570.983
35.960	874.619	571.182
36.187	875.425	570.977
36.103	874.486	571.351
36.600	875.080	570.486
36.144	875.020	570.534
36.246	874.830	571.662
35.898	875.573	571.117
36.225	875.773	570.908
35.932	875.233	570.828
36.294	875.375	570.513
35.984	875.378	571.088
36.247	874.886	570.960
36.059	875.473	570.703
36.301	875.609	570.548
35.898	875.260	570.589
36.175	874.365	570.879
36.588	874.896	570.474
36.038	874.918	570.399
36.213	874.828	570.862
35.902	875.282	570.322
36.207	874.575	570.655
36.091	875.376	570.876
35.735	875.348	570.705
35.791	875.194	570.705
36.517	874.450	570.514
36.595	874.852	570.680
36.320	875.263	570.563
36.231	875.636	570.110
36.489	875.052	570.138
36.278	875.109	570.495
36.285	875.240	570.279
36.013	875.804	570.036
36.014	875.826	571.130
35.889	875.534	570.939
36.030	875.708	571.086
36.125	875.995	571.363
36.151	875.677	570.707
36.274	875.259	570.866
36.255	875.959	570.325
36.170	875.769	570.234
35.892	875.923	570.190
35.674	875.860	570.152
35.979	876.036	570.229
35.869	875.807	570.498
36.381	875.449	569.944
36.242	874.618	570.624
36.354	875.296	570.680
36.193	875.647	570.661
35.729	875.930	571.113
36.180	875.829	570.879
35.906	875.815	571.047
36.322	875.856	570.319
36.176	875.834	570.424
35.868	875.377	570.521
36.047	874.446	570.767
36.149	875.488	569.775
35.995	875.281	570.523
35.876	875.051	570.339
36.319	874.898	569.808
35.437	875.611	570.401
36.032	876.026	570.485
35.903	876.080	570.430
36.356	874.759	570.499
35.877	875.087	571.000
36.236	875.586	570.141
35.937	875.421	570.014
35.599	875.041	570.276
35.973	874.594	569.988
36.061	874.878	570.291
35.947	874.835	570.236
36.067	875.749	570.470
35.975	875.746	570.795
36.210	875.555	570.921
36.007	875.181	571.031
36.199	875.141	570.597
36.049	875.475	570.878
36.141	875.694	570.939
36.091	875.686	570.742
35.669	875.454	570.663
36.251	875.565	570.691
35.867	875.796	570.773
35.887	875.767	571.508
36.069	875.368	571.330
36.072	875.537	570.845
36.114	875.361	570.770
36.318	874.787	571.041
36.163	875.767	570.400
35.870	874.891	570.801
36.243	874.877	570.918
35.957	875.202	570.952
35.998	875.117	570.856
36.041	874.959	570.569
35.773	875.456	571.146
35.943	875.032	571.173
36.163	874.727	570.909
36.197	874.950	571.076
36.136	875.220	570.775
35.682	875.338	571.091
36.107	875.228	570.688
35.840	875.709	571.003
36.241	875.900	570.590
36.236	875.444	571.017
36.047	875.632	570.170
36.014	875.320	570.818
36.188	875.369	570.940
35.588	875.397	570.484
36.269	874.759	570.754
36.259	875.679	570.538
36.573	875.943	570.210
35.966	875.213	570.599
35.850	875.324	570.778
36.236	874.807	571.098
35.989	874.960	571.066
36.097	875.045	570.412
35.934	875.340	570.157
36.386	875.009	570.470
35.819	875.206	570.832
35.906	875.204	570.625
36.515	875.693	570.265
36.285	875.550	569.926
36.170	875.875	570.396
35.773	875.522	569.942
36.076	874.766	570.986
36.197	875.142	571.436
36.152	875.336	571.008
36.065	875.559	570.738
36.194	875.328	570.568
35.998	874.957	570.601
36.093	875.436	570.808
36.257	875.671	570.476
36.350	876.095	570.098
35.724	875.673	570.547
36.004	875.111	571.377
36.095	874.989	571.212
36.550	875.884	570.419
36.280	875.889	570.468
35.879	875.482	569.985
35.655	875.562	569.805
35.754	875.581	570.677
35.582	875.539	571.029
35.694	875.555	570.785
36.076	876.045	570.921
35.995	875.984	570.627
36.230	875.721	570.883
36.317	875.574	570.756
35.993	875.725	570.860
35.795	875.730	570.625
36.637	875.472	571.487
35.921	874.911	570.629
36.314	874.850	570.727
36.321	875.517	570.784
35.988	876.683	570.402
36.239	876.489	570.533
35.983	875.682	571.483
35.613	875.856	570.760
36.125	875.997	570.866
36.070	875.676	570.916
35.768	875.527	571.469
35.674	875.159	570.771
36.112	874.818	571.353
35.889	875.134	570.237
36.295	874.678	570.169
36.239	875.262	570.318
36.065	874.937	570.483
36.233	875.117	570.416
36.396	875.041	570.128
36.257	874.538	570.867
35.918	875.086	570.637
36.175	874.963	570.535
35.953	874.600	571.384
35.837	874.682	571.356
35.648	874.633	571.130
35.625	875.427	570.580
36.212	875.159	571.011
36.230	875.459	570.530
36.076	875.407	570.430
35.786	874.944	570.720
36.105	874.431	571.365
35.965	874.832	570.201
35.890	875.243	570.027
36.172	875.466	569.738
35.870	875.003	570.622
36.183	875.532	570.429
36.260	875.192	570.607
36.233	874.986	570.893
36.042	875.629	570.759
35.816	875.510	570.896
35.882	875.232	571.146
35.782	875.446	571.124
35.785	875.408	571.238
36.039	874.509	571.489
36.221	875.236	571.226
35.789	875.177	570.277
35.941	875.265	570.525
36.098	874.579	570.693
36.104	875.425	570.785
36.361	874.845	570.591
36.375	875.448	570.837
36.211	875.384	571.261
36.037	875.209	571.088
36.301	874.559	571.592
35.984	874.979	571.361
36.268	874.557	570.832
36.010	875.196	570.929
36.222	875.117	570.862
36.237	875.191	570.711
36.226	874.560	570.852
36.343	875.223	570.544
36.040	875.147	570.664
35.539	875.823	571.214
36.501	876.169	570.657
35.940	875.544	571.050
36.264	875.844	571.000
36.130	875.149	571.090
35.998	875.424	570.430
35.869	874.683	571.375
36.124	875.248	570.501
36.168	874.970	571.193
36.191	875.478	570.435
35.799	875.268	570.554
35.643	874.989	570.612
36.142	875.041	571.033
36.102	875.100	570.962
36.266	875.115	570.503
35.682	874.910	571.141
36.281	875.590	571.046
35.852	875.821	571.079
36.076	875.529	570.770
36.311	874.987	571.063
36.204	875.309	570.110
36.282	875.234	570.080
35.801	875.321	569.847
36.062	875.135	570.798
36.006	875.402	570.854
36.083	875.334	570.806
36.587	875.110	571.028
35.802	875.052	570.926
35.898	874.704	570.822
35.773	875.406	570.180
36.028	874.858	570.489
36.292	874.683	570.645
35.708	874.371	571.396
35.681	875.075	570.478
36.068	875.467	569.935
36.000	875.403	569.881
36.228	874.751	570.399
35.998	874.364	570.760
36.167	874.606	571.118
35.838	875.723	570.568
36.298	875.817	570.602
35.973	876.075	571.005
36.551	875.678	570.766
35.698	875.848	570.593
35.845	875.239	570.497
36.084	875.113	569.888
35.934	875.343	570.301
35.614	875.297	570.502
36.149	875.029	571.662
36.435	875.021	570.824
36.122	874.896	571.002
35.942	876.033	570.365
35.962	875.288	571.257
36.048	874.781	570.421
36.001	874.928	571.088
35.885	875.317	570.739
36.028	875.382	570.756
36.131	874.952	571.028
36.114	875.131	571.049
36.031	874.444	571.196
36.214	874.203	571.344
36.141	874.426	570.560
35.998	874.888	570.909
36.191	875.449	570.936
36.257	875.098	570.749
36.331	875.339	570.354
36.025	874.788	570.194
36.293	874.840	570.580
36.058	874.971	571.177
35.866	875.616	571.062
36.230	875.011	571.150
36.302	875.021	571.183
36.260	875.480	570.171
36.230	875.521	570.409
36.226	874.969	570.247
35.509	875.446	570.770
35.891	875.425	571.096
36.109	875.061	570.890
36.505	875.691	570.088
35.939	875.584	570.738
35.879	875.821	570.624
36.010	875.400	570.734
36.131	875.535	571.465
36.094	875.305	571.035
35.825	875.529	571.117
36.327	875.311	570.884
36.049	875.353	570.944
36.196	875.350	570.499
36.309	874.798	570.312
35.991	875.334	570.033
36.381	874.818	570.143
35.668	875.235	570.301
36.007	875.092	570.357
35.652	874.584	570.556
35.963	876.112	570.608
35.661	875.933	570.782
36.081	875.266	571.294
36.232	874.643	570.631
36.606	875.116	570.615
36.222	874.842	571.366
35.873	874.922	570.614
35.910	875.299	570.626
36.246	875.269	571.237
36.157	875.165	570.714
35.701	875.723	571.198
35.791	874.950	572.125
36.198	875.468	571.131
36.216	875.552	570.869
35.813	875.699	571.415
35.743	875.441	571.063
36.057	874.993	570.424
35.925	874.810	570.580
36.056	874.893	571.369
35.815	875.035	570.731
36.208	874.924	570.852
36.286	875.237	570.483
36.060	874.808	571.023
35.988	874.751	571.428
35.892	875.755	570.881
35.846	875.606	570.988
35.861	875.038	571.554
36.106	875.373	571.500
36.019	875.277	570.447
36.137	875.352	569.726
36.050	874.901	569.923
35.726	874.960	570.491
35.770	874.788	570.757
36.024	874.348	571.247
35.679	874.689	570.634
36.043	874.545	570.893
36.025	874.955	571.278
36.471	875.139	570.852
36.068	874.866	570.757
35.997	875.042	570.873
36.289	875.454	570.664
36.069	875.551	571.061
36.062	875.255	570.736
36.254	874.333	571.413
35.839	874.090	570.939
36.024	873.763	571.534
36.136	874.101	571.497
35.922	874.405	570.600
35.774	874.249	570.735
36.002	874.786	570.834
35.782	874.682	571.423
35.997	874.315	571.762
35.929	874.651	571.268
35.951	874.722	570.885
36.055	875.993	570.783
35.773	875.028	571.318
35.943	875.491	570.742
35.710	875.401	570.740
36.144	874.887	571.142
36.324	875.351	570.713
36.003	875.510	570.699
36.075	876.054	570.292
35.776	876.275	569.963
36.123	875.425	570.185
36.050	874.547	570.893
35.992	875.046	570.571
36.223	874.766	571.231
36.152	875.533	570.533
36.193	875.692	571.084
36.398	875.072	571.061
35.904	875.374	570.597
35.676	875.785	570.652
35.952	875.546	570.800
36.275	875.479	571.009
36.029	875.500	570.363
36.033	875.351	570.714
36.052	874.672	570.947
36.167	874.838	570.942
36.425	875.032	570.315
35.853	874.722	570.889
35.990	874.746	571.443
36.105	875.268	570.525
36.157	874.677	571.151
36.071	875.502	570.764
36.028	875.694	571.113
35.925	875.341	571.417
36.066	875.923	571.144
35.981	875.756	571.292
36.239	875.973	571.059
36.151	875.345	571.183
36.022	875.535	570.554
36.015	875.040	571.227
35.471	876.283	570.673
35.893	874.934	571.340
35.899	874.717	570.824
35.831	874.873	570.944
36.270	875.822	570.438
36.020	875.913	570.267
36.073	875.620	570.490
35.811	875.451	570.572
36.154	875.306	570.933
35.624	874.441	571.437
36.238	874.001	571.032
35.721	874.279	571.867
35.839	874.692	571.099
36.001	874.635	571.363
36.169	874.648	571.796
36.045	875.508	571.301
36.216	875.485	570.489
35.924	874.709	570.752
36.154	875.171	571.207
35.928	874.739	570.984
35.922	875.769	570.729
35.826	875.262	571.120
36.326	874.736	570.769
35.963	875.027	570.783
35.812	875.387	570.748
35.832	875.729	571.046
35.969	875.494	570.819
36.149	874.770	571.302
36.046	875.116	571.078
36.036	874.338	571.137
35.790	873.771	571.914
36.169	874.224	571.740
35.911	874.411	571.408
35.905	874.052	570.612
35.308	875.269	571.289
35.886	874.772	570.858
36.106	875.239	571.121
35.269	874.854	571.224
36.264	875.185	570.533
35.852	874.630	571.131
35.940	874.743	571.545
36.069	875.044	571.394
36.081	875.149	570.815
36.224	874.741	570.940
36.156	875.128	571.165
35.997	875.097	570.367
35.916	874.876	570.615
35.656	875.339	570.420
35.669	874.406	570.584
35.570	874.430	571.117
35.593	875.130	570.554
36.125	875.526	570.626
36.325	875.258	571.013
36.169	874.922	571.005
35.757	875.647	571.129
35.885	875.849	571.420
36.036	876.226	571.131
35.985	875.789	571.654
35.996	875.462	571.869
36.356	875.241	571.369
35.706	874.634	571.930
36.029	875.048	571.118
36.118	874.625	570.800
36.375	874.057	571.414
36.083	874.372	571.104
36.331	874.103	571.199
35.730	874.657	571.249
35.901	874.807	571.031
35.782	875.794	570.099
35.861	875.785	570.845
35.813	875.735	571.104
36.055	874.956	571.024
36.201	874.354	571.604
36.213	875.053	571.371
35.958	875.227	570.752
35.685	874.787	571.252
36.114	875.950	570.757
35.765	875.954	571.555
36.034	875.776	571.783
35.969	875.965	571.380
36.184	875.374	570.706
36.091	874.338	570.935
36.021	874.753	571.068
36.186	875.392	570.847
36.340	875.048	570.922
36.482	875.225	570.588
36.242	874.656	571.217
35.844	875.029	570.720
35.828	875.246	570.935
35.932	875.065	570.652
35.714	875.197	570.575
36.185	874.519	571.235
35.710	875.621	570.782
35.935	875.485	570.781
35.933	874.678	571.097
35.879	875.054	571.395
36.407	874.543	570.932
35.998	875.093	570.736
35.827	875.485	570.366
36.089	874.919	570.499
35.755	874.695	570.446
35.754	874.718	570.929
36.070	874.409	571.894
36.130	873.865	571.996
35.777	874.322	571.710
35.740	874.261	571.674
36.067	875.136	571.304
35.907	875.313	570.134
35.943	875.464	570.770
36.195	874.693	571.768
35.783	875.318	571.826
35.996	875.196	570.947
35.647	875.451	570.775
35.808	875.250	571.012
35.798	875.114	571.330
36.326	874.029	571.175
35.569	874.611	570.987
35.915	874.351	571.399
35.649	874.204	571.662
36.117	874.549	571.535
35.944	875.349	571.296
35.920	875.051	571.334
36.263	875.320	571.231
35.776	875.711	571.104
36.171	875.420	571.381
36.103	874.815	571.318
36.031	875.126	571.162
35.914	875.980	570.509
35.822	875.589	570.362
36.342	875.440	570.274
35.649	874.815	570.920
35.561	874.702	570.881
35.885	875.161	571.241
35.882	874.849	570.724
35.824	874.898	570.922
35.452	874.647	570.776
35.873	874.819	570.752
35.607	875.602	570.642
35.800	875.897	570.487
36.365	875.822	570.345
35.458	875.203	570.820
36.178	875.058	570.943
36.180	874.973	571.003
35.942	875.045	570.992
36.063	875.387	570.072
36.109	875.163	570.658
36.029	875.358	571.090
35.959	874.822	571.503
35.756	875.086	571.680
35.913	875.561	571.430
35.899	874.933	571.548
36.233	874.799	571.728
36.083	874.895	571.200
36.022	875.157	571.235
35.972	875.057	571.230
35.822	874.772	571.194
35.970	875.375	571.111
35.708	874.920	570.916
35.585	874.557	570.900
36.045	874.861	571.142
36.026	874.680	570.948
35.895	875.154	571.075
36.062	874.896	571.298
35.734	874.999	571.825
35.992	874.746	571.962
36.047	874.712	571.161
36.153	874.738	570.703
36.221	874.987	570.934
35.930	875.625	570.972
35.834	874.930	571.191
35.662	874.963	571.695
35.789	875.287	571.228
35.891	875.622	571.346
36.004	874.619	570.689
36.230	874.621	570.715
35.956	874.900	570.853
35.875	875.736	571.071
35.632	876.011	570.955
36.095	875.678	571.124
35.901	875.184	571.355
35.731	875.581	570.621
36.480	875.216	570.602
35.617	875.746	571.019
35.773	876.058	570.744
35.890	875.500	571.247
36.024	875.222	571.307
36.093	875.238	570.601
36.044	875.023	570.792
35.631	875.232	571.259
35.975	875.074	571.258
35.754	875.686	570.822
35.874	875.456	571.002
35.676	875.309	570.396
36.045	874.841	570.804
35.644	874.855	570.952
35.776	874.965	570.851
35.680	874.811	570.950
35.902	875.033	570.792
36.201	875.694	570.987
35.653	875.767	570.657
35.784	875.109	571.346
36.088	874.518	571.281
35.969	874.813	571.300
35.968	874.893	571.550
35.754	875.016	571.383
36.213	875.413	571.086
35.811	875.181	570.729
35.802	874.728	570.739
35.924	874.937	570.678
35.944	875.120	570.756
35.723	875.138	571.221
35.541	875.862	571.082
35.838	875.587	570.892
35.659	875.613	571.066
35.958	875.431	571.168
35.776	875.159	571.098
36.535	874.937	571.280
36.175	875.041	571.016
35.576	875.323	570.828
35.709	875.357	571.521
35.905	875.239	571.641
35.798	875.079	571.011
36.164	874.953	571.481
35.897	875.217	570.429
35.932	875.321	570.534
35.613	875.521	571.179
35.442	875.162	571.262
35.823	875.046	571.451
35.933	874.533	572.069
35.617	875.251	571.516
35.769	875.067	571.269
35.879	875.148	571.016
35.851	875.135	570.916
35.916	874.808	571.166
35.663	874.994	571.531
35.960	875.569	571.094
36.172	874.911	571.349
36.018	875.089	571.003
35.932	874.482	571.565
35.914	875.287	571.381
35.983	874.997	571.430
35.898	875.324	570.936
35.744	876.000	570.283
35.670	875.079	571.020
35.986	874.759	571.057
35.894	875.482	570.755
35.840	875.093	570.649
35.685	875.349	570.373
35.765	875.017	570.794
35.661	874.997	570.622
35.929	875.703	570.681
36.061	875.445	571.201
35.657	875.266	571.529
36.152	875.168	571.423
36.040	874.967	570.475
35.755	874.805	570.264
36.000	875.562	570.386
36.060	875.322	570.702
35.775	875.308	571.168
35.609	875.110	570.889
35.399	874.889	571.280
35.662	875.284	571.087
35.895	874.924	571.318
35.958	875.306	570.862
36.237	874.729	570.825
35.993	875.194	570.948
36.089	875.228	571.078
36.063	875.482	571.011
35.810	874.379	571.673
35.988	874.624	572.037
35.917	875.095	571.319
35.813	873.789	571.721
35.983	875.167	570.976
36.031	875.104	570.991
35.764	874.193	571.119
36.041	874.100	570.918
36.024	874.084	571.491
35.564	874.263	570.809
35.493	874.595	570.916
35.582	875.809	570.662
35.848	875.389	570.639
35.975	874.948	570.908
35.938	875.430	571.096
35.667	875.082	571.097
36.124	874.403	570.877
35.322	874.085	571.412
35.971	874.749	570.847
36.018	874.698	571.500
36.128	875.155	571.491
35.923	874.656	570.909
35.883	874.601	570.743
36.162	875.328	570.522
35.924	875.382	571.497
36.157	875.380	571.225
36.196	875.162	570.332
36.112	875.210	570.165
35.694	875.508	570.715
36.037	875.200	571.600
35.831	874.341	572.159
35.977	875.107	571.142
36.235	875.168	571.394
36.108	874.806	571.181
36.320	874.940	570.569
36.068	875.179	571.082
36.059	875.396	570.964
36.267	874.782	571.085
36.107	874.676	570.539
35.949	874.782	571.443
36.185	875.674	570.510
36.007	874.958	571.509
35.893	875.413	571.022
35.751	875.606	571.389
35.635	875.488	571.290
35.825	874.800	571.144
35.903	875.122	570.616
36.260	875.065	571.034
36.120	875.110	571.306
35.771	875.174	571.335
36.003	874.655	571.121
36.003	875.520	571.113
35.953	875.221	571.600
36.131	874.992	570.773
35.833	874.650	571.490
36.254	875.270	570.482
36.011	874.954	570.188
35.529	875.170	571.067
35.850	874.703	571.859
35.847	875.622	571.459
35.795	875.701	570.717
35.294	875.027	571.425
35.910	874.879	571.326
36.042	874.909	570.921
35.879	874.894	571.044
35.996	874.738	571.209
36.176	874.931	571.456
35.910	875.140	570.881
35.609	875.963	569.767
35.777	876.350	570.566
36.178	874.928	570.733
35.885	874.909	571.876
36.097	874.941	571.616
36.166	874.353	571.743
35.746	874.269	571.546
36.156	874.360	571.510
35.844	874.483	571.519
35.496	874.378	571.464
35.608	874.727	571.092
35.685	874.818	571.607
36.157	874.794	571.896
36.051	874.373	571.128
35.813	873.850	571.008
35.785	873.981	572.071
36.105	875.221	570.706
35.982	874.606	571.150
36.129	874.431	571.273
35.576	873.961	571.459
36.051	874.605	570.922
36.089	875.263	571.000
35.706	874.940	571.456
35.969	874.957	571.096
36.213	875.009	570.562
35.595	874.827	570.938
35.731	874.692	571.861
36.199	874.828	571.802
36.219	874.827	571.849
35.752	875.810	571.465
35.922	875.130	571.518
36.003	874.902	571.419
35.815	874.754	571.423
35.797	875.548	571.679
35.773	875.151	572.023
35.624	874.450	571.872
36.030	874.265	571.856
35.680	874.487	571.812
36.275	874.288	571.741
35.824	874.224	571.214
35.851	874.926	570.889
36.032	874.619	571.905
35.884	875.307	571.268
35.370	874.810	571.575
35.803	874.930	571.449
35.895	874.482	570.689
35.679	874.336	571.035
36.007	873.982	571.480
35.679	874.565	570.971
35.992	875.115	571.082
35.433	875.575	571.215
35.522	875.442	571.174
35.574	873.833	572.193
36.196	873.861	572.004
35.501	874.442	572.321
36.102	873.706	571.434
35.848	874.022	571.535
35.666	874.712	571.847
35.709	874.902	572.182
36.012	874.757	572.062
36.045	874.452	572.230
35.774	874.832	571.780
35.575	875.093	571.440
35.133	874.835	571.402
35.935	874.026	571.302
36.053	874.200	571.224
36.150	874.071	571.237
36.200	874.348	570.925
35.608	874.643	571.174
36.292	874.593	571.405
35.635	875.294	571.188
35.972	874.315	571.466
35.629	874.765	570.721
35.685	875.352	571.735
35.423	874.776	571.797
36.251	874.996	570.876
36.123	875.465	571.049
35.864	875.042	571.391
35.679	875.063	571.158
35.747	874.937	571.442
35.848	874.817	571.682
35.843	875.454	571.764
35.771	875.064	571.783
35.774	875.023	571.849
35.644	874.236	571.848
36.173	874.242	571.138
36.049	873.967	570.754
35.634	874.112	571.065
35.714	874.734	570.527
36.112	875.254	571.096
35.746	875.214	571.104
35.817	875.204	571.470
35.571	875.301	571.548
35.611	875.574	572.020
36.123	876.089	571.209
35.637	875.419	570.774
35.841	874.437	571.095
36.146	873.815	571.267
35.834	875.049	570.655
35.768	875.259	570.992
35.963	875.390	571.022
35.858	874.284	570.564
35.544	873.834	571.509
35.997	873.366	571.932
35.732	875.137	571.323
35.922	874.762	571.185
35.757	875.050	571.293
36.110	874.990	571.163
35.448	874.448	571.574
35.579	874.598	571.468
36.028	874.715	571.209
36.032	874.778	570.980
35.853	874.978	571.172
35.803	874.755	571.649
35.829	875.156	570.854
35.878	874.651	571.264
36.183	874.392	571.765
36.322	874.548	571.637
35.754	875.683	571.309
35.915	875.276	571.288
35.954	874.510	571.145
35.656	875.174	571.096
35.794	874.576	571.018
35.349	874.432	571.849
35.758	874.178	572.172
35.765	874.501	571.714
35.620	874.945	571.292
35.854	874.839	571.168
35.955	875.444	571.009
35.499	874.566	571.481
36.249	874.713	571.845
35.840	874.207	571.893
35.702	873.767	571.681
35.785	873.922	572.244
35.863	874.611	572.015
36.021	873.953	571.622
35.708	874.222	571.952
35.909	874.154	571.079
35.603	874.405	571.583
36.008	873.951	571.906
35.925	873.946	571.286
35.888	874.313	570.780
35.805	874.097	571.515
36.079	874.346	571.177
35.969	874.741	571.000
35.763	874.020	571.862
35.804	874.360	571.717
35.892	874.325	571.558
35.773	874.275	571.740
35.987	874.461	571.649
35.814	874.140	572.239
35.953	875.241	570.682
35.534	875.000	571.509
35.763	875.480	570.672
35.862	874.496	571.339
35.920	874.468	570.914
35.974	874.289	571.111
35.582	874.470	571.452
35.634	874.957	571.029
36.232	875.129	571.004
35.597	874.745	571.332
35.559	874.775	571.181
35.635	874.151	571.948
36.082	874.559	571.287
35.526	874.422	571.318
35.718	873.730	571.360
36.096	874.013	571.785
35.646	874.050	572.033
36.028	874.300	571.318
36.121	874.513	571.164
35.657	875.575	571.059
35.640	874.721	572.092
35.825	875.473	571.337
36.020	875.160	571.063
35.436	875.006	571.270
36.052	875.320	570.737
35.582	875.168	570.813
35.654	874.955	571.296
35.761	874.756	571.984
35.856	874.147	572.426
35.917	874.601	570.933
35.615	874.818	571.733
35.842	875.152	572.058
35.937	875.178	571.242
35.687	874.996	571.352
36.024	875.183	571.170
36.073	874.258	571.577
35.639	875.097	571.291
35.972	875.442	570.747
35.959	874.390	570.922
35.697	874.354	571.031
35.800	874.527	570.994
36.033	875.374	570.919
35.662	875.079	571.447
35.775	874.927	571.387
35.703	874.703	571.264
36.139	874.299	571.858
36.005	874.267	571.596
35.834	875.254	571.482
35.607	875.211	571.083
35.764	875.185	570.935
35.683	875.005	570.993
35.743	874.491	571.354
35.626	873.981	571.447
35.649	875.025	570.836
35.367	874.822	571.719
35.427	875.109	571.707
36.311	875.243	571.146
35.952	874.741	571.270
36.411	874.377	571.353
35.772	874.798	570.960
35.454	874.933	571.730
35.766	874.781	572.038
36.056	875.067	571.649
36.141	874.755	572.309
35.844	875.197	571.576
36.028	874.645	571.492
35.737	875.042	571.180
35.864	874.697	571.022
35.714	874.573	571.298
36.537	874.618	571.680
35.965	874.556	571.938
35.937	874.958	572.019
35.689	874.667	571.999
36.094	875.051	571.457
35.448	874.180	571.020
35.892	874.202	571.138
35.935	875.008	571.181
35.523	875.408	571.550
35.862	874.934	571.858
35.477	875.281	571.712
35.808	874.917	571.916
35.930	874.260	572.456
35.964	873.950	571.738
35.897	873.400	572.141
35.807	873.788	572.158
35.876	874.522	571.210
35.969	875.195	571.031
35.663	874.598	571.466
35.674	874.955	571.593
35.595	875.392	571.615
35.931	874.597	572.792
36.047	874.788	571.325
35.762	875.298	571.506
35.664	874.408	571.581
35.749	874.634	571.800
35.701	874.663	572.544
35.861	874.893	571.912
35.673	875.624	571.708
35.895	876.058	571.459
35.923	875.038	571.125
35.722	874.572	570.976
35.552	874.634	571.622
35.646	874.997	571.761
35.735	874.842	571.380
35.847	874.877	571.271
35.898	875.274	571.039
35.808	875.154	570.928
35.846	874.882	571.015
35.497	874.685	571.822
35.440	874.378	571.560
35.786	874.772	571.358
36.260	874.546	571.533
35.424	874.733	571.998
35.521	875.122	572.447
35.773	874.683	572.110
35.876	875.482	572.295
35.965	875.084	571.377
35.991	874.783	571.287
35.764	875.257	571.344
36.075	874.566	571.572
35.711	874.910	571.391
36.116	874.787	571.450
35.932	874.779	571.157
35.650	875.066	571.021
36.198	875.012	570.787
35.896	874.730	571.692
35.795	875.374	571.778
35.858	875.535	570.968
36.073	875.031	571.245
35.823	874.290	571.220
35.949	874.157	571.377
36.005	873.986	571.639
36.191	874.575	571.097
35.476	875.188	571.131
35.997	873.600	572.127
35.938	873.872	571.737
35.717	874.759	571.720
35.828	875.050	571.650
35.566	874.828	571.428
35.500	875.571	571.296
35.583	875.292	570.720
35.630	875.309	571.370
35.482	874.768	571.271
35.900	874.885	571.294
35.875	875.287	571.428
35.578	875.020	571.438
36.045	875.088	571.558
35.725	874.758	571.350
35.887	875.073	571.736
35.802	874.286	572.065
35.718	874.415	571.926
35.628	874.728	571.118
35.831	875.219	571.512
36.222	875.623	571.389
35.733	875.613	571.104
35.636	875.855	571.287
35.862	874.591	571.723
35.619	875.318	571.980
35.830	874.666	571.792
35.655	875.149	571.921
35.860	874.782	572.356
35.775	874.545	571.619
35.700	874.758	572.467
35.910	874.505	571.492
35.610	874.080	572.093
35.694	874.654	571.868
35.963	875.140	571.192
35.723	875.242	571.180
35.350	874.868	571.648
35.549	875.614	571.597
35.807	875.597	571.307
35.793	874.885	571.339
35.621	875.020	571.539
35.668	874.944	571.583
35.860	875.158	571.997
35.509	874.856	571.606
35.991	874.665	571.865
35.876	875.091	571.745
35.701	874.831	571.604
35.718	874.679	571.527
36.007	874.626	572.018
36.035	875.294	571.507
35.751	874.702	571.941
35.598	874.952	572.350
35.975	875.510	571.299
36.046	875.475	571.725
35.797	874.686	571.876
35.419	874.564	571.681
35.728	874.628	571.759
36.038	874.489	571.727
35.308	874.725	570.935
35.459	875.304	571.566
35.828	874.987	571.930
35.791	875.766	571.844
35.783	874.570	572.112
35.881	874.946	571.709
36.284	874.751	571.479
35.631	874.751	571.056
35.738	874.840	571.498
35.582	874.631	571.379
35.667	874.875	571.398
35.548	875.104	570.868
35.879	874.021	571.847
35.844	874.577	572.004
35.640	874.365	571.972
35.956	874.067	571.729
35.598	874.195	572.351
35.718	874.133	571.853
35.172	873.643	572.112
35.987	874.799	571.151
36.026	874.512	571.886
35.968	874.657	571.924
35.833	875.196	571.298
35.715	874.360	571.425
35.337	874.037	571.494
35.659	874.434	571.129
35.423	874.590	570.800
35.952	874.845	571.308
35.983	874.288	572.024
35.682	874.927	571.574
35.548	875.334	571.817
35.418	874.627	571.220
35.279	874.514	571.817
35.696	874.748	572.333
35.535	875.374	571.843
35.523	874.708	572.284
35.757	875.031	571.977
35.702	874.127	571.789
35.535	874.608	572.028
35.879	875.053	571.320
35.708	874.843	571.458
36.025	874.719	571.244
35.607	875.642	570.809
35.846	875.635	571.396
35.899	874.948	571.265
35.395	874.687	571.909
36.422	874.941	571.517
35.430	874.459	571.794
35.983	874.039	571.486
35.657	874.260	570.708
35.656	875.246	571.192
35.692	874.768	571.551
35.481	875.190	571.870
35.803	875.234	572.074
35.697	874.607	571.981
35.818	874.777	571.650
35.969	875.008	571.549
35.710	874.528	571.799
35.824	875.517	571.581
35.717	874.381	572.128
35.606	874.757	571.825
35.606	874.556	572.172
35.366	874.613	571.929
35.275	875.154	571.726
35.371	875.370	571.985
35.586	874.531	571.719
35.902	873.950	571.873
35.814	874.524	571.925
35.430	874.621	571.982
35.321	875.564	571.860
35.594	875.225	572.586
35.786	875.591	572.197
35.847	875.403	571.588
35.650	874.803	572.187
35.511	874.875	572.156
35.872	874.688	572.261
35.981	874.613	571.477
35.324	874.691	571.803
35.860	874.428	571.779
35.824	874.776	571.361
35.814	875.148	570.885
35.611	875.014	571.178
35.818	875.212	570.725
35.711	874.466	571.772
35.706	874.589	571.346
35.986	875.340	570.563
36.015	874.514	571.524
35.922	874.899	572.224
35.729	875.048	571.847
36.118	875.270	571.444
36.061	874.006	571.810
35.739	874.180	571.827
35.621	874.472	572.040
35.688	874.607	571.481
35.633	875.176	571.466
35.563	874.697	571.542
35.602	875.324	572.053
35.657	874.390	572.236
35.569	874.667	572.072
35.583	874.646	572.006
35.909	874.215	572.475
35.440	874.567	571.941
35.668	875.142	572.217
35.565	874.868	571.725
35.466	875.045	571.533
35.777	875.354	571.330
35.905	874.812	571.396
35.648	874.560	572.095
35.693	874.689	572.249
35.998	874.991	571.789
35.557	874.735	571.984
35.675	874.421	572.580
36.237	874.444	571.686
35.550	873.801	571.849
35.755	874.280	571.566
36.000	874.427	571.557
35.922	874.569	572.003
35.964	874.781	571.908
36.047	874.992	571.575
35.742	874.854	572.363
35.725	875.660	571.924
35.661	875.546	571.866
35.372	875.347	572.194
35.602	875.162	571.980
35.504	875.305	571.286
35.796	874.890	571.336
35.745	875.059	571.566
35.266	875.070	572.130
35.469	874.455	571.418
35.616	874.226	570.930
35.840	874.215	570.487
35.656	874.377	571.012
35.348	874.857	571.139
35.832	874.327	571.792
35.538	874.468	572.020
35.536	874.186	572.015
35.829	874.177	571.535
35.636	873.951	571.741
35.658	874.396	571.503
35.720	875.171	571.297
36.047	875.208	571.264
35.994	874.843	570.845
35.312	874.586	571.828
35.800	874.977	571.442
35.611	874.658	571.258
35.933	874.481	570.958
35.660	874.248	571.705
35.941	874.286	571.445
35.677	874.427	571.714
35.737	874.144	572.323
35.584	873.620	571.882
35.258	874.218	571.997
35.407	874.179	571.885
35.597	873.703	572.528
36.034	874.287	572.434
35.359	874.756	571.663
35.926	874.893	571.662
35.341	873.600	572.215
35.627	874.462	571.501
35.481	874.054	572.057
35.540	874.446	572.333
35.873	873.731	572.265
35.926	873.814	571.573
35.315	874.454	571.470
35.338	874.510	571.278
36.018	874.613	570.852
35.289	874.628	571.478
35.598	874.588	571.616
35.471	875.414	571.960
35.959	874.657	572.194
36.268	874.774	572.004
36.067	874.765	571.464
35.915	874.932	571.272
35.347	874.725	572.027
35.392	874.429	572.142
35.600	874.626	571.468
35.803	874.415	571.833
35.811	874.305	571.786
35.916	874.154	572.137
35.712	873.974	572.118
36.014	873.409	572.128
35.865	873.892	571.516
35.741	874.767	571.944
35.747	874.382	572.075
35.630	874.289	571.836
35.445	874.122	572.085
35.764	874.294	571.009
35.486	874.407	571.718
36.154	874.025	572.063
35.724	874.176	572.274
35.442	873.885	571.829
35.836	874.308	571.440
35.552	874.341	571.074
35.795	873.909	571.219
35.460	874.228	571.358
35.677	874.519	571.032
35.544	875.745	572.021
35.991	874.800	572.196
36.015	874.640	571.986
35.930	875.405	571.589
35.931	874.734	572.214
35.818	874.464	571.825
35.582	874.014	571.946
35.680	874.882	571.285
35.323	875.161	571.496
35.774	874.115	572.568
35.539	874.015	572.132
35.720	874.317	572.429
35.372	874.052	571.994
35.669	873.701	572.386
35.349	874.604	572.083
35.919	874.499	572.782
35.830	874.968	571.792
35.422	874.811	572.207
35.583	874.926	571.659
35.298	874.977	571.782
35.626	874.926	571.841
35.766	874.268	571.917
35.775	873.783	572.057
35.791	874.032	571.957
35.595	874.362	571.365
35.864	874.326	571.139
35.648	874.580	571.101
35.367	874.486	571.796
35.546	875.301	572.056
35.913	874.349	573.006
35.925	874.170	572.426
35.527	874.198	572.268
35.129	874.363	572.456
35.702	874.453	571.273
35.526	874.922	570.829
35.531	874.839	570.738
35.446	874.872	571.581
35.583	874.857	571.892
35.550	874.905	572.070
35.749	874.372	572.062
35.859	873.867	571.995
35.941	874.788	571.903
35.625	874.722	572.346
35.539	874.930	572.802
35.870	874.059	572.884
35.613	874.473	572.749
35.512	874.118	572.142
35.779	874.313	572.184
35.907	874.732	571.692
35.443	874.285	572.496
35.632	874.207	572.120
35.717	874.101	572.129
35.660	874.077	571.715
35.570	874.298	571.936
35.755	874.299	571.320
35.624	874.584	570.978
35.740	874.555	571.531
35.762	874.655	571.798
35.633	875.091	571.633
35.398	875.389	572.194
35.439	874.565	572.586
35.756	874.584	572.700
35.389	874.939	571.924
35.846	874.851	571.661
35.869	875.008	571.919
35.813	874.979	571.617
35.662	874.355	572.115
35.614	874.878	571.608
35.925	875.436	571.583
35.386	875.343	572.011
35.524	875.110	572.445
35.698	874.407	571.731
35.813	874.702	572.152
35.772	875.264	571.276
35.891	875.072	571.459
35.204	875.102	570.754
35.735	875.926	570.745
35.514	875.266	571.438
35.617	874.752	570.794
35.779	874.139	572.262
35.509	874.452	572.282
35.691	873.795	571.981
35.919	874.260	571.554
35.911	874.802	571.483
35.724	875.280	570.858
35.477	875.439	570.861
35.950	874.939	570.885
35.470	874.935	571.635
35.492	874.202	572.746
35.928	874.206	572.381
35.397	873.873	571.888
35.427	874.541	571.808
35.275	874.184	572.375
35.784	874.579	571.607
35.885	875.456	571.403
35.637	874.749	572.033
35.459	874.262	572.151
35.762	874.268	571.995
35.702	874.318	572.086
35.513	874.564	571.873
35.673	874.728	572.002
36.053	874.526	572.335
35.700	874.217	572.332
35.597	873.639	572.146
35.488	874.819	571.568
35.425	875.183	571.814
35.388	875.449	571.954
35.690	874.830	571.891
35.380	874.691	572.211
35.608	875.058	572.025
35.769	874.959	572.471
35.928	874.806	571.816
35.909	874.896	571.434
35.793	875.027	571.821
35.973	874.653	572.013
36.072	874.911	571.611
35.495	874.859	571.542
35.614	875.169	571.762
35.304	874.533	572.285
35.618	874.267	572.022
35.983	873.872	571.861
35.698	874.223	571.532
35.696	874.278	571.323
35.590	874.557	571.333
35.895	875.168	571.490
35.864	874.410	572.235
35.694	874.729	571.690
35.823	874.342	570.909
35.525	873.862	571.421
35.436	873.767	572.166
35.752	874.458	571.493
35.535	874.213	571.528
35.318	874.940	571.654
35.471	874.318	572.267
35.304	874.256	571.976
35.783	874.374	571.448
35.597	874.706	571.337
35.733	874.932	571.204
35.775	874.452	572.066
35.733	874.261	571.431
35.459	874.291	571.233
35.695	874.082	570.955
35.626	873.647	571.581
35.635	873.655	572.896
35.772	873.862	572.386
35.764	874.232	571.822
35.896	874.440	571.816
35.888	873.722	572.275
35.777	874.033	571.953
36.067	874.272	571.927
35.859	874.928	571.794
35.446	875.013	571.823
35.707	874.812	571.869
35.726	873.784	571.852
35.696	873.614	572.538
35.759	874.741	571.553
35.966	874.245	571.770
35.526	874.715	572.289
35.709	874.864	572.025
35.838	875.317	572.150
36.174	874.913	572.442
35.624	875.074	571.479
36.043	875.352	571.212
35.408	874.239	571.273
35.812	873.972	571.779
35.743	874.314	572.576
35.480	875.048	571.858
35.581	875.772	571.583
35.848	875.202	571.463
35.433	874.143	572.054
35.668	874.220	571.527
35.813	874.279	571.818
35.494	874.090	571.785
35.807	874.140	571.753
35.075	874.344	572.271
35.957	874.688	571.531
35.964	874.496	572.019
35.101	874.256	572.253
35.552	873.917	571.996
35.444	874.251	572.175
35.339	874.764	571.331
35.622	874.721	571.473
35.797	874.872	571.417
35.667	874.395	571.462
35.523	873.784	571.507
35.838	874.650	571.034
35.604	874.108	571.453
35.813	873.683	571.667
35.624	874.393	571.597
35.480	874.477	572.520
35.427	874.316	572.695
35.162	874.292	572.350
36.082	873.946	572.492
35.573	874.339	572.608
35.358	874.899	572.199
35.853	874.736	572.227
36.020	874.875	571.547
35.796	874.934	571.734
35.672	874.589	572.062
35.740	874.624	572.244
35.776	874.892	572.346
35.546	875.133	572.495
35.796	875.491	571.763
35.728	874.389	571.806
35.709	874.469	571.924
35.666	874.104	571.852
35.359	874.325	572.711
35.950	874.301	572.581
35.626	874.462	572.592
35.502	873.301	572.366
35.777	874.094	571.764
35.713	874.519	572.224
35.698	875.120	571.568
35.421	875.266	571.747
36.035	875.074	571.832
35.862	874.308	572.469
35.639	874.859	572.314
35.795	874.767	572.659
35.635	874.699	572.336
35.427	874.715	572.024
35.635	874.412	572.267
35.847	874.018	571.808
35.868	873.653	571.987
35.596	873.979	572.288
35.869	874.516	571.876
35.427	874.951	571.919
35.859	874.729	571.654
35.469	874.506	572.604
35.469	874.887	572.512
35.930	874.680	572.271
35.875	874.691	571.495
35.679	874.412	571.472
35.640	874.330	571.465
35.870	874.354	571.582
35.411	874.258	572.509
35.638	873.406	572.979
35.763	873.141	572.887
35.692	872.716	572.406
35.702	874.250	571.890
35.479	873.935	572.797
35.690	873.928	572.273
36.020	873.540	572.477
35.568	873.863	572.484
35.535	873.796	572.421
35.676	874.110	572.305
35.645	874.879	571.739
35.905	874.840	571.521
35.515	874.524	571.792
35.793	875.059	571.374
35.578	875.098	571.518
35.944	875.495	571.954
35.454	875.501	572.088
35.772	874.889	572.610
35.571	874.218	572.492
35.595	874.218	572.440
35.338	874.541	572.232
35.421	875.436	571.383
35.657	874.511	571.284
35.750	874.630	571.374
35.451	874.933	571.464
35.395	874.028	571.502
36.079	873.864	571.316
35.577	873.867	571.862
35.387	874.366	571.252
35.421	874.469	571.039
35.118	874.990	571.027
35.601	874.960	571.414
35.411	874.606	571.668
35.602	874.343	571.661
35.597	874.593	571.542
35.687	875.478	571.343
35.403	874.730	571.198
35.370	874.887	571.196
35.506	874.516	572.133
35.803	874.675	571.843
35.673	874.438	572.011
35.487	873.675	572.192
35.772	874.273	571.906
35.844	874.222	571.866
35.524	873.704	572.028
35.332	874.440	571.595
35.649	874.851	571.620
35.725	874.717	572.245
35.608	874.752	572.470
35.753	874.299	571.725
35.562	874.809	572.338
36.000	875.210	571.585
36.070	874.810	571.818
35.659	874.691	572.231
35.968	874.990	571.715
35.616	874.433	572.251
35.923	874.322	571.313
35.603	874.538	571.708
35.578	875.304	571.744
35.580	875.095	572.421
35.756	874.476	572.396
35.452	874.250	571.683
35.805	874.391	571.598
35.568	874.212	571.916
35.584	873.744	572.356
35.954	874.237	572.264
35.569	874.051	571.827
35.375	873.549	572.558
35.909	874.167	571.986
35.463	874.378	571.775
35.537	875.030	571.750
35.644	874.007	572.465
35.351	874.320	571.657
35.433	874.170	571.331
35.363	874.144	571.825
35.286	874.427	572.226
35.644	874.595	571.704
35.806	875.107	571.935
35.552	875.132	571.779
35.939	875.142	571.637
35.459	874.483	572.474
35.500	874.626	571.539
35.849	874.104	572.320
35.502	874.750	571.761
35.665	874.544	572.167
36.010	874.925	572.236
35.587	875.444	572.151
35.573	874.943	571.809
36.037	874.602	571.748
35.447	875.044	572.274
35.763	874.476	571.478
35.290	874.423	571.128
35.571	874.380	570.734
35.247	874.168	572.118
35.658	873.776	571.468
35.560	873.921	571.719
35.644	873.534	572.158
35.465	874.730	571.728
35.685	875.282	571.475
35.394	874.704	571.773
35.547	875.189	571.630
35.520	874.438	571.508
35.397	874.431	572.108
35.719	873.698	572.196
35.547	873.820	572.113
35.660	874.464	572.177
35.630	873.823	572.865
35.713	875.241	571.720
35.871	875.237	571.652
35.387	874.718	572.218
35.392	874.010	572.247
35.777	874.179	571.768
35.657	874.572	571.393
35.543	874.366	572.148
35.783	874.190	571.918
35.504	874.510	571.973
35.496	875.057	572.294
35.626	874.567	571.651
35.574	874.046	572.606
35.215	874.552	572.883
35.182	875.198	572.201
35.550	874.427	572.161
35.585	874.321	572.246
35.862	874.020	571.563
35.475	874.175	572.016
35.823	874.093	571.498
35.549	873.901	571.709
35.627	874.114	572.242
35.638	874.138	571.883
35.512	873.904	572.562
35.763	873.847	572.767
35.311	875.244	572.091
35.714	874.336	571.790
35.365	873.776	572.577
35.711	874.252	572.263
35.364	874.213	572.067
35.801	874.588	571.395
35.492	875.960	570.755
35.778	874.775	572.179
35.517	874.690	572.789
35.570	874.967	572.464
35.272	875.349	571.527
35.556	874.710	571.482
35.691	875.060	571.703
35.174	874.673	571.844
35.796	874.452	572.341
34.976	874.199	572.475
35.912	874.736	572.174
35.823	874.587	571.994
35.582	874.782	572.431
35.389	874.212	571.987
35.510	874.324	572.089
35.338	873.540	572.628
35.568	874.938	571.986
35.870	874.100	571.879
35.551	873.936	572.319
35.612	875.270	571.722
35.171	874.453	571.924
35.348	873.863	572.163
35.443	874.531	571.835
35.900	874.426	571.619
35.452	874.219	571.902
35.564	873.685	572.142
35.695	873.612	572.511
35.797	874.135	572.141
35.562	874.463	571.933
35.611	875.007	571.408
35.994	874.266	571.643
35.664	873.772	571.660
34.997	874.346	571.863
35.332	873.953	571.347
35.381	874.455	572.040
35.327	874.686	572.008
35.348	875.082	571.887
35.395	874.978	571.839
35.403	875.205	571.658
35.770	874.714	571.539
35.426	873.976	572.352
35.626	874.502	571.638
35.732	874.912	571.650
35.378	875.088	571.492
35.464	874.842	571.063
35.506	874.897	571.596
35.245	874.932	571.476
35.827	874.705	571.129
35.850	874.467	571.331
35.243	874.648	571.331
35.148	874.603	571.879
35.353	874.412	571.450
35.445	874.337	571.606
35.442	874.751	571.965
35.705	874.730	572.799
35.511	874.468	572.877
35.718	874.049	572.590
35.525	875.148	572.099
35.391	874.591	572.070
35.689	874.473	572.304
35.390	874.213	572.349
35.670	874.457	572.223
35.643	873.293	572.166
35.454	874.141	571.616
35.752	874.800	571.879
35.561	874.276	571.773
35.335	874.600	571.329
35.122	874.794	572.458
35.427	875.141	571.755
35.405	875.146	571.403
35.393	875.290	571.350
35.116	875.377	572.002
35.357	874.758	571.795
35.974	873.488	572.214
35.443	873.905	571.792
35.613	874.455	571.754
35.534	873.649	572.232
35.913	874.139	571.677
35.595	874.681	571.687
36.057	874.799	572.377
35.328	875.176	571.857
35.645	874.805	572.209
35.527	874.561	572.062
35.557	874.589	572.259
35.270	874.951	572.056
35.467	875.073	571.483
35.392	873.769	572.409
35.411	874.593	571.950
35.479	874.536	572.030
35.475	875.251	571.526
35.710	874.202	572.888
36.288	874.257	572.485
35.511	874.708	571.517
35.511	874.511	572.428
35.523	874.199	572.230
35.509	874.253	571.237
35.422	874.097	571.395
35.682	874.303	571.036
35.364	874.596	571.438
35.638	874.399	571.508
35.454	874.164	572.003
35.607	874.161	571.836
35.347	873.867	572.725
35.620	874.005	572.513
35.576	874.224	572.468
35.419	874.219	572.021
35.304	874.130	572.723
35.828	873.738	571.840
35.639	874.306	571.664
35.454	874.218	572.376
35.705	874.420	572.027
35.608	873.936	572.525
35.641	873.733	572.659
35.749	873.795	572.972
35.277	874.607	572.436
35.784	874.677	571.586
35.905	875.047	571.372
35.518	874.690	571.973
35.587	875.004	571.422
35.464	875.158	572.006
35.724	874.191	572.187
35.465	874.616	571.509
35.619	874.468	572.317
35.336	874.731	571.708
35.490	875.199	572.375
35.629	874.638	571.931
35.614	874.499	572.052
35.529	874.557	571.934
35.565	875.769	572.000
35.555	874.153	572.645
35.438	874.675	573.025
35.731	874.255	572.517
35.361	874.163	572.428
35.555	873.858	571.800
35.799	874.444	571.393
35.620	873.615	571.971
35.303	874.449	571.947
35.666	873.639	572.422
35.447	873.798	571.550
35.405	874.617	572.174
35.515	874.996	571.497
35.687	873.946	572.387
35.494	875.131	571.137
35.713	874.234	571.776
35.318	874.356	571.655
35.397	874.122	572.434
35.317	873.958	572.823
35.449	873.621	572.474
35.182	874.477	571.679
35.592	873.744	572.333
35.420	874.142	572.188
35.095	874.354	571.544
35.482	874.039	572.045
35.516	874.132	571.878
35.471	874.339	571.300
35.632	874.757	571.319
35.551	874.372	571.976
35.386	874.238	571.904
35.552	874.212	572.309
35.400	873.812	572.885
35.019	874.744	572.339
35.587	875.569	571.932
35.792	875.259	571.658
35.485	875.421	571.388
35.453	874.654	571.396
35.575	874.716	571.046
35.681	875.317	571.398
35.565	874.852	571.521
35.343	874.137	572.227
35.724	874.239	571.855
35.213	874.116	572.375
35.830	873.904	572.219
35.263	873.937	571.599
35.475	873.782	572.185
