37.188	875.682	571.058
36.335	876.731	569.973
36.478	877.194	570.262
36.579	876.669	570.501
36.952	876.587	570.131
36.507	876.293	570.843
36.851	875.568	570.277
36.714	876.562	569.776
36.346	876.631	569.824
36.622	877.168	569.937
36.893	876.429	570.146
36.987	875.690	570.294
36.732	876.270	569.880
37.059	876.400	569.363
36.765	875.757	569.966
37.133	875.621	570.089
36.882	875.769	570.279
36.711	876.611	569.596
36.617	876.064	570.008
36.902	875.228	571.528
36.703	875.713	570.565
37.213	875.775	569.903
36.605	875.804	570.926
36.659	875.730	571.235
36.706	875.749	571.029
37.095	876.045	569.947
36.479	876.262	569.863
37.397	876.127	569.809
36.677	875.787	569.857
36.763	875.161	570.275
36.911	875.465	569.911
36.791	875.419	570.086
36.821	875.427	569.153
36.500	874.949	569.669
37.111	875.107	569.921
36.675	874.832	570.293
36.783	875.116	570.238
36.481	876.716	570.042
35.975	875.891	570.501
36.740	875.781	570.281
37.278	875.451	570.515
36.701	875.457	570.572
36.399	876.412	570.340
36.646	876.238	570.341
36.674	876.696	569.428
35.908	877.074	570.159
36.380	877.054	569.943
36.779	875.742	570.572
36.905	875.780	571.155
36.696	875.423	571.270
37.105	875.125	571.270
36.558	876.341	569.552
37.165	875.820	570.129
36.858	876.296	570.572
36.391	877.202	569.544
37.058	876.659	570.408
36.482	876.796	569.377
36.517	876.082	570.043
36.703	876.068	570.266
36.887	876.646	569.931
36.961	876.449	570.054
36.737	876.085	569.759
36.701	876.700	569.624
36.534	876.909	569.960
36.657	876.732	570.113
36.091	876.766	570.441
36.279	876.840	569.834
36.685	875.943	570.133
36.921	875.579	570.057
37.203	876.269	569.985
36.562	876.087	570.533
36.717	876.350	570.429
37.035	875.835	570.179
36.672	875.601	570.485
36.651	875.732	570.735
37.294	876.003	570.308
36.686	876.247	569.945
37.101	876.353	569.644
36.505	875.734	570.985
36.459	876.609	569.802
36.860	876.556	570.721
35.916	877.026	570.413
36.222	876.272	570.149
36.907	875.963	569.932
36.741	876.042	570.353
36.791	876.100	569.667
36.792	877.023	569.678
36.727	877.059	569.359
36.694	876.889	569.215
36.685	876.778	569.637
36.453	876.452	570.206
36.884	875.797	569.968
36.881	876.758	569.231
36.607	877.260	569.250
36.447	877.319	569.911
36.630	876.522	570.292
36.839	876.324	570.902
36.674	876.025	570.661
36.613	875.853	570.599
36.667	876.013	570.337
36.582	875.763	570.139
36.588	875.916	570.283
36.379	876.607	570.224
36.699	876.051	570.477
36.706	876.166	569.824
36.601	875.640	570.434
36.772	875.663	570.074
36.647	875.981	570.081
36.988	875.978	570.695
36.350	875.610	570.813
36.532	875.781	570.499
37.028	876.161	569.955
36.947	875.430	570.313
36.706	874.642	570.549
37.113	875.632	570.778
36.734	876.056	570.677
36.442	876.792	570.300
36.575	876.738	570.683
36.941	877.070	570.835
36.206	876.378	570.342
36.991	875.816	569.766
36.743	876.949	569.887
36.969	876.795	570.171
36.622	876.810	569.843
36.976	877.056	569.900
36.560	876.891	570.107
36.909	876.787	570.680
36.725	877.242	570.088
36.137	876.246	570.415
36.435	875.791	570.521
36.918	875.732	570.875
36.349	876.872	570.458
36.993	876.706	570.283
36.901	876.920	570.356
36.233	876.501	570.413
36.709	876.292	570.481
36.947	875.913	570.270
36.951	876.139	569.816
36.427	876.752	569.009
36.764	876.596	569.666
36.310	876.682	570.615
36.372	876.676	569.974
36.633	876.948	569.742
36.766	876.177	570.428
36.925	876.654	569.745
36.770	876.938	570.409
36.343	876.460	570.659
36.678	876.319	569.772
37.113	876.389	569.688
36.760	876.369	569.815
36.709	875.620	570.330
36.694	876.195	569.980
36.611	875.309	570.491
36.913	875.700	569.932
36.227	876.092	569.967
36.965	875.396	570.914
36.989	875.461	570.347
36.518	875.319	569.492
36.682	875.221	569.754
37.114	875.930	569.886
36.893	876.333	569.725
36.458	876.546	569.478
36.863	876.023	569.840
36.865	875.973	570.054
36.591	876.013	570.093
36.797	875.705	570.285
36.474	876.415	569.654
36.889	876.646	569.415
36.702	876.196	569.737
36.297	877.254	568.742
36.254	876.825	569.909
36.815	876.675	569.857
36.546	876.514	569.629
36.230	877.268	569.742
36.727	875.699	570.914
36.709	875.950	570.535
36.552	875.975	570.681
36.854	875.833	570.326
36.945	876.215	569.383
37.127	876.305	569.366
36.691	876.006	569.867
36.896	875.908	570.199
36.836	876.279	570.429
36.876	875.687	570.039
36.969	875.604	570.617
36.737	876.041	569.840
36.292	876.419	569.953
36.404	876.728	570.122
36.850	876.474	570.057
36.892	875.443	569.809
36.637	875.818	569.819
36.840	875.622	570.598
36.900	876.202	570.549
36.588	875.931	571.004
36.605	876.693	569.905
36.876	876.859	570.139
36.418	877.074	570.049
36.805	876.813	569.959
36.660	876.876	569.770
36.822	875.991	570.438
36.999	875.695	570.431
36.827	875.687	570.667
36.623	876.222	569.969
36.611	875.894	569.728
36.735	875.824	570.412
36.969	875.499	570.612
36.643	875.511	570.166
36.376	875.636	570.505
36.985	875.738	570.841
36.999	876.560	570.031
36.715	876.293	570.420
37.209	876.095	570.061
36.600	876.404	569.878
36.567	876.343	570.291
37.111	876.764	569.584
36.232	876.997	569.869
36.588	876.586	570.067
36.652	877.146	570.001
36.832	876.719	570.212
36.536	876.001	570.310
36.584	875.744	570.524
36.910	875.276	570.201
36.925	875.339	569.623
36.183	875.508	570.416
36.744	876.221	570.405
36.713	875.791	570.573
36.732	876.567	570.368
37.010	876.346	570.320
36.764	876.081	569.790
36.429	875.939	570.558
36.996	876.343	570.362
36.548	876.320	569.340
36.615	875.491	570.271
36.474	876.190	569.597
36.776	876.246	570.089
36.820	875.841	570.028
36.516	876.478	570.043
36.654	876.674	569.395
36.414	877.277	568.376
36.522	876.489	568.797
36.752	876.120	569.041
36.573	876.055	570.425
36.659	876.087	570.363
37.073	875.873	570.133
36.388	876.372	570.137
37.004	876.207	569.784
36.687	875.938	570.325
36.880	876.006	570.079
36.931	876.019	570.112
36.920	875.909	570.011
36.270	876.505	569.275
36.588	877.046	569.641
36.545	876.705	570.620
36.204	876.765	570.361
36.193	876.885	569.574
36.709	876.784	569.846
36.528	877.337	569.884
36.550	876.672	570.059
36.900	876.153	570.833
37.016	876.551	570.396
37.254	877.010	570.191
36.559	876.520	570.045
36.601	877.059	569.926
36.453	877.122	569.561
36.271	876.236	569.922
37.274	876.918	569.951
36.893	876.487	570.444
36.669	875.893	570.193
36.764	875.416	570.857
37.087	875.479	570.283
36.715	875.691	569.306
35.982	876.186	569.493
36.527	875.407	570.075
36.909	875.310	570.252
36.598	875.570	570.395
37.105	875.897	570.035
37.110	876.657	570.026
36.411	876.843	569.305
36.996	876.287	569.492
36.562	876.297	569.413
37.363	876.432	569.299
36.921	876.159	568.641
36.587	875.759	569.165
36.757	875.892	570.157
36.500	876.477	570.260
36.555	876.086	570.574
37.054	876.027	570.521
36.680	875.753	570.765
36.892	876.506	570.340
36.620	877.076	570.381
36.530	876.075	570.640
36.641	876.007	570.519
36.629	875.781	570.452
37.060	876.130	570.205
37.010	875.081	570.545
36.620	875.984	570.610
36.865	876.470	570.398
37.135	875.674	570.189
36.739	876.503	569.436
36.875	876.172	569.232
36.432	875.713	569.668
36.876	875.712	570.735
37.071	875.716	571.054
37.108	876.274	570.762
36.324	876.156	570.666
36.688	876.902	570.201
36.497	876.576	570.054
36.514	877.116	570.109
36.932	876.512	570.331
36.664	876.725	570.216
36.728	877.013	570.307
36.944	876.420	569.805
36.452	876.193	570.011
37.177	876.628	570.194
36.821	876.871	570.732
36.557	876.853	570.399
36.562	876.111	570.560
37.076	876.150	569.796
36.807	877.119	569.220
36.643	876.070	569.552
37.006	876.032	569.981
36.755	876.898	569.895
36.484	876.764	569.924
36.386	877.523	569.140
36.806	877.175	569.837
36.936	877.009	570.252
36.590	876.494	569.792
36.685	876.298	569.910
36.279	876.246	570.266
36.666	876.906	569.443
36.457	876.518	569.517
36.424	877.022	569.924
36.797	876.414	570.114
36.751	876.310	570.217
36.757	876.164	569.993
36.654	875.911	569.848
36.957	875.815	570.276
37.235	875.611	570.409
36.954	875.674	570.384
36.969	875.972	569.886
36.714	877.147	569.500
37.009	876.001	569.862
37.204	876.357	569.651
36.890	876.355	570.127
36.801	876.405	570.093
36.699	875.744	570.224
36.944	876.288	569.661
37.042	875.930	570.471
36.530	876.490	570.184
37.016	876.416	569.674
36.656	875.661	570.287
36.800	875.843	570.112
36.694	876.694	569.566
36.884	876.675	570.048
36.907	876.359	570.532
36.370	876.043	570.816
36.809	876.206	569.962
36.603	876.976	569.392
36.418	876.734	570.054
36.398	877.420	570.467
36.870	877.355	569.799
36.428	876.916	570.022
37.045	877.126	570.031
36.271	876.579	570.324
36.442	876.139	570.198
36.622	875.922	570.003
36.448	876.583	569.702
36.085	877.534	569.341
36.634	877.849	568.995
36.409	877.403	569.196
36.823	877.072	569.522
36.766	876.736	570.188
36.872	877.227	570.536
36.387	876.844	569.718
36.826	876.875	569.749
36.647	876.768	570.412
36.815	876.271	569.900
36.753	875.418	570.553
36.773	875.112	570.416
36.749	875.217	570.445
36.931	875.755	570.310
36.552	876.415	570.105
36.693	875.239	569.830
37.074	875.508	570.112
36.840	875.751	570.561
36.654	876.410	570.266
36.828	876.021	570.358
36.828	876.715	570.211
36.886	876.453	570.390
36.372	875.728	570.518
37.147	876.021	570.634
36.975	875.798	570.630
36.446	876.077	570.861
36.461	876.128	570.369
36.826	875.737	570.396
36.325	876.267	570.836
36.273	877.155	570.111
36.792	876.646	570.523
36.512	877.542	569.620
36.629	877.792	569.235
37.046	877.106	569.564
36.312	876.277	570.662
36.430	876.408	570.402
37.012	875.973	570.000
36.784	876.401	569.784
36.824	876.549	569.957
36.878	877.299	568.783
37.174	875.625	570.487
36.612	876.257	570.147
36.970	876.068	570.180
36.743	876.206	569.871
37.231	876.075	569.858
36.420	876.349	569.515
36.701	876.470	570.282
37.219	875.740	570.064
36.267	876.317	570.016
36.471	875.897	570.967
36.592	876.048	571.285
36.648	876.286	570.650
36.667	876.840	570.179
36.244	876.883	570.346
36.687	876.892	570.015
36.835	876.713	570.192
36.293	877.302	570.174
36.705	876.437	570.400
37.076	875.678	570.802
36.307	876.684	569.497
36.797	876.269	569.151
36.574	875.216	570.169
36.916	876.403	569.460
36.986	876.195	569.814
36.848	875.869	569.906
37.018	876.212	569.568
36.816	875.716	569.518
36.742	876.598	570.261
36.766	875.979	570.517
36.842	876.053	570.412
36.673	876.362	570.122
36.489	876.128	569.863
37.155	876.363	570.179
36.830	876.366	569.685
36.979	875.953	570.549
37.128	876.272	570.341
37.212	876.904	569.581
36.331	877.087	569.499
36.854	876.670	569.469
36.353	877.236	569.371
36.755	876.417	569.568
37.056	875.940	569.724
36.764	876.024	569.542
36.922	875.986	570.205
36.567	876.493	569.946
36.650	876.420	569.897
36.733	875.965	570.635
36.931	876.567	569.844
36.453	877.179	569.633
36.601	876.415	570.595
36.507	876.158	570.185
37.154	875.686	570.855
36.570	875.832	570.047
37.100	876.120	569.651
36.806	876.283	570.198
36.595	877.035	569.688
36.632	876.640	570.521
36.812	876.853	570.426
36.708	876.118	570.498
36.410	876.072	570.429
36.959	875.653	569.510
37.313	876.674	570.203
36.545	875.984	570.543
37.122	875.831	570.790
36.586	876.319	570.238
36.949	875.761	570.500
36.862	876.651	570.015
36.760	876.960	569.665
36.199	877.298	570.017
37.002	876.798	570.179
36.723	876.796	570.243
36.597	877.329	569.709
36.882	877.102	570.054
36.911	876.282	569.874
36.897	875.609	569.986
36.742	876.077	570.514
36.651	876.284	570.437
36.480	875.626	570.658
36.733	875.734	571.411
37.338	875.870	570.431
36.726	876.005	570.019
36.386	876.304	570.041
36.715	876.221	570.235
36.967	876.138	569.181
36.807	876.463	569.527
37.124	875.852	570.564
36.597	877.125	569.746
36.223	876.390	570.615
36.973	875.649	570.198
36.678	876.102	570.061
36.798	876.899	569.812
37.088	876.967	569.633
37.101	877.654	569.451
36.434	877.329	570.185
36.925	876.536	570.221
36.504	876.801	569.728
36.537	876.133	570.629
36.708	876.668	569.852
36.440	876.417	569.488
36.658	876.482	569.756
37.070	876.284	570.422
37.103	875.858	569.778
36.603	876.325	570.565
36.604	877.221	569.892
36.509	877.047	569.909
36.701	876.663	569.294
36.303	877.075	569.572
36.644	876.742	570.115
36.831	877.210	570.147
36.874	876.576	570.475
36.552	876.414	570.558
37.080	875.405	571.152
37.083	875.580	570.479
36.789	875.960	570.282
36.892	876.757	569.500
36.902	877.040	569.673
36.693	876.995	570.573
36.550	877.662	569.836
36.536	877.405	569.946
36.988	876.208	570.258
36.496	877.210	569.608
37.064	876.549	570.491
36.948	877.086	569.518
37.205	876.600	570.144
36.679	877.257	569.550
36.562	876.701	569.934
36.241	876.594	570.769
36.417	876.591	570.893
36.283	877.451	570.006
37.081	876.873	569.753
36.600	877.574	569.956
36.334	877.489	570.305
36.765	876.951	569.950
36.549	877.462	569.581
36.431	876.853	569.750
36.752	876.598	569.854
36.862	877.064	569.453
36.900	876.452	569.662
36.465	876.886	569.626
36.876	877.293	570.053
36.639	876.638	569.832
36.531	876.785	569.837
36.865	877.511	569.417
36.482	877.674	569.501
36.716	876.219	570.690
36.720	876.387	569.836
36.624	876.639	569.574
36.653	876.604	570.280
37.194	876.127	570.498
37.408	875.317	570.793
37.060	875.193	570.578
36.716	875.223	570.023
36.322	875.616	569.909
37.123	875.655	570.701
36.869	876.391	570.515
37.035	876.813	570.610
36.310	877.079	570.009
36.734	876.952	569.854
36.671	876.471	570.192
36.674	875.992	570.241
36.618	876.143	570.262
36.848	876.794	569.389
36.471	877.282	569.053
36.528	876.187	569.732
37.085	876.185	569.909
37.225	876.655	569.204
36.611	877.266	569.036
36.947	876.496	570.404
36.901	876.201	569.868
36.880	876.191	570.514
36.559	876.392	569.967
36.802	876.399	570.148
36.747	876.391	570.134
36.836	876.594	569.838
36.565	876.706	570.104
36.936	877.034	569.601
36.826	877.043	569.682
36.235	876.877	569.835
36.689	877.418	569.910
36.414	877.737	569.237
36.658	876.798	569.949
36.678	876.505	570.113
36.966	876.388	570.151
37.076	876.332	570.138
37.053	876.761	569.565
37.117	876.948	570.083
36.549	877.429	569.354
36.905	876.514	569.775
37.008	876.556	569.746
36.761	877.233	569.883
36.700	876.743	570.551
36.537	876.525	570.240
36.609	876.682	569.739
37.167	876.568	570.478
36.458	876.832	570.031
36.669	877.517	569.826
36.165	878.348	569.026
36.675	877.081	569.674
36.758	877.899	569.763
36.509	877.680	570.045
36.311	878.140	569.580
36.684	878.765	569.348
36.785	877.688	569.958
36.115	878.048	569.299
36.430	877.408	569.362
36.844	876.826	569.545
37.016	877.018	569.554
37.070	876.342	570.539
36.774	875.648	570.842
37.049	875.913	570.195
36.834	876.268	569.117
36.454	876.088	568.999
37.042	875.328	569.337
36.699	876.102	569.051
37.224	875.513	569.734
36.762	876.267	569.896
36.883	876.323	570.068
37.224	876.598	570.130
36.839	876.991	569.889
36.929	876.444	570.364
36.589	875.712	570.250
36.974	876.508	570.077
36.642	876.526	570.099
36.658	876.638	569.712
36.746	877.338	569.969
36.585	877.424	569.957
36.762	876.582	570.646
36.813	877.029	569.831
36.409	877.006	570.323
36.818	876.741	570.227
36.691	876.628	569.951
36.128	877.553	569.427
36.575	877.574	569.528
36.948	877.390	569.936
36.634	876.707	570.241
36.732	876.206	570.445
36.571	876.374	570.014
36.896	876.254	570.054
36.632	875.876	570.315
37.367	875.969	569.975
36.760	876.049	570.294
37.216	876.748	569.326
37.115	876.794	569.115
36.561	877.201	569.184
36.709	875.649	570.167
36.938	875.872	570.649
36.929	876.283	570.002
36.485	876.654	569.888
37.118	876.704	569.462
36.430	876.693	569.088
37.039	876.308	569.693
36.865	876.376	569.612
36.256	876.641	570.454
36.645	877.020	569.944
36.716	876.648	569.961
36.964	876.541	570.798
36.593	876.338	570.925
36.793	876.652	570.190
36.451	877.350	569.384
37.152	876.471	569.932
36.783	876.170	569.854
37.025	875.926	569.285
36.759	875.792	569.551
36.305	876.585	570.052
36.412	876.266	570.935
36.829	876.097	570.270
36.589	876.305	569.764
36.835	877.211	569.422
36.711	876.165	570.031
36.581	876.167	569.769
37.011	876.496	569.654
37.285	876.734	569.525
36.897	876.417	570.457
36.867	876.273	570.039
36.429	875.985	570.653
36.825	876.459	570.385
36.857	876.385	570.386
37.049	876.255	570.263
36.880	876.290	569.674
36.871	876.501	569.808
36.847	876.506	570.681
36.668	877.232	570.491
36.613	876.772	570.619
36.514	877.164	570.568
36.437	877.488	569.882
36.731	876.378	570.253
36.845	876.036	569.894
36.720	876.126	569.164
36.797	876.726	568.926
36.823	876.584	569.766
37.466	876.624	569.924
36.703	876.777	570.160
36.680	877.061	569.638
36.718	877.103	570.216
36.589	876.542	569.978
36.818	877.067	570.556
36.821	877.329	569.610
36.865	877.088	570.223
36.706	876.910	569.842
36.589	877.519	569.553
36.988	877.538	569.842
36.920	877.366	570.260
37.230	876.782	570.063
36.245	876.862	569.750
36.877	876.881	569.945
36.989	876.786	570.044
36.745	877.845	569.452
36.281	876.573	569.240
36.882	876.709	569.674
36.545	876.755	569.754
36.809	877.173	569.581
36.907	877.386	568.705
36.824	877.427	568.856
36.626	875.921	570.300
36.477	875.743	570.486
37.169	876.624	570.179
37.056	877.157	568.896
36.405	876.630	569.737
36.596	877.777	569.230
36.431	877.378	569.872
36.237	877.208	569.834
36.869	875.475	571.001
36.597	876.072	569.951
36.071	876.570	569.606
36.865	876.871	569.827
36.847	876.927	569.705
36.747	876.787	569.698
37.033	875.795	570.797
36.764	876.355	569.958
36.834	876.231	569.672
36.635	876.432	570.138
36.626	876.672	569.845
36.381	876.362	570.345
36.920	876.379	570.238
36.594	875.761	569.792
37.053	875.502	570.648
37.110	876.239	570.669
36.935	876.119	570.308
36.762	876.760	569.529
36.522	876.832	569.807
36.830	876.510	570.433
36.725	876.690	569.807
36.584	877.195	569.925
36.922	875.845	570.455
37.222	876.375	569.741
36.425	875.760	570.252
36.979	876.122	569.541
36.746	876.724	569.570
36.784	876.617	569.883
36.281	876.818	569.787
36.508	877.388	569.947
36.918	876.659	570.171
36.834	877.334	569.802
37.036	876.841	570.323
36.812	877.474	569.943
36.872	877.236	569.958
36.585	877.956	569.029
36.818	876.637	570.188
36.830	877.148	569.529
36.848	876.213	569.695
37.044	876.319	568.927
36.833	876.246	568.998
36.664	876.487	569.561
37.044	875.988	569.807
36.785	876.906	568.798
36.913	877.089	569.066
36.186	877.609	569.139
36.953	876.989	569.820
36.538	876.902	570.170
36.685	876.617	569.841
36.755	876.158	570.013
36.522	876.909	569.504
36.709	877.217	569.951
36.927	876.468	569.805
36.754	877.020	569.281
36.704	876.615	569.905
36.808	876.707	570.134
36.679	876.469	570.331
37.340	875.824	569.933
36.444	876.336	569.756
36.739	877.035	568.915
36.947	877.161	569.022
36.886	877.223	569.477
36.662	877.190	569.542
36.967	876.443	569.728
36.782	876.642	569.137
36.711	876.191	569.525
36.652	876.224	570.041
36.964	876.139	570.369
37.238	876.870	568.932
36.763	877.375	569.388
36.374	877.036	568.971
36.447	876.520	569.013
36.518	876.793	569.985
37.109	876.850	570.194
36.976	876.419	570.716
36.798	876.068	570.723
37.336	876.040	570.108
36.731	875.955	570.315
37.143	875.308	570.286
36.612	875.441	570.504
37.226	875.488	570.700
36.976	875.959	570.253
37.122	875.876	570.209
36.841	876.625	569.379
36.916	876.823	569.470
36.908	877.007	568.946
36.774	876.586	569.539
36.582	877.423	570.027
36.573	876.773	570.081
36.971	876.556	569.664
36.873	877.052	569.124
37.175	877.010	569.384
36.474	876.728	569.805
36.933	876.099	570.074
36.885	876.340	569.909
36.767	876.506	569.938
37.167	877.201	570.405
36.712	876.513	569.652
36.603	877.694	569.547
36.987	877.261	570.210
36.659	877.658	569.548
36.675	877.878	569.521
36.892	877.315	570.185
36.896	876.399	570.607
36.841	876.332	570.361
36.873	876.330	569.947
37.377	876.576	570.373
36.435	877.130	570.330
36.673	876.237	570.184
36.691	876.419	569.496
36.480	875.950	570.199
36.946	876.311	570.011
36.671	876.586	570.095
37.067	876.814	570.148
36.621	877.231	569.598
37.262	877.268	569.798
36.693	877.159	570.031
36.495	876.808	569.497
37.151	876.905	569.910
36.391	877.921	569.328
36.919	877.877	569.142
36.608	877.983	569.211
37.028	877.708	568.934
36.807	877.460	569.129
36.916	876.735	569.270
36.755	876.570	570.120
36.703	876.898	569.972
37.023	876.750	570.338
36.918	876.198	570.046
36.384	876.856	569.768
36.647	877.123	570.089
36.657	877.640	569.743
36.569	877.142	569.691
36.653	876.872	570.328
36.667	876.708	570.641
37.072	877.129	570.339
36.437	877.332	569.901
36.455	876.635	570.243
36.602	876.932	570.050
36.710	876.961	569.627
37.226	876.383	569.937
37.386	875.885	570.837
36.459	876.029	570.790
36.776	876.242	570.251
37.183	875.965	570.525
36.983	876.428	570.327
36.981	876.378	569.349
36.885	876.207	569.295
36.328	875.093	569.846
36.710	876.096	569.430
36.466	876.023	569.799
36.794	876.018	569.520
36.591	876.472	569.453
37.005	875.057	569.871
36.629	875.485	569.863
36.600	875.613	570.539
36.992	875.932	570.378
37.092	876.170	569.844
36.749	876.100	570.191
36.577	876.601	570.096
36.512	877.318	569.721
37.026	877.605	569.359
36.719	876.899	569.668
36.417	877.025	569.908
37.009	876.772	570.602
36.493	877.217	570.236
36.866	876.666	569.611
37.176	876.941	569.787
35.971	877.423	569.585
36.431	876.712	570.457
36.882	876.758	570.076
36.683	877.341	569.610
36.439	877.129	569.688
36.755	876.519	570.286
36.874	876.266	570.419
36.814	876.435	569.873
36.775	876.375	569.654
37.136	876.462	568.992
36.867	875.494	569.329
36.609	875.641	568.907
36.544	876.932	568.805
36.847	876.193	569.929
37.054	875.569	570.210
36.884	876.108	570.372
36.780	876.416	569.796
36.750	876.589	569.619
36.889	877.201	569.230
37.091	876.664	569.750
37.336	877.046	569.740
36.698	877.066	569.153
36.916	876.444	569.536
37.147	876.091	570.145
37.179	876.384	569.942
36.990	876.750	570.279
36.536	877.115	569.861
36.415	878.330	569.526
36.492	877.566	570.381
36.565	877.872	569.431
36.866	877.594	570.005
36.632	877.752	570.197
37.157	876.641	570.319
36.548	877.541	569.845
36.490	877.175	569.481
36.956	876.811	569.065
36.839	876.998	568.844
37.067	876.754	569.520
36.552	876.993	569.980
36.347	877.924	569.184
36.873	877.383	570.138
36.460	876.397	571.189
36.989	876.190	570.300
36.533	876.179	569.622
36.788	876.181	569.648
36.760	876.982	569.348
36.832	876.624	570.022
36.255	876.853	569.616
36.896	876.567	569.441
36.554	876.568	569.811
36.337	877.444	569.437
36.735	876.072	570.055
36.785	876.641	569.742
36.385	876.690	570.465
36.905	877.141	569.802
36.636	877.017	570.028
36.565	876.888	569.589
36.906	876.786	569.919
36.698	877.454	569.043
37.145	876.786	569.188
36.798	877.055	568.562
36.663	876.784	569.480
36.689	876.664	569.228
36.631	877.095	569.329
37.131	876.995	568.562
36.802	877.368	568.992
36.952	875.822	570.227
36.571	876.321	569.846
36.950	875.665	570.408
36.638	876.886	569.577
36.573	876.899	569.646
36.562	877.306	570.124
36.640	876.917	570.298
37.161	876.633	569.915
36.630	876.749	570.112
36.641	877.103	570.512
36.640	877.461	570.083
36.282	877.431	569.202
36.890	876.782	569.249
36.804	876.694	569.583
37.004	876.833	569.792
36.826	876.903	569.265
36.662	877.031	569.470
36.235	877.276	569.697
36.955	877.989	569.216
36.571	877.539	569.542
36.891	877.132	570.457
36.466	877.293	569.617
37.039	876.568	569.983
36.757	876.801	570.509
36.821	877.440	569.801
36.665	876.805	569.737
37.359	877.651	569.555
36.527	877.902	569.767
36.453	877.314	569.968
36.768	877.121	569.984
36.364	877.497	570.238
36.706	876.369	569.844
37.051	876.637	570.407
36.950	875.854	570.703
36.619	876.526	570.086
36.431	876.589	570.833
36.643	877.100	570.221
36.599	877.553	569.566
36.496	877.110	570.013
36.580	877.089	569.860
36.635	876.949	569.963
36.993	876.453	570.314
36.757	875.823	569.802
37.101	876.100	569.569
36.807	876.719	569.474
36.376	876.676	569.296
36.813	876.719	570.055
36.639	877.493	569.705
36.378	877.570	569.606
36.720	876.715	570.336
36.536	877.024	569.599
36.833	877.058	569.260
36.531	876.927	569.951
37.152	876.709	570.146
36.508	876.227	570.685
36.841	876.613	569.516
36.834	877.773	569.198
36.902	876.886	569.455
37.366	876.401	569.889
36.747	876.218	569.989
37.097	876.514	569.346
36.515	876.802	569.216
36.462	877.552	569.744
36.638	877.531	570.279
36.468	878.136	569.179
37.094	877.845	569.205
36.595	877.443	570.129
36.733	876.674	570.234
36.651	876.467	570.060
36.714	876.902	569.716
36.820	877.412	570.244
37.064	877.658	569.520
36.742	877.787	570.319
37.193	877.270	570.120
37.264	876.658	570.072
37.054	876.914	570.506
36.686	876.654	569.904
36.715	877.101	569.606
36.858	877.334	570.208
36.650	877.030	570.008
36.377	877.082	570.365
36.779	877.838	569.987
36.578	877.745	570.166
36.086	878.285	569.651
36.610	878.189	569.561
36.756	877.824	569.186
36.641	877.781	569.167
36.577	877.177	569.724
36.697	877.284	569.785
36.728	877.122	570.063
36.584	877.019	570.508
36.570	877.994	569.542
36.600	877.607	570.196
36.511	876.770	570.400
36.798	877.102	570.102
36.898	875.606	570.396
36.998	875.825	570.317
36.695	876.563	569.772
36.734	876.182	569.937
36.795	876.537	569.323
37.015	877.040	569.805
36.564	877.739	569.433
36.561	877.496	569.446
36.825	877.284	569.381
36.848	876.766	568.341
36.707	877.401	568.529
36.879	875.665	569.525
36.623	876.322	570.056
36.803	876.746	568.939
37.320	876.551	569.457
36.935	876.354	568.923
36.833	876.080	569.114
37.230	875.575	569.265
36.692	876.320	569.226
36.926	876.007	569.323
36.303	876.690	569.222
36.672	876.928	570.071
36.495	877.327	569.415
36.762	877.856	568.912
36.700	877.345	569.300
36.541	876.789	569.096
36.327	876.158	570.113
36.933	876.774	569.456
36.665	876.630	569.694
36.718	877.255	569.571
36.806	876.379	570.193
36.636	876.296	569.965
36.797	876.738	569.911
36.732	876.659	569.989
36.728	876.407	569.903
36.880	876.620	569.406
36.738	876.374	569.430
37.093	876.167	569.401
36.882	875.586	569.591
36.966	876.316	569.953
36.713	876.528	569.845
36.542	877.151	569.856
36.671	877.495	569.360
37.040	876.797	569.076
37.176	875.760	569.422
37.161	876.144	569.351
36.731	875.884	569.716
36.989	876.654	570.219
36.800	877.029	569.246
36.781	876.614	570.034
36.332	876.854	570.505
36.499	876.789	570.014
36.595	876.678	570.100
37.555	877.211	570.070
36.638	877.029	570.320
36.488	877.143	569.941
36.967	876.944	569.770
37.258	877.225	570.008
36.802	876.847	570.199
36.638	877.006	569.764
36.857	877.951	569.056
36.259	877.661	569.377
36.988	877.013	569.458
36.530	877.003	568.630
36.709	877.055	569.625
36.613	877.924	568.491
36.191	877.249	568.880
36.718	876.966	569.079
36.450	877.495	567.964
36.813	877.019	568.966
37.033	877.292	568.870
36.948	876.391	569.684
37.170	876.378	570.719
36.813	876.654	570.190
36.832	877.972	569.222
36.587	877.783	569.175
37.009	877.219	570.532
37.191	876.570	570.147
37.103	876.889	568.963
36.879	876.862	569.219
36.945	876.739	569.428
36.912	876.457	569.471
36.577	876.685	568.939
36.559	877.004	569.379
36.659	876.534	569.899
36.936	876.431	569.873
37.119	876.673	568.864
36.449	876.738	569.622
37.021	877.005	570.010
36.902	876.408	570.104
37.034	876.254	570.135
36.441	876.329	570.192
37.254	876.427	569.862
37.014	876.334	570.099
37.097	876.088	570.096
37.237	876.333	569.601
36.921	876.424	569.547
36.368	875.966	569.791
36.657	876.612	569.753
36.866	876.587	569.814
37.078	876.662	570.117
36.729	877.075	569.974
37.085	876.242	570.036
37.430	875.560	570.410
36.440	876.792	568.772
36.999	876.896	569.143
36.622	876.992	569.845
36.821	877.011	569.817
37.296	876.816	570.237
37.004	877.126	569.065
36.442	877.190	569.823
36.502	876.916	570.142
36.878	876.392	570.388
37.081	875.876	570.107
37.017	876.915	569.417
36.622	877.441	569.544
36.844	876.058	571.185
36.783	876.660	569.698
36.797	876.655	570.007
37.265	876.845	570.219
36.654	877.133	570.396
36.918	876.943	568.787
36.487	876.981	569.840
36.390	877.631	569.414
36.624	877.368	569.731
36.808	877.027	570.183
36.813	876.454	569.624
36.723	876.958	569.123
36.497	876.836	569.994
36.634	877.505	569.799
36.596	877.466	570.047
36.823	876.608	569.451
36.730	877.306	568.856
36.580	878.026	568.552
36.643	877.251	568.786
36.766	876.830	568.878
36.778	876.448	569.077
36.908	876.588	569.133
36.580	876.838	569.576
36.375	877.341	569.207
36.722	877.380	569.734
36.463	876.660	570.053
36.770	877.774	569.051
36.704	877.351	569.749
37.201	876.720	570.168
36.915	876.820	570.211
36.859	876.886	569.467
36.706	877.749	568.493
36.578	877.281	568.703
36.641	876.663	569.476
36.681	876.018	569.996
36.682	875.822	570.451
36.647	876.608	570.086
36.568	877.548	569.700
36.597	877.581	570.260
36.604	877.397	570.127
36.838	877.065	569.274
37.215	877.476	569.068
36.525	877.668	569.344
36.536	877.289	569.850
36.921	877.613	569.438
36.463	877.644	568.745
37.038	876.456	569.559
37.190	876.974	569.177
36.279	877.083	569.886
36.453	876.884	570.420
37.025	876.848	570.612
36.873	877.157	570.299
36.848	877.342	569.570
36.458	877.487	569.205
36.703	877.466	568.804
36.228	876.842	569.517
36.874	876.563	569.714
36.978	877.812	569.583
36.627	877.738	570.063
37.127	877.501	570.049
37.049	877.440	569.461
36.716	877.148	569.159
37.096	877.735	568.574
36.467	877.548	569.501
36.649	876.707	570.730
37.175	876.544	570.680
36.499	877.131	569.352
36.571	876.650	569.144
36.428	876.498	569.644
36.288	876.897	569.469
37.160	876.912	569.121
36.611	876.118	569.864
36.857	876.643	569.363
36.823	876.898	569.573
37.112	877.855	568.808
36.775	877.280	568.676
36.430	877.331	569.478
36.986	876.949	569.673
36.583	877.632	569.372
36.606	877.547	569.294
36.959	878.210	568.614
36.451	877.653	569.113
36.531	877.342	569.216
36.433	876.904	569.285
36.909	877.138	569.328
36.707	877.197	568.924
36.611	876.888	569.052
37.298	877.120	568.654
36.783	876.550	569.397
36.779	876.566	570.286
36.729	876.937	570.065
36.916	877.394	569.752
36.605	876.847	570.498
36.995	875.978	569.888
36.837	876.907	568.800
36.800	876.851	569.255
36.984	876.455	569.875
37.012	876.220	570.677
36.404	876.526	570.335
36.997	876.337	570.826
36.971	876.166	570.524
37.453	877.180	570.340
36.483	877.329	569.711
36.988	877.520	570.184
36.359	877.821	569.542
36.450	877.537	569.823
36.575	878.050	569.291
36.756	877.222	570.067
36.992	877.781	569.045
36.500	877.326	570.103
36.768	876.813	569.401
36.725	876.467	568.881
36.932	876.191	569.578
36.448	876.460	569.527
36.602	876.761	569.767
36.560	877.813	569.704
36.613	877.480	569.982
36.392	877.331	570.197
36.809	876.678	570.207
37.135	877.823	568.784
36.602	877.745	569.199
36.360	877.358	569.650
36.444	877.562	569.623
36.367	877.758	569.334
36.422	877.062	569.845
36.937	876.716	570.128
36.846	876.835	570.404
36.730	876.987	570.186
36.775	877.220	569.236
36.398	877.884	568.765
36.826	877.253	569.703
36.809	876.264	569.673
36.753	876.468	569.938
37.158	876.256	569.921
36.882	876.296	569.252
36.905	876.513	569.114
36.709	877.255	569.549
36.892	877.710	569.882
36.342	877.114	569.764
36.353	878.125	569.280
36.386	877.272	569.032
36.266	876.917	569.205
36.551	877.135	569.806
36.873	876.857	569.908
36.849	876.808	569.737
37.087	877.744	569.646
36.938	878.140	569.352
36.936	877.255	569.228
36.889	877.047	569.163
36.728	876.911	569.290
36.670	877.569	568.398
36.397	877.584	568.370
36.478	877.730	568.482
36.426	877.836	569.080
36.596	877.114	569.565
36.990	877.278	569.993
36.573	877.960	568.779
36.432	877.743	569.466
36.645	877.682	568.724
36.705	878.272	570.027
36.883	877.448	570.109
37.029	876.913	569.328
36.435	876.826	568.930
37.037	876.812	569.198
36.917	876.186	569.538
37.076	876.764	569.254
36.478	876.572	569.714
36.806	876.404	570.447
36.868	876.170	569.765
36.938	875.749	569.877
36.771	876.036	569.350
36.939	876.573	568.632
36.754	876.230	569.632
36.867	875.534	569.466
36.650	876.747	568.919
36.183	877.250	569.066
36.812	876.763	568.965
36.456	876.632	569.472
36.949	876.547	569.475
36.487	876.819	569.065
36.953	876.901	568.694
36.693	877.219	569.323
36.891	877.536	569.170
36.701	877.927	569.368
36.828	877.561	569.387
36.879	877.469	569.854
36.688	876.897	569.731
36.623	876.804	569.698
37.331	877.206	569.938
36.465	877.281	569.153
36.504	876.193	570.293
36.908	876.714	569.301
37.167	876.771	569.411
36.937	877.116	569.544
36.651	877.686	569.784
36.867	877.803	569.749
36.908	877.504	568.986
36.343	877.400	569.309
36.451	876.731	569.769
36.377	877.385	569.657
36.742	877.462	569.262
36.639	876.181	569.722
36.728	876.346	570.045
36.779	877.083	568.584
36.420	876.520	569.221
36.844	876.056	569.634
36.837	876.809	569.829
36.777	876.586	570.012
36.955	876.464	570.501
36.853	876.110	569.451
36.468	876.545	568.995
36.946	876.860	569.055
37.116	877.874	568.826
36.574	876.790	569.711
36.858	876.794	569.718
36.877	877.241	569.756
36.876	876.889	569.756
37.121	877.088	569.600
36.975	877.215	569.315
36.974	876.026	569.439
36.946	875.951	569.791
36.968	876.283	569.293
36.991	876.274	568.879
36.698	876.915	570.136
36.556	877.439	569.559
36.823	877.564	569.010
36.746	877.403	569.534
36.882	877.594	569.696
36.123	877.420	570.014
36.998	875.975	569.802
36.806	876.359	570.034
36.594	876.637	569.437
37.058	876.702	569.564
36.812	877.313	569.634
36.598	876.934	570.027
37.025	876.449	570.017
36.919	877.004	569.173
37.307	876.274	569.359
36.774	876.698	569.071
36.494	877.623	568.766
36.677	877.662	569.287
36.741	877.569	569.467
36.873	878.215	569.429
36.985	877.639	568.881
36.432	878.039	568.965
36.910	877.133	569.212
37.169	877.165	568.975
37.042	877.311	569.450
36.957	877.361	568.816
36.389	877.096	569.366
36.613	876.889	569.796
36.620	876.612	569.764
36.783	876.837	570.026
36.610	876.308	569.736
36.870	876.474	570.202
36.907	876.891	569.700
36.711	877.380	569.461
36.642	877.165	569.245
36.999	876.761	569.327
36.912	876.378	569.342
36.961	876.442	569.191
37.006	875.671	569.140
37.013	876.505	569.042
37.288	876.526	569.931
36.901	877.173	570.134
36.586	877.513	569.280
37.031	877.253	569.170
36.615	876.929	569.397
36.415	878.289	568.446
36.731	878.174	567.983
36.523	877.319	569.172
36.569	877.438	568.554
36.063	877.723	569.108
36.667	877.450	569.316
36.431	876.627	569.111
36.657	876.134	569.885
36.769	877.203	568.392
36.146	877.461	568.667
36.673	876.701	570.213
36.834	876.777	570.249
37.310	877.898	569.301
36.513	878.050	569.385
36.392	877.630	569.479
36.783	877.810	569.330
36.993	877.089	570.090
37.000	876.555	569.898
36.588	877.168	569.903
36.697	877.395	569.791
36.593	877.133	569.485
36.631	877.123	568.335
36.580	876.394	569.108
36.962	876.346	569.168
36.833	876.322	569.160
36.367	876.041	569.526
36.950	876.157	570.073
37.248	876.789	569.638
36.577	877.627	569.589
36.727	877.281	569.860
36.512	877.316	569.216
36.576	876.591	569.438
36.379	877.485	568.433
36.775	876.777	568.509
36.810	876.884	569.706
36.915	877.143	569.522
36.963	876.502	569.485
36.510	876.533	569.384
36.830	876.404	568.845
36.995	875.773	569.467
36.524	875.960	569.340
36.755	876.403	569.865
37.314	875.847	570.060
37.085	876.144	569.914
36.860	876.816	569.152
36.998	876.783	569.357
36.634	876.400	570.097
37.016	876.195	569.790
36.801	877.456	569.246
36.886	876.106	569.794
36.716	875.597	570.147
36.933	876.776	569.351
37.034	877.252	569.602
37.026	876.535	570.247
37.244	876.439	570.567
36.728	876.356	570.211
36.911	876.391	570.205
36.499	877.291	569.283
36.829	877.188	568.324
36.380	877.573	568.282
36.075	877.995	568.820
36.715	877.779	569.147
36.913	877.900	569.301
36.544	877.808	569.372
37.091	877.519	568.878
36.591	877.820	568.621
36.370	877.166	569.936
36.553	876.795	570.264
36.925	877.710	569.259
36.535	877.899	569.696
37.226	877.352	569.905
36.522	877.125	569.516
36.891	876.637	570.144
36.387	877.482	569.775
36.600	877.466	569.408
36.656	877.151	569.600
36.753	877.460	569.349
36.788	876.948	569.178
37.024	876.887	569.026
36.895	876.929	569.566
36.846	877.031	569.655
36.532	877.255	569.161
36.636	876.331	569.313
36.880	876.065	569.314
36.839	876.215	569.368
37.064	876.554	568.521
36.957	877.564	568.687
36.558	878.031	569.408
37.022	877.491	569.378
37.228	877.205	568.828
36.703	876.528	569.298
36.718	876.819	568.405
37.104	876.464	569.224
37.138	876.521	568.794
36.394	877.445	568.491
36.757	877.218	568.670
36.657	877.628	568.803
36.418	877.784	569.749
36.978	878.110	569.249
37.048	877.881	568.961
36.582	876.523	569.690
36.827	876.640	570.288
36.564	877.705	569.007
36.765	877.082	569.521
36.629	877.075	569.555
36.561	877.251	569.873
37.075	877.417	568.882
36.778	876.460	569.906
37.119	876.872	569.510
36.966	877.951	569.454
36.612	876.873	569.519
36.977	877.271	568.771
36.412	877.623	568.534
36.637	877.104	569.429
36.795	876.800	569.940
36.630	876.934	569.409
36.629	876.884	569.413
36.734	877.097	568.734
37.319	877.218	568.904
36.845	877.060	569.770
37.033	876.975	569.594
36.422	878.070	568.921
36.911	877.347	569.107
37.066	876.969	569.723
36.544	877.496	569.911
36.613	877.755	569.017
36.473	878.469	569.468
36.849	878.047	568.656
37.133	877.761	569.044
36.539	877.860	569.475
36.570	877.928	569.779
36.436	877.845	569.526
37.026	877.793	569.899
36.967	877.424	569.672
36.488	877.871	568.988
36.758	878.273	568.759
36.664	876.995	569.658
36.868	876.811	569.911
36.793	877.028	569.618
37.008	876.881	570.122
36.341	877.004	570.019
37.328	876.980	569.433
37.390	877.281	569.562
36.475	877.300	569.458
36.338	877.001	569.615
36.663	877.068	569.241
36.324	877.091	569.470
36.886	876.865	569.046
37.295	876.632	569.314
36.633	878.007	568.355
36.529	877.730	568.618
37.091	877.393	569.384
37.117	877.037	569.672
36.738	877.062	569.599
37.010	877.062	569.596
36.712	877.433	569.189
36.750	877.026	569.572
36.665	877.377	569.447
36.512	877.079	569.166
36.844	876.380	569.369
36.790	876.241	569.814
36.676	876.493	569.836
37.140	877.039	569.794
36.793	877.390	569.230
36.435	876.743	569.090
36.808	877.682	568.596
37.093	877.604	569.210
36.769	877.554	569.107
36.374	877.636	569.468
36.899	878.227	568.837
36.518	878.049	569.033
36.666	877.125	569.560
36.971	877.700	568.827
36.570	877.656	569.316
37.021	877.606	569.302
36.705	877.594	569.062
36.465	877.511	569.942
36.400	878.051	569.603
36.537	878.249	570.240
36.630	877.241	569.810
36.729	877.601	569.617
36.668	877.589	570.033
36.953	877.872	569.701
36.666	878.186	569.303
36.900	877.477	569.832
36.663	877.375	569.499
36.636	877.922	568.620
37.013	877.517	569.449
36.162	877.833	568.911
36.924	877.237	569.250
36.416	876.981	569.559
37.011	876.033	569.981
37.158	876.563	569.145
37.114	877.179	569.627
36.354	877.559	569.804
36.701	877.819	569.697
36.798	878.161	569.440
37.123	878.016	569.510
36.525	877.662	569.335
36.851	877.518	569.482
36.802	877.198	570.041
36.871	877.100	569.205
36.999	877.043	568.794
36.446	876.578	569.600
36.858	877.987	568.960
36.267	878.246	569.236
36.744	878.168	569.191
35.877	878.865	568.659
36.523	878.046	568.582
36.915	878.223	568.927
37.065	877.963	569.271
36.417	877.467	569.062
36.448	877.273	569.029
36.732	876.621	569.893
37.002	876.740	570.446
37.048	877.331	569.734
37.133	877.118	569.320
37.152	876.815	569.372
37.264	876.664	569.260
36.827	876.760	568.737
36.471	876.812	569.906
36.737	876.938	569.946
36.682	876.885	570.072
36.534	876.574	569.922
36.732	877.373	570.173
36.924	877.662	569.847
36.460	877.784	570.098
36.751	877.383	570.422
36.480	877.451	569.857
36.320	877.384	569.538
36.480	876.839	569.985
36.690	877.681	569.514
36.727	877.336	569.906
36.671	876.798	569.759
36.800	877.785	569.232
37.048	877.956	568.755
36.653	877.568	569.443
36.109	878.438	568.429
36.144	877.949	569.346
36.668	878.221	569.705
36.955	877.448	569.509
36.731	877.332	568.997
36.211	877.601	568.925
36.911	876.608	569.950
36.716	877.546	568.883
36.590	877.625	569.475
36.641	878.417	569.084
36.798	876.843	569.561
36.590	877.438	569.221
37.214	877.301	568.989
36.580	877.294	569.298
36.968	876.535	569.870
36.924	877.417	569.353
36.809	877.088	569.506
36.845	876.556	570.149
36.640	877.138	569.663
36.786	877.430	569.230
36.430	877.001	569.891
36.850	877.441	569.707
37.095	877.041	570.245
36.712	876.851	570.092
36.437	877.479	569.214
36.648	877.140	568.573
37.017	877.654	568.955
37.004	878.814	568.494
36.239	878.598	568.721
36.994	878.190	569.326
36.780	878.632	568.793
35.954	877.738	570.198
36.491	877.232	570.414
36.701	877.210	569.341
36.925	876.576	569.045
36.636	877.273	569.387
37.095	877.315	569.478
36.640	876.797	569.757
36.765	877.447	569.519
36.570	877.456	569.460
36.858	876.845	569.450
36.434	877.026	569.525
36.680	877.842	569.635
37.128	878.056	569.701
36.220	878.263	569.284
37.111	878.338	568.883
36.949	877.791	568.720
36.803	877.346	569.136
36.678	876.553	569.755
37.027	876.880	569.458
36.779	876.368	570.365
37.375	876.782	569.055
36.603	877.441	569.287
36.940	876.850	569.577
36.721	876.735	569.860
37.058	876.985	569.662
36.720	877.784	569.678
36.599	878.756	569.491
36.809	878.028	568.779
36.433	877.260	569.577
36.595	876.824	570.717
36.913	876.836	570.659
36.192	877.716	569.675
36.900	877.382	569.691
36.813	877.103	569.287
37.177	877.811	568.765
36.792	879.128	568.214
36.568	878.762	568.324
36.571	878.636	568.333
36.027	878.231	568.741
36.344	877.125	570.037
37.043	877.206	569.884
37.026	876.855	569.644
36.790	878.090	568.876
36.512	878.143	569.381
37.008	877.325	569.884
36.463	876.652	569.452
36.980	876.958	569.581
37.060	876.692	570.018
36.555	876.500	569.719
36.843	877.720	569.203
36.868	877.346	569.516
36.665	877.451	569.381
36.556	877.148	569.343
36.788	877.305	569.471
36.442	877.434	568.975
36.899	876.730	569.369
37.232	875.910	570.020
36.852	876.004	569.540
36.994	876.517	569.558
37.070	877.251	569.281
36.706	877.490	569.903
36.881	877.641	569.184
36.494	877.662	568.978
36.364	877.789	568.810
36.475	877.594	569.301
36.526	878.047	569.297
36.901	877.415	570.090
36.406	877.336	569.194
36.940	876.289	569.557
36.994	876.655	569.979
36.796	877.179	569.544
36.749	876.805	569.973
37.095	876.320	570.041
36.947	877.022	569.923
36.363	877.795	568.958
36.941	878.202	568.446
37.163	878.221	568.339
36.796	877.973	568.813
36.330	876.850	569.803
37.027	876.860	570.296
36.453	877.135	569.808
36.817	876.616	569.976
36.822	877.110	568.965
36.815	876.362	569.418
36.784	876.618	569.216
37.334	876.940	569.237
36.513	877.852	569.155
36.762	878.169	569.258
36.634	877.610	568.897
36.911	877.597	569.261
36.547	878.397	568.712
36.653	877.683	569.038
36.777	877.620	569.046
36.371	877.200	569.181
37.132	876.760	569.467
37.053	877.278	569.276
36.802	877.218	568.928
36.748	876.620	569.513
36.731	876.935	569.624
36.663	877.817	568.707
36.716	878.012	568.883
36.762	877.317	569.523
36.546	877.056	568.593
36.905	877.025	569.371
36.620	876.711	569.778
37.329	877.608	569.742
36.601	878.156	569.680
36.655	877.722	569.619
36.448	878.032	568.801
36.587	878.493	568.535
36.607	878.946	568.624
36.758	878.274	569.712
36.414	878.702	569.083
36.710	878.427	569.658
36.620	877.035	569.844
37.148	876.735	569.851
36.646	877.897	569.606
37.016	877.779	569.248
36.965	877.746	568.945
37.015	877.659	568.356
36.818	877.959	568.793
36.263	877.886	569.244
36.632	878.757	568.428
36.651	878.317	568.376
36.402	878.116	568.520
37.058	877.816	569.103
36.557	878.077	568.627
36.458	878.045	569.587
36.650	877.547	569.959
36.640	878.021	569.141
36.569	877.865	569.340
36.562	878.592	568.835
36.600	878.720	569.435
36.893	878.011	569.155
37.191	877.505	569.468
36.674	877.227	569.902
36.540	877.436	569.952
36.281	877.963	568.991
36.882	877.172	569.139
36.596	877.989	568.429
36.600	877.803	568.690
36.953	877.678	569.105
36.421	877.670	569.690
36.657	878.088	569.728
36.509	877.364	569.862
36.880	877.667	568.942
36.337	877.213	569.832
36.822	877.559	569.208
37.101	877.470	568.744
37.240	876.953	568.816
36.793	877.519	568.553
37.314	876.991	569.287
37.003	877.406	569.540
36.956	877.232	569.376
36.791	876.632	569.925
36.580	877.751	569.220
37.136	877.262	569.422
36.715	877.274	569.397
36.525	877.042	569.376
36.719	877.192	569.338
36.386	877.801	569.087
36.791	877.855	568.933
37.052	877.490	569.164
36.913	877.616	569.188
36.578	878.045	569.132
36.570	877.179	569.641
36.992	877.436	569.620
36.420	876.959	570.112
36.897	877.484	569.312
36.645	876.882	569.670
37.021	877.065	570.159
36.414	877.583	570.019
36.746	877.440	569.978
36.963	876.995	569.908
36.954	877.082	569.830
36.645	877.381	569.239
37.175	877.520	568.142
36.450	877.419	568.897
36.782	877.386	568.480
36.540	877.158	568.587
36.924	876.945	568.345
36.961	877.668	567.938
36.323	878.593	568.787
36.682	877.201	569.592
37.449	877.078	569.644
36.764	876.565	569.782
37.434	877.412	569.045
36.851	877.456	568.936
36.503	877.549	568.569
36.735	878.142	569.372
37.186	877.241	569.682
37.069	877.103	569.471
36.708	876.790	569.528
36.930	877.558	569.653
36.857	877.796	569.934
36.606	877.830	569.923
36.556	877.264	569.826
36.867	876.767	570.399
36.932	876.751	569.233
36.618	877.426	569.117
36.701	876.828	568.980
37.299	876.761	569.055
36.574	877.055	569.788
37.223	877.427	569.212
36.796	877.049	567.909
36.849	876.463	569.129
36.608	876.929	568.453
36.571	877.287	569.020
36.583	877.582	568.572
36.589	878.058	569.184
36.799	877.426	569.620
36.540	876.280	569.733
36.992	876.750	569.499
36.802	877.518	568.751
36.909	877.358	568.656
36.784	877.175	570.106
36.360	876.989	569.370
36.819	877.689	568.392
36.323	878.206	568.536
36.622	877.368	569.645
37.099	877.630	569.019
36.852	877.495	569.293
37.301	877.151	569.275
36.455	877.649	569.392
37.406	877.565	569.106
37.001	877.775	568.700
36.796	877.639	569.209
37.031	877.969	569.095
36.691	878.261	569.020
36.397	876.734	570.135
36.640	877.482	568.975
37.082	877.462	569.150
36.592	877.777	568.439
37.036	877.962	567.979
36.833	878.177	568.655
36.716	878.183	568.926
36.649	878.411	568.441
37.145	877.445	568.197
36.816	876.929	568.699
36.921	877.829	568.452
37.003	877.612	568.458
36.513	878.028	568.230
36.496	877.446	568.802
36.944	876.908	568.695
36.564	877.186	569.335
37.001	877.697	568.661
36.478	877.258	569.575
36.852	877.172	568.697
36.573	876.988	569.252
36.403	876.986	569.207
36.800	877.149	568.930
36.868	877.401	568.814
36.466	877.262	568.661
36.715	877.405	568.767
37.001	876.847	569.088
36.934	877.602	568.909
36.123	878.113	569.438
36.896	877.265	569.589
36.984	876.413	569.764
37.395	876.709	570.242
37.097	877.089	569.459
36.975	876.538	569.506
36.767	877.337	569.427
37.038	877.482	568.441
36.683	876.365	568.741
36.725	876.680	569.288
36.491	876.714	569.278
37.094	876.359	569.570
36.630	876.727	569.826
36.835	878.150	568.450
36.770	877.627	568.678
37.172	877.796	569.666
36.676	878.378	569.795
36.592	878.005	569.243
36.451	877.751	569.277
36.716	877.925	569.324
36.937	877.529	568.934
36.663	877.458	569.044
36.680	877.157	568.629
36.927	876.817	569.977
37.117	877.624	569.434
36.610	878.316	569.438
36.317	877.014	569.656
36.804	877.472	569.600
37.082	876.883	569.174
36.419	877.833	568.860
36.803	877.413	568.581
36.937	878.032	568.499
37.051	878.227	567.713
36.437	877.506	568.854
36.795	878.059	568.850
36.445	877.872	568.800
36.801	878.054	569.437
36.737	878.111	569.331
36.734	878.288	569.189
36.995	878.518	569.028
36.576	878.694	568.362
36.279	878.372	569.175
37.264	877.299	569.990
36.986	876.464	570.288
37.564	876.344	569.887
36.277	876.287	570.226
36.998	876.080	569.318
36.767	876.476	569.580
36.927	877.024	568.835
36.469	877.638	568.380
36.987	877.847	568.353
36.783	877.989	568.260
36.892	877.652	568.185
36.321	877.811	568.640
36.623	878.184	568.738
36.784	877.499	568.763
36.539	877.520	569.118
36.875	876.979	570.036
36.744	877.396	569.715
36.653	876.945	570.196
36.993	877.076	570.266
37.088	876.889	569.837
36.850	877.439	568.872
37.048	876.931	569.107
36.561	876.731	570.081
36.459	876.473	570.020
36.619	876.440	569.471
37.245	875.643	569.284
36.746	875.781	569.346
36.511	876.938	568.791
36.853	877.126	569.287
36.086	877.008	568.978
36.272	877.730	569.026
36.911	877.370	569.196
37.091	877.588	568.741
36.390	877.643	569.560
36.830	877.219	570.506
37.017	878.017	569.644
36.553	879.268	568.539
36.606	878.024	569.877
36.633	877.218	569.464
36.648	877.265	568.625
36.891	877.552	569.131
36.820	877.885	569.213
36.668	876.933	569.087
36.618	877.364	568.725
36.689	876.655	569.626
36.771	877.036	569.674
36.679	877.076	569.528
36.497	877.480	569.324
36.894	877.040	569.301
36.941	876.521	569.868
36.952	877.359	569.801
36.696	877.324	569.521
36.949	877.073	569.965
37.012	877.333	570.203
36.663	877.131	570.014
36.854	877.056	569.399
36.896	876.341	569.450
36.588	876.673	568.839
36.727	876.827	569.446
36.898	876.786	569.634
37.024	876.833	570.584
36.896	877.650	569.008
36.735	877.650	569.102
36.607	878.174	569.312
36.907	877.696	568.793
36.626	877.615	569.354
36.781	877.507	569.962
36.527	877.867	570.338
37.151	877.450	569.329
36.778	877.801	568.247
36.432	878.348	568.283
36.337	877.562	569.532
36.600	877.277	569.627
36.741	876.923	569.197
36.958	877.229	569.083
36.098	877.121	569.404
36.583	877.787	568.999
36.936	877.922	568.914
36.687	877.341	569.590
37.072	876.906	569.885
36.754	877.177	569.483
36.777	877.760	568.983
36.364	878.409	569.131
37.006	877.599	568.826
36.353	877.792	569.195
36.539	877.773	568.658
36.437	877.919	569.064
36.498	878.763	568.693
36.639	878.545	568.948
36.844	878.611	568.554
36.696	878.727	568.794
36.703	878.302	569.046
36.656	878.903	568.604
36.878	878.683	569.245
36.901	878.268	569.768
36.827	877.306	569.472
36.561	877.574	569.310
36.705	878.094	569.030
36.745	878.013	568.541
36.871	877.845	569.209
36.517	877.795	568.577
36.563	876.939	569.813
36.795	877.262	569.409
36.622	877.249	568.353
36.204	877.020	568.713
37.131	876.648	569.154
36.972	876.642	570.100
37.344	876.977	569.195
36.589	877.327	569.560
37.076	876.768	569.444
36.807	877.111	569.891
36.694	876.799	569.224
36.597	878.158	568.586
37.114	877.702	569.033
36.644	877.592	569.295
36.881	876.969	569.099
36.896	877.465	568.595
36.859	877.091	569.624
36.907	876.904	570.336
37.078	877.193	569.424
37.129	877.163	568.663
36.909	876.919	569.465
37.198	876.527	569.099
36.679	877.390	569.145
36.861	877.028	569.159
37.150	876.591	569.711
36.389	877.229	568.555
37.170	876.494	569.196
36.674	876.829	568.499
36.590	877.227	568.637
36.271	877.924	569.049
36.493	877.661	569.391
36.939	876.948	569.846
36.698	877.085	570.026
36.951	877.116	569.512
36.689	877.381	569.529
36.903	876.282	569.978
37.018	876.499	569.959
37.343	876.481	569.456
36.992	876.609	568.735
36.589	877.237	569.280
36.833	878.142	568.698
36.965	877.288	568.972
37.072	876.564	569.407
36.658	877.467	569.411
36.779	876.732	569.554
37.238	877.239	569.175
36.898	876.865	569.007
36.738	876.335	569.305
36.973	877.231	568.046
36.951	877.319	568.363
36.656	877.694	568.514
37.107	877.908	568.821
36.464	877.685	569.363
37.209	876.438	570.335
36.778	876.704	569.231
36.968	876.550	570.056
36.729	877.960	569.295
36.891	878.175	569.005
36.815	877.633	569.120
37.243	877.997	569.250
36.592	877.709	569.503
36.467	878.171	569.667
37.037	877.959	569.954
36.777	877.810	569.004
36.313	878.479	568.643
36.858	878.326	568.608
37.108	877.693	569.440
36.659	877.978	569.017
36.720	877.816	568.873
36.525	877.972	569.068
37.133	877.063	569.299
36.428	877.933	568.521
36.480	878.065	568.885
36.746	878.030	569.281
36.547	877.959	569.461
36.936	878.087	568.585
36.560	878.040	569.194
36.984	877.756	569.027
36.770	878.291	569.313
37.192	877.720	569.195
36.755	878.390	568.541
36.992	877.499	569.069
36.828	877.047	568.780
37.007	876.610	569.052
36.813	876.165	569.594
36.999	877.065	568.165
37.145	876.815	568.924
36.640	877.203	569.740
37.352	876.694	570.574
36.551	877.606	569.694
36.987	878.156	570.193
36.510	878.252	569.224
36.708	876.994	569.177
37.284	877.628	568.641
36.833	877.706	569.374
36.557	879.044	568.623
35.967	878.194	569.145
36.674	878.303	569.148
36.763	877.762	569.028
36.835	877.485	569.488
37.032	877.074	568.723
37.230	876.890	569.183
36.797	877.280	569.879
36.717	877.741	569.566
36.418	878.759	569.019
36.878	877.997	569.452
36.682	877.873	569.419
36.571	877.844	569.788
36.685	878.283	569.096
36.606	878.114	569.126
36.627	877.912	568.849
36.505	877.849	568.695
37.265	878.062	568.941
36.623	878.596	568.722
36.369	878.588	569.404
36.248	878.203	569.188
36.795	877.674	569.143
36.385	878.114	569.203
37.050	877.411	569.025
36.478	877.436	569.011
36.904	876.759	569.181
36.778	877.223	569.081
36.991	876.874	568.740
37.265	877.815	568.629
37.135	878.079	569.367
36.548	877.273	569.817
36.575	877.599	569.425
36.666	877.316	569.301
37.137	877.135	569.419
37.114	877.325	569.134
36.795	877.090	568.777
36.827	877.257	568.617
36.658	877.038	569.256
37.141	877.720	568.581
36.470	877.713	568.650
36.689	878.602	568.714
36.856	878.853	569.141
35.934	878.047	569.093
36.578	877.498	568.613
36.885	877.290	568.706
37.176	876.591	569.636
36.622	877.694	569.412
36.657	877.963	569.495
36.394	878.097	569.488
37.269	878.135	568.523
36.000	878.152	568.993
36.384	877.630	569.194
36.600	877.821	569.101
37.184	878.354	567.926
36.721	877.261	568.288
36.724	877.338	568.449
36.628	876.761	568.631
37.025	877.111	569.456
36.857	876.864	569.176
36.633	877.066	569.299
37.219	876.599	569.851
36.870	877.557	569.822
36.617	877.431	570.124
37.174	876.496	569.524
36.870	877.135	569.623
36.644	877.195	569.332
36.759	877.428	569.378
36.872	876.965	569.000
36.947	877.592	568.395
36.824	877.671	568.744
36.863	877.053	569.412
36.631	877.504	569.034
37.064	877.313	569.253
36.572	877.203	569.151
36.855	877.647	568.671
36.698	877.808	569.088
37.323	876.331	570.364
37.075	877.221	569.137
36.696	877.096	569.356
36.529	877.422	569.386
36.813	876.048	569.729
36.944	876.934	569.119
36.952	876.852	569.364
36.657	877.769	568.940
36.383	877.758	569.338
36.849	877.979	569.004
36.970	878.001	569.254
36.606	876.895	569.168
36.825	876.653	569.518
36.689	877.459	569.563
36.989	876.427	569.833
36.736	876.729	569.452
37.038	877.067	569.233
36.923	877.273	568.589
36.835	877.121	568.864
36.631	877.547	569.070
36.272	877.011	569.364
37.092	877.579	569.000
37.093	877.638	568.693
37.061	877.824	569.012
36.468	877.815	569.186
37.163	877.816	569.214
36.880	877.783	568.954
36.684	877.896	569.391
36.469	877.501	569.208
36.961	877.814	569.068
36.765	877.059	569.683
36.445	876.983	570.280
36.142	877.573	569.291
36.479	877.767	569.369
36.568	877.417	569.993
36.827	876.986	570.529
36.924	877.870	569.827
36.416	877.832	569.416
36.550	877.071	569.749
36.450	877.402	569.681
36.249	878.099	569.013
36.815	878.740	569.071
36.835	878.919	568.578
36.084	877.814	569.630
37.220	877.322	570.200
36.793	877.140	569.488
36.811	877.159	568.984
36.591	877.452	568.907
36.540	877.519	568.911
36.779	879.062	569.223
36.646	878.983	569.193
36.664	878.605	567.848
36.651	878.233	568.651
36.668	877.528	569.295
36.866	878.137	569.435
36.562	877.683	568.446
36.871	878.069	567.952
36.665	877.894	568.627
36.899	877.344	568.846
36.516	877.749	568.802
36.672	877.767	569.587
36.689	878.305	569.304
37.076	877.821	569.383
36.539	878.624	568.995
36.596	879.099	568.696
36.300	878.364	569.577
36.969	878.195	569.565
36.577	877.692	569.287
36.817	877.867	568.961
36.846	877.172	569.066
37.619	876.681	569.275
36.891	876.853	568.841
36.730	877.655	568.731
36.288	877.645	569.280
36.884	877.644	569.485
36.441	877.126	569.355
37.202	877.209	569.031
37.040	876.412	569.441
36.633	876.776	568.561
36.791	876.557	568.831
37.020	877.447	568.397
36.415	878.179	568.397
36.223	878.070	569.083
36.435	877.287	569.655
36.879	876.463	570.137
36.718	876.692	569.347
36.879	877.089	569.030
37.181	876.086	570.271
37.064	876.600	569.603
37.204	877.546	569.370
36.728	877.967	568.302
36.321	878.044	568.574
36.761	877.569	569.154
37.077	878.482	569.348
36.573	877.833	568.775
36.843	877.759	568.600
37.202	878.076	568.695
36.957	878.115	568.678
36.436	877.901	569.469
36.073	878.112	569.198
37.248	877.580	569.242
36.425	876.727	569.624
37.372	876.887	569.679
36.948	876.789	569.598
37.079	876.768	570.559
36.943	877.620	569.661
36.773	877.891	569.876
36.843	877.445	570.249
36.596	878.269	569.240
36.544	878.192	569.536
36.603	877.969	569.329
36.883	878.187	569.479
36.593	877.723	568.883
36.859	877.912	569.228
36.985	877.548	569.570
36.319	878.644	568.796
36.978	878.602	569.037
36.570	878.772	569.437
36.428	878.262	569.187
36.713	878.739	568.059
36.714	878.073	568.197
36.676	877.724	568.176
36.894	878.431	568.580
36.750	877.895	569.362
36.631	877.270	570.097
36.666	877.084	569.571
36.678	877.938	569.539
36.869	878.710	569.142
36.684	878.358	569.300
36.802	877.652	569.504
37.020	877.414	569.665
37.133	877.017	569.482
37.121	876.809	569.252
37.213	877.230	569.249
36.865	877.314	568.594
37.066	876.993	569.084
36.911	877.301	568.812
37.122	876.695	569.253
37.057	877.433	569.337
37.116	876.871	569.785
36.636	877.384	569.694
36.673	877.459	569.500
36.752	877.222	569.462
37.213	876.775	568.962
36.993	877.047	569.076
37.054	875.904	570.058
37.084	876.747	569.635
37.152	877.915	569.256
36.898	878.298	568.685
36.774	877.614	568.959
36.794	878.002	568.639
36.598	878.014	569.453
37.080	877.404	569.113
37.596	876.403	569.536
37.023	876.774	569.255
37.150	877.624	569.244
36.722	877.842	569.540
36.702	878.547	569.011
37.222	878.323	569.375
36.782	877.576	569.807
36.669	877.081	570.014
37.031	877.110	569.939
37.050	877.106	569.728
37.216	877.605	570.039
36.546	877.407	569.925
36.749	877.501	569.025
37.083	877.421	569.214
36.767	876.971	569.803
36.825	877.581	569.380
36.914	876.544	569.864
36.979	877.859	568.555
36.386	878.140	569.046
36.793	878.083	569.656
37.007	877.870	569.635
36.719	877.612	569.757
36.877	878.165	569.616
37.226	877.818	569.336
36.718	877.159	568.839
36.989	876.921	569.662
36.644	877.699	568.884
36.897	877.926	569.258
36.873	877.535	569.389
36.820	877.644	569.221
36.505	877.547	569.140
36.899	878.364	569.009
36.710	878.154	568.572
37.056	877.754	568.809
37.154	877.459	569.911
36.674	877.344	569.289
37.125	877.332	569.447
36.973	876.976	569.394
36.804	878.043	568.533
36.471	877.657	570.048
37.214	878.747	568.937
36.704	878.309	569.340
36.941	877.571	568.943
36.533	877.662	569.690
37.014	878.305	568.732
36.784	878.076	568.956
37.011	878.025	568.612
36.678	877.963	568.653
36.989	877.433	569.106
36.750	877.784	569.136
37.007	877.527	569.192
36.611	877.936	569.067
37.094	877.176	569.642
36.759	877.192	570.002
36.848	877.341	569.976
36.871	877.895	569.299
36.774	877.688	569.693
36.749	877.826	569.783
36.432	877.724	569.353
36.581	878.320	569.042
36.475	878.540	568.286
36.899	878.570	568.329
36.696	877.834	568.686
36.852	877.757	569.755
36.931	877.959	569.410
36.208	878.252	569.570
37.023	878.008	569.337
36.600	877.936	569.119
37.261	877.854	568.788
36.778	877.568	569.431
36.803	876.864	569.547
36.909	877.291	568.966
36.474	876.858	569.843
37.053	877.885	569.149
36.616	876.639	570.082
37.210	877.738	570.007
36.891	878.455	569.122
36.495	877.747	569.425
36.753	877.959	569.392
36.483	878.224	568.502
36.779	877.677	569.089
36.532	877.461	569.353
37.282	877.342	568.352
36.491	877.968	567.965
36.629	877.551	568.384
36.524	878.173	568.516
36.994	878.329	569.085
36.768	877.716	569.123
36.955	877.330	568.866
37.408	876.471	569.221
36.844	876.172	569.164
37.323	876.436	569.186
37.049	876.387	569.228
36.872	876.212	569.066
36.875	876.664	569.468
37.006	877.399	568.574
36.868	877.025	569.662
36.821	877.133	569.527
37.162	876.889	569.636
37.031	877.688	569.152
36.710	877.449	569.342
37.180	877.361	568.609
37.021	877.100	568.407
36.917	877.780	568.414
37.159	878.257	568.600
36.758	877.444	568.662
37.012	877.020	568.936
37.274	876.247	569.385
37.343	876.283	568.637
37.083	877.365	568.274
36.946	876.674	568.493
36.953	876.980	568.550
36.702	877.354	568.236
37.044	876.987	569.046
37.044	876.969	569.105
36.683	877.118	569.172
36.244	876.899	569.278
36.628	877.135	569.016
37.258	877.076	569.032
36.668	877.271	569.639
37.115	877.299	569.232
37.262	877.101	569.299
37.492	876.645	569.093
36.946	876.891	569.227
36.825	877.631	568.540
36.805	877.983	569.214
36.608	878.299	568.713
36.791	877.844	569.051
37.250	877.418	568.854
36.488	877.142	569.407
36.697	876.864	569.408
37.180	877.195	569.185
36.664	877.246	568.696
36.272	876.559	569.713
36.695	877.616	569.475
36.555	877.357	569.820
36.270	877.341	569.655
36.757	877.605	569.410
36.905	877.400	569.707
36.705	876.918	570.036
37.142	877.110	569.662
37.119	876.925	569.399
37.272	877.411	569.399
37.130	877.719	569.249
36.827	877.959	568.893
36.916	877.558	569.507
36.472	877.554	569.637
36.526	878.473	568.738
36.449	878.588	569.043
37.226	878.542	569.327
36.819	879.616	568.167
35.115	879.607	568.329
36.228	879.856	568.395
36.159	879.322	568.786
36.760	878.622	569.250
36.599	878.846	567.899
36.447	878.326	568.716
36.538	878.187	569.155
36.882	877.515	569.744
36.539	877.762	569.400
36.905	877.160	569.514
36.959	876.996	569.736
36.624	877.211	569.423
36.782	877.223	569.366
36.930	877.218	569.442
37.036	876.890	569.552
36.539	877.615	569.401
36.338	878.103	568.821
36.700	877.724	569.175
36.739	878.744	568.554
36.941	878.557	569.278
36.811	879.078	568.822
36.306	879.002	568.820
36.297	879.191	568.600
36.604	878.737	568.756
36.539	878.129	568.978
36.972	877.447	569.451
36.835	877.555	569.022
37.094	877.677	569.221
36.771	877.684	569.307
36.524	877.362	569.151
36.673	877.306	569.457
37.210	877.658	568.800
36.923	877.631	569.600
36.358	877.934	569.225
36.940	877.896	568.955
36.721	878.007	568.706
36.810	877.567	569.363
37.020	878.232	569.084
36.951	877.820	569.415
37.071	878.998	569.162
36.604	878.208	569.443
37.076	876.996	569.154
36.838	877.856	568.729
36.465	878.230	568.758
37.195	877.646	568.531
36.869	878.209	568.897
36.692	878.042	569.295
37.131	877.797	569.045
36.653	878.750	568.226
36.560	878.716	568.190
36.759	878.433	568.540
37.012	877.611	569.012
36.757	877.720	569.355
36.743	878.278	569.205
36.669	878.002	569.323
36.763	878.950	568.367
36.689	878.307	568.299
36.704	877.705	568.547
36.750	877.508	569.628
36.628	877.443	569.540
36.709	877.517	569.271
37.381	877.857	569.303
36.294	877.547	569.295
36.800	878.253	569.266
36.637	877.739	569.118
36.010	878.174	568.870
36.903	878.373	568.725
37.195	878.641	569.018
36.515	878.304	569.439
36.420	877.485	569.367
37.077	876.674	569.503
36.779	876.673	569.924
37.022	877.539	569.849
36.909	877.782	569.376
36.992	878.043	569.412
36.761	878.134	569.560
36.722	878.061	569.487
36.713	877.675	569.161
36.379	877.802	568.946
36.657	877.965	569.228
37.097	877.550	569.485
36.523	877.907	569.136
37.166	877.036	569.596
36.826	877.299	569.303
37.172	876.807	569.311
37.051	877.403	568.693
37.026	877.322	569.293
36.486	876.669	568.883
36.713	877.344	568.699
36.609	877.249	569.487
36.788	877.954	568.948
36.984	877.967	570.379
36.573	877.952	569.028
36.580	877.939	569.243
37.020	877.689	568.524
36.928	877.981	569.255
36.985	877.130	569.252
37.185	876.458	569.436
36.335	876.995	568.953
36.521	877.400	569.391
36.532	877.436	568.841
36.623	877.137	568.975
36.652	878.028	568.738
36.363	877.520	569.215
36.488	878.126	569.278
36.980	877.116	569.499
36.810	876.795	569.158
36.897	877.545	569.101
37.309	877.302	569.260
37.048	877.312	568.513
36.891	877.332	568.510
37.102	876.762	569.211
37.402	877.371	569.498
37.350	877.194	569.474
37.281	877.062	568.882
37.027	876.834	569.404
36.831	877.189	568.932
36.705	877.938	568.255
36.358	877.747	568.721
36.873	877.812	568.443
36.085	878.032	567.940
36.295	878.571	568.530
36.357	878.215	568.938
37.218	877.776	569.000
36.783	878.398	568.693
37.152	877.616	569.119
37.036	877.584	569.528
36.696	877.593	569.305
36.822	877.549	568.819
36.947	877.878	569.184
36.867	877.205	569.180
37.194	876.699	568.792
36.844	877.497	568.843
36.991	877.036	569.426
37.025	877.101	569.530
37.052	876.679	569.999
36.542	876.863	570.072
36.883	876.822	569.845
36.886	877.626	569.237
36.858	877.955	568.941
37.106	877.691	569.428
36.561	877.667	569.307
36.268	877.891	569.454
36.823	877.721	569.336
37.472	877.741	569.469
36.892	877.314	569.131
37.220	877.119	568.906
36.867	877.008	568.832
37.019	876.899	569.150
37.028	877.285	568.804
36.922	877.498	568.894
37.002	877.672	568.724
36.831	878.304	568.802
37.022	878.450	568.640
36.850	877.706	568.611
37.058	878.268	568.857
36.970	877.736	568.730
36.684	878.969	568.032
36.992	878.658	568.268
37.046	878.635	568.649
36.892	878.207	569.121
36.565	877.556	568.798
37.270	877.459	569.490
36.545	877.289	569.252
36.950	877.219	569.003
36.933	877.571	568.532
36.593	878.010	569.493
36.771	878.071	568.932
36.817	878.749	568.148
36.389	878.857	568.416
36.607	878.827	568.000
36.596	878.655	567.702
36.504	878.293	568.396
36.819	878.021	567.715
37.052	876.981	568.963
36.621	877.158	569.277
36.596	876.866	569.145
36.649	877.398	569.030
36.668	876.950	569.236
36.778	877.672	568.492
36.387	878.256	568.609
36.979	878.692	568.776
36.397	877.837	569.619
36.378	877.894	569.592
36.360	878.366	569.184
36.951	878.061	568.684
36.332	878.026	569.230
36.949	878.129	568.647
36.305	877.640	568.815
36.739	878.571	568.425
36.023	878.181	569.039
36.871	877.598	568.996
36.491	877.744	569.403
37.068	877.971	568.966
36.533	878.138	568.256
