36.233	882.504	568.763
36.186	882.774	569.542
35.873	882.105	569.612
36.387	881.617	569.696
36.730	881.650	569.728
36.024	881.597	569.868
36.635	881.603	570.634
36.294	881.167	570.657
36.240	881.369	569.451
35.984	880.916	569.227
36.477	881.233	568.428
36.032	880.801	568.875
36.103	880.899	569.353
36.281	881.359	568.846
36.439	881.226	569.226
35.998	880.986	568.894
36.269	880.809	569.418
35.923	881.761	568.444
35.618	881.942	568.772
36.156	881.517	568.649
36.334	882.814	568.497
36.401	881.757	568.960
36.371	880.912	569.316
36.451	881.190	568.974
36.287	881.769	568.586
35.859	881.429	569.348
36.125	880.561	569.030
36.472	880.872	569.375
36.102	881.530	569.586
35.974	882.176	569.685
36.388	881.442	569.745
35.954	881.262	569.537
36.015	881.603	569.402
36.309	881.769	569.457
36.231	882.041	569.069
36.782	882.235	569.034
36.031	881.529	568.494
35.904	881.970	568.637
35.986	881.660	569.153
36.505	881.271	568.872
36.140	881.016	569.906
36.401	880.689	569.468
36.245	880.480	569.928
36.519	879.927	569.958
35.973	880.053	569.615
36.414	880.806	569.789
36.391	880.770	570.135
36.171	880.949	569.594
36.193	881.265	569.124
36.221	881.434	569.446
36.331	881.359	568.913
35.858	880.764	569.270
36.316	881.039	569.242
36.303	881.349	569.016
35.911	880.805	569.252
36.161	881.713	569.201
35.794	882.576	569.520
36.508	882.213	569.260
36.133	882.029	568.869
36.187	882.162	569.980
35.932	881.727	569.671
36.558	881.576	569.728
36.219	881.626	569.462
36.071	881.765	569.174
36.268	881.923	568.648
35.674	881.728	569.388
36.520	881.849	569.065
36.335	881.942	568.715
36.272	881.986	569.120
36.028	881.443	569.110
36.148	880.936	570.192
36.416	880.520	569.623
36.162	880.783	569.690
36.069	880.377	570.190
35.664	880.136	570.179
36.200	880.451	569.266
35.822	880.587	569.137
36.637	880.590	569.428
36.432	881.437	568.187
35.957	881.406	568.475
36.135	881.059	569.022
36.050	880.982	569.583
36.025	880.729	569.931
36.131	881.293	568.823
36.487	881.177	568.721
36.347	881.368	569.257
35.969	880.826	569.322
36.208	880.196	569.359
36.464	880.550	568.926
35.716	881.913	568.662
36.008	882.038	569.453
36.136	881.663	568.961
36.330	881.783	569.030
36.261	881.548	569.509
35.517	881.227	570.630
36.230	881.241	570.478
36.383	880.926	569.497
36.366	880.950	569.163
36.463	881.044	569.253
36.120	881.406	569.303
36.463	880.487	569.421
36.020	880.387	569.540
36.198	879.968	569.526
36.300	880.285	569.900
36.326	880.194	568.987
36.354	879.917	569.177
35.662	880.149	569.999
36.157	880.553	570.100
35.867	881.125	570.236
36.065	880.428	569.546
36.163	880.484	569.854
36.366	880.543	569.628
36.309	880.826	569.650
36.366	881.026	569.980
35.918	880.670	569.907
35.913	881.716	569.447
36.639	881.821	569.060
36.107	881.560	569.279
36.540	881.601	569.197
36.329	881.353	569.404
35.939	881.224	569.218
36.043	881.194	569.119
36.081	880.598	569.618
36.314	880.324	569.757
36.095	880.612	569.544
36.250	881.273	570.027
36.262	881.080	569.686
36.432	881.236	569.608
36.014	881.229	569.964
36.044	881.256	569.804
35.895	880.864	570.384
36.705	881.430	568.839
36.400	881.081	569.147
36.068	881.077	569.247
36.462	880.849	569.367
35.940	881.464	569.308
36.244	880.632	569.705
35.838	881.368	570.096
36.110	880.888	569.908
36.430	881.706	569.449
36.372	881.881	568.217
35.766	882.297	568.014
36.037	881.175	569.231
36.537	880.984	568.514
36.265	880.906	569.147
35.940	880.702	569.054
35.739	880.702	569.514
36.109	881.297	569.763
36.567	881.184	569.447
35.919	880.879	569.001
35.913	881.707	568.372
36.451	881.571	568.217
35.724	881.347	568.880
36.497	881.999	568.343
36.148	882.714	568.248
35.672	882.197	568.571
36.141	882.350	568.394
35.860	881.367	568.910
36.275	880.833	569.310
36.714	881.281	569.057
36.461	881.297	569.118
36.212	880.135	569.533
36.464	880.744	569.271
35.765	881.320	568.619
36.048	882.075	569.495
35.922	881.012	569.614
36.099	881.252	569.845
36.179	881.076	569.569
36.556	880.710	569.974
36.198	880.649	569.793
36.177	881.458	569.240
36.660	880.717	569.104
35.926	881.823	568.894
36.241	881.494	569.270
35.846	881.235	568.793
36.156	881.783	568.879
35.995	881.895	569.169
36.239	881.239	569.364
36.281	881.068	568.423
35.683	881.154	569.358
35.343	880.691	569.534
36.401	880.593	569.797
36.222	881.256	569.630
36.293	881.011	568.697
36.044	880.753	569.271
36.286	880.984	569.378
36.025	881.295	569.005
36.324	880.751	569.250
36.352	880.943	569.742
36.182	880.663	569.588
35.916	881.058	569.644
36.584	880.462	569.582
36.433	880.572	569.462
36.066	881.296	569.350
36.126	880.816	568.746
35.946	882.078	568.984
36.134	881.517	569.346
36.209	881.964	569.514
36.287	881.348	569.827
36.355	881.016	569.768
35.711	881.632	569.339
35.841	881.578	569.434
36.247	880.926	569.229
36.172	880.655	568.997
36.232	880.493	568.978
36.442	880.847	568.882
36.451	881.002	568.955
35.866	881.357	569.368
36.056	881.479	568.789
35.897	880.850	568.969
36.175	881.422	569.229
36.187	881.480	568.586
35.928	881.148	569.580
36.403	881.002	569.856
36.375	881.168	569.215
35.552	880.693	569.901
36.350	880.698	569.546
35.801	881.120	569.905
36.552	880.797	569.899
36.113	881.217	569.401
36.390	881.780	569.028
35.750	881.545	568.926
36.094	881.838	569.449
36.198	881.442	569.836
35.729	880.315	569.984
35.855	880.798	569.290
36.141	881.029	568.975
36.105	880.999	569.219
36.117	880.954	569.300
36.088	880.896	569.001
36.205	880.937	569.471
36.324	880.956	569.267
36.279	881.113	568.960
36.054	880.731	569.091
36.570	881.304	569.063
35.647	881.127	568.821
36.087	881.369	569.323
36.500	881.089	569.463
36.856	881.304	568.950
36.010	881.541	569.361
36.019	882.175	569.013
36.271	882.105	569.281
36.149	881.501	569.113
35.796	882.168	568.856
35.845	881.728	568.954
36.400	881.338	569.149
36.227	880.616	569.164
36.397	880.963	569.311
36.422	880.668	569.835
36.244	881.253	569.229
36.263	881.265	569.088
35.757	881.076	569.253
36.253	881.290	568.827
35.771	881.229	569.342
36.304	880.980	569.213
36.255	881.885	569.208
36.656	880.868	569.379
36.624	880.763	569.616
35.887	880.670	569.835
36.185	880.857	569.489
36.103	880.689	569.350
35.895	881.059	569.680
36.370	881.300	569.358
36.453	881.307	568.721
36.457	881.003	568.428
36.520	881.086	568.793
36.137	881.428	568.385
36.352	880.858	568.708
36.330	880.824	569.364
36.095	881.599	569.210
36.010	881.939	569.268
35.797	882.085	569.231
35.792	881.335	569.482
35.772	880.718	569.533
35.691	880.707	569.751
36.120	880.845	569.574
36.244	880.911	569.457
36.677	881.545	568.796
36.001	881.946	568.549
35.790	881.590	569.715
36.422	881.629	569.704
36.150	881.180	570.171
35.836	880.957	569.577
35.972	880.671	569.716
36.295	880.444	569.958
36.164	880.015	570.586
36.386	880.286	570.852
35.819	880.281	570.486
36.137	879.429	570.168
36.339	879.574	569.564
35.793	880.362	570.135
36.479	880.770	569.369
36.157	881.204	569.726
36.386	881.344	569.587
35.699	880.957	570.147
36.178	881.108	569.560
36.148	881.381	570.022
36.561	881.289	569.700
35.954	881.591	569.300
36.250	881.442	568.637
35.923	881.265	568.660
35.880	881.107	569.658
35.954	881.895	569.167
35.484	880.711	570.228
36.170	881.123	568.701
35.799	880.374	569.808
36.115	880.201	569.782
36.187	880.484	569.408
36.287	880.239	568.973
36.077	880.611	569.854
36.363	881.197	569.600
36.051	881.683	569.020
36.404	881.972	569.170
36.228	881.214	568.866
35.842	881.696	568.873
36.038	882.054	569.415
36.371	881.349	569.453
36.313	880.426	569.369
36.202	880.464	569.057
36.228	880.610	568.866
36.316	881.044	569.021
35.790	881.366	569.109
35.965	881.112	569.307
36.493	881.137	569.333
36.250	881.384	568.685
36.301	881.341	568.896
35.763	881.062	569.530
35.831	881.155	569.645
36.254	880.557	569.203
36.599	880.626	569.417
36.327	882.197	568.371
35.731	881.856	569.165
36.407	880.861	568.859
36.014	880.695	569.438
36.692	880.364	569.138
36.235	880.458	569.352
36.118	880.073	569.648
36.453	880.569	569.198
36.220	880.851	568.823
36.533	881.411	569.100
36.544	880.915	569.005
36.265	881.092	569.003
35.951	881.216	569.307
36.025	880.760	569.577
36.183	881.593	569.492
35.918	881.259	569.099
35.845	881.087	569.581
36.090	880.613	569.617
36.204	881.325	569.772
36.071	881.844	569.545
35.943	881.458	569.944
36.262	881.440	569.593
36.416	881.347	569.961
36.026	881.653	569.511
36.054	882.043	569.628
36.351	881.490	568.575
36.258	880.691	569.053
35.772	881.379	569.678
36.319	881.130	569.019
36.115	881.333	568.765
36.126	881.140	568.689
36.463	880.932	568.974
35.944	880.583	570.137
36.015	880.922	569.867
35.986	881.033	569.764
35.586	881.575	569.642
35.765	881.432	569.895
36.184	880.535	568.931
35.989	881.488	569.453
36.351	880.649	569.316
36.328	881.438	568.692
36.031	881.169	569.367
35.885	880.479	569.302
36.449	880.223	569.011
36.282	880.603	568.641
36.107	881.253	569.031
35.973	881.135	569.104
36.090	880.854	568.810
35.733	880.669	569.967
35.814	880.928	569.853
36.748	880.281	569.573
35.959	879.981	570.077
35.962	880.550	569.869
36.229	880.885	569.786
36.332	880.642	569.638
36.357	881.161	569.292
36.261	880.672	569.279
35.858	881.672	569.107
36.190	881.739	569.510
36.094	882.012	569.514
35.820	881.568	569.673
36.581	881.590	569.825
36.048	881.447	569.628
36.176	881.062	569.642
35.944	880.394	569.807
35.702	880.455	570.267
36.009	880.792	569.731
36.488	881.034	569.761
35.849	881.246	569.496
36.138	880.701	569.374
35.586	881.614	569.386
36.071	881.469	569.597
36.048	880.343	569.718
36.274	880.953	569.578
35.898	881.219	569.796
36.295	880.833	570.062
35.987	881.251	569.775
36.246	881.173	569.213
36.130	880.723	570.411
36.200	881.354	568.744
35.758	880.541	569.313
36.221	881.281	569.298
36.334	880.582	569.202
36.282	881.684	568.587
35.806	881.321	569.245
35.527	880.951	569.975
36.087	880.643	569.684
35.969	880.599	569.680
36.441	880.915	569.759
36.301	880.809	569.437
36.042	881.243	569.411
36.104	880.823	568.960
36.310	880.624	569.359
36.212	880.908	569.605
36.187	881.146	570.042
36.235	881.075	569.680
36.283	880.490	569.672
35.616	880.535	570.412
35.860	881.364	569.506
36.476	881.523	569.812
36.114	881.084	570.604
36.135	881.682	569.350
36.149	881.487	568.899
35.951	881.349	569.434
36.256	880.876	568.739
35.930	880.344	569.777
36.406	881.131	569.728
36.192	881.147	569.306
35.763	880.966	569.726
36.131	881.134	569.676
36.086	880.768	569.533
36.200	880.698	569.882
36.280	880.862	569.049
35.944	881.333	568.564
35.855	880.967	569.387
35.842	879.909	569.991
36.160	880.335	570.116
35.469	879.961	570.019
36.026	880.206	569.409
35.749	880.916	569.256
36.035	881.498	569.272
36.525	880.643	569.878
36.394	880.793	569.922
36.228	880.804	570.380
36.084	881.186	569.488
36.137	881.475	568.748
35.990	881.000	569.038
35.845	881.343	569.085
35.811	881.372	569.209
35.814	881.506	569.109
36.099	881.248	568.822
35.839	880.629	569.434
36.276	881.142	568.522
36.088	880.872	569.499
35.796	880.965	569.730
36.347	881.114	570.422
35.870	880.497	570.241
36.780	879.730	570.151
35.869	880.557	569.469
36.253	881.409	569.354
36.207	880.682	569.652
36.048	881.208	569.907
35.860	880.847	569.578
36.268	880.890	569.764
35.914	880.800	569.819
35.910	881.630	569.607
35.750	881.066	570.712
36.300	880.689	570.467
36.242	880.594	569.548
36.076	880.749	569.890
36.062	881.056	569.663
35.986	881.460	569.817
36.169	880.840	569.694
36.279	880.883	569.939
36.174	881.293	569.365
35.823	881.146	569.378
36.050	881.287	569.135
35.757	880.893	569.935
36.180	880.391	569.573
35.960	880.383	569.624
36.052	880.997	569.577
36.192	880.511	569.895
36.044	881.155	569.195
36.568	880.602	569.320
35.954	881.426	569.610
36.224	880.707	569.315
35.996	881.254	569.536
36.095	880.869	569.581
36.091	880.607	570.078
36.696	881.037	569.810
36.259	880.557	569.692
35.983	880.603	570.104
36.076	881.754	569.338
35.705	881.329	569.619
35.846	880.414	569.588
36.305	880.554	569.629
36.023	880.829	569.857
36.052	881.047	570.034
36.269	880.660	569.956
36.009	881.578	569.281
35.895	881.940	568.676
36.176	882.013	569.346
35.683	881.289	569.657
36.705	880.481	569.492
36.066	880.875	569.081
36.209	881.387	569.169
35.963	880.665	569.590
36.155	880.815	569.625
36.324	881.383	569.624
35.924	880.469	569.778
36.124	880.440	569.728
36.238	879.972	569.506
36.406	880.249	569.914
36.096	879.884	569.728
36.015	879.815	570.101
36.070	881.098	569.175
36.015	880.685	568.945
35.919	880.859	569.282
36.057	880.901	569.096
36.308	880.587	569.625
35.720	881.004	570.425
36.183	880.627	569.500
36.488	881.034	569.664
35.470	881.360	570.339
36.336	881.091	569.278
36.434	880.916	569.111
35.917	881.012	569.739
35.764	881.521	569.595
36.010	882.246	569.481
36.127	881.366	569.660
35.899	881.354	569.291
36.458	881.239	569.330
36.057	881.014	569.149
36.089	880.643	569.476
35.835	881.062	569.768
36.172	881.100	569.596
36.098	880.932	569.779
36.588	881.123	569.254
36.000	881.013	568.808
36.430	880.559	569.239
36.270	881.108	569.018
35.877	881.093	569.325
35.718	880.507	569.707
36.230	880.728	569.782
36.487	880.866	570.265
36.145	880.716	569.575
35.269	880.592	570.155
35.964	880.327	569.378
35.533	880.215	569.082
36.290	881.007	569.037
36.350	880.919	569.493
36.409	881.551	568.447
36.272	881.325	568.855
36.171	881.148	568.930
36.147	880.773	569.283
36.031	881.103	569.435
36.107	881.314	569.662
36.307	880.839	569.380
35.819	880.936	569.830
35.616	880.580	570.281
36.057	881.302	569.465
35.700	880.923	569.588
36.332	880.736	569.735
36.115	881.034	570.156
35.997	880.840	570.034
35.762	880.676	570.085
35.858	880.516	570.137
35.681	880.445	570.032
36.383	880.222	569.660
36.128	880.484	569.521
36.256	880.227	570.037
35.683	880.916	570.064
36.174	880.918	569.523
36.004	881.627	569.483
35.956	881.288	569.575
35.993	881.079	569.638
36.015	881.361	569.619
35.879	880.862	569.758
36.135	881.059	570.210
35.959	880.819	570.240
35.930	881.060	569.848
35.877	880.549	569.553
35.964	879.885	570.592
36.227	880.229	570.526
36.208	880.238	570.089
36.524	879.947	570.224
36.373	881.071	569.462
35.946	880.783	569.607
35.843	880.909	570.029
36.117	880.928	569.878
35.793	880.731	570.146
36.028	881.004	569.661
36.615	880.540	569.103
35.976	880.573	569.111
36.018	880.995	569.260
35.998	880.681	569.548
35.921	881.286	569.565
36.069	880.804	569.182
36.153	881.625	568.477
35.852	881.435	569.188
35.929	881.006	568.920
36.077	881.495	569.287
36.138	880.792	568.823
35.903	881.281	569.510
36.268	880.761	569.900
35.999	880.808	569.690
36.502	881.417	569.443
36.107	881.298	569.389
36.263	880.770	570.061
35.795	880.925	570.090
35.813	881.019	569.892
35.912	881.010	570.155
35.626	880.918	569.726
35.953	880.914	569.749
35.610	881.308	570.004
36.317	881.093	569.140
35.752	880.964	569.406
35.620	881.370	569.660
36.478	882.196	569.431
36.154	881.150	569.060
36.131	880.711	570.238
35.800	881.080	570.010
35.874	881.258	569.565
35.916	880.986	570.002
36.135	881.360	568.878
35.831	880.904	568.685
35.596	880.986	570.206
35.943	881.193	570.043
35.815	881.380	569.970
36.242	881.004	569.473
35.966	880.993	569.569
35.846	881.279	569.738
36.056	880.310	570.599
35.654	881.114	570.088
35.926	880.604	569.691
36.168	880.789	569.829
36.457	880.971	569.773
35.712	881.139	569.732
36.361	880.910	569.003
35.682	881.037	569.375
36.076	881.403	569.847
36.047	880.565	569.656
36.259	880.830	569.374
35.787	881.310	569.156
35.495	880.821	569.531
36.269	880.294	569.175
36.186	879.810	569.299
36.054	879.907	570.029
36.256	880.019	570.400
35.760	880.221	569.546
36.343	880.075	569.862
36.279	880.144	570.129
36.731	879.953	569.103
36.280	880.642	570.044
35.970	880.962	569.444
35.780	881.266	569.796
35.677	881.232	569.548
36.045	881.170	569.539
36.120	881.504	569.926
35.975	881.038	569.376
35.830	881.010	569.131
35.770	880.573	569.278
36.236	881.413	569.105
36.183	881.037	569.125
36.294	881.377	569.101
35.771	880.523	569.245
36.174	880.742	569.092
35.987	881.299	569.716
35.669	881.127	569.806
36.061	880.903	569.655
36.448	880.935	568.978
35.820	880.921	569.424
36.092	881.421	569.546
36.176	881.131	569.174
36.164	880.536	569.010
35.938	881.140	569.481
35.948	881.115	568.887
35.900	881.064	569.506
35.846	880.905	569.865
35.886	880.979	569.320
35.886	880.582	569.145
36.536	881.055	569.036
36.453	881.040	569.387
35.853	881.528	569.070
35.796	882.292	568.919
36.059	881.823	569.285
36.019	881.486	568.910
36.104	881.365	568.753
35.742	880.351	569.973
36.066	879.988	570.414
36.436	879.903	570.072
36.474	880.523	569.766
35.956	880.669	570.211
35.941	880.865	569.755
35.862	881.003	570.083
35.844	880.699	570.213
36.352	880.676	569.790
35.776	880.607	569.171
35.912	880.859	569.607
35.658	881.033	570.042
35.970	881.093	569.636
35.911	880.559	569.939
35.894	881.151	569.802
35.744	881.606	569.529
36.221	881.650	570.019
36.396	881.496	569.987
35.547	881.030	570.003
35.777	880.734	570.364
36.085	880.588	570.065
36.051	880.997	570.064
36.096	881.019	569.910
35.643	880.900	570.385
36.169	881.299	569.978
35.929	880.831	570.113
36.413	880.242	570.500
35.928	880.095	569.730
36.088	880.488	569.788
35.900	879.860	569.683
35.972	880.470	570.215
35.828	880.484	569.737
35.899	880.861	569.865
35.519	881.433	570.272
35.649	881.397	569.998
36.419	881.313	570.259
36.135	881.634	569.383
35.963	881.132	569.556
35.548	880.621	569.998
36.006	881.432	569.512
36.132	881.108	569.926
36.244	880.944	569.685
36.639	881.005	569.066
36.038	880.573	569.516
35.460	880.428	570.149
36.145	880.231	570.103
35.655	880.317	570.058
35.734	880.491	570.039
36.053	879.782	569.866
36.329	880.275	569.957
35.912	880.272	570.123
35.921	880.088	570.248
36.180	880.407	569.529
36.232	880.543	569.641
36.150	880.764	569.392
35.633	880.739	569.609
35.852	881.179	569.835
36.211	881.438	569.754
36.175	880.505	570.021
36.003	880.986	569.998
35.917	880.397	570.211
36.569	880.326	569.135
36.411	880.154	568.582
35.945	880.369	569.575
36.133	880.602	569.742
36.089	881.616	569.284
35.798	881.513	569.568
35.896	881.511	570.009
35.946	881.179	569.792
36.374	881.226	569.939
36.070	880.775	569.688
36.228	880.774	570.374
35.999	881.179	569.900
36.143	880.991	569.478
36.052	880.875	569.558
35.922	880.874	569.553
35.802	880.690	569.491
36.106	881.563	569.420
36.357	881.948	568.861
35.932	881.460	569.602
36.461	881.519	569.163
35.643	881.846	569.353
35.600	881.816	569.557
35.752	881.494	569.769
35.780	881.404	569.755
35.940	881.179	569.800
35.936	881.156	568.843
35.819	880.755	569.239
36.028	880.752	569.650
36.071	881.449	569.810
35.868	880.747	570.252
35.729	881.274	569.885
36.171	880.999	570.130
35.933	881.268	570.018
35.841	880.962	570.134
35.902	880.692	569.700
35.657	881.317	569.524
36.465	880.650	569.340
36.196	880.833	568.976
36.224	881.256	569.109
36.210	880.622	569.439
36.213	880.900	569.045
36.159	880.923	569.376
36.004	880.625	568.776
36.085	881.084	569.331
36.090	881.828	568.779
35.710	882.086	569.671
35.875	881.017	570.550
36.463	882.090	569.779
36.038	881.243	570.166
35.874	880.788	570.130
35.897	880.821	570.062
36.125	880.779	569.802
36.146	880.819	570.128
36.083	880.955	569.960
36.301	881.235	569.795
36.814	880.672	569.781
36.305	880.936	569.786
36.085	881.423	569.337
36.007	881.206	568.856
36.154	880.980	569.761
36.082	881.093	569.957
36.651	880.049	570.585
35.986	879.908	570.122
35.757	880.523	569.383
36.125	881.301	569.323
35.785	880.503	569.866
36.154	881.041	569.742
35.853	881.162	568.990
36.225	881.014	569.363
36.264	880.759	569.634
36.254	880.586	570.136
36.180	880.699	569.512
35.826	880.744	569.875
35.982	880.962	569.727
35.834	880.975	569.459
35.669	881.092	569.573
35.951	880.488	569.951
36.013	879.932	569.694
36.201	880.947	569.746
35.913	881.147	570.341
36.028	881.213	569.201
36.022	881.131	569.810
35.669	880.424	570.559
36.282	880.053	570.707
36.242	880.460	570.384
36.071	880.304	569.144
35.887	880.338	569.049
35.939	880.694	569.472
35.931	880.788	569.301
36.044	881.502	568.270
35.682	881.999	568.725
36.184	880.833	569.168
35.640	881.288	569.314
36.081	881.018	569.334
36.083	880.599	569.804
35.954	880.626	570.006
36.223	880.931	569.580
36.043	881.263	569.787
35.887	880.854	570.564
35.842	880.469	570.681
35.816	880.411	569.795
36.148	880.560	569.889
35.873	881.393	569.791
36.204	881.047	569.339
35.507	881.371	569.779
36.104	880.732	570.274
36.072	881.477	569.424
35.981	881.029	569.124
36.194	880.962	569.311
35.901	880.591	569.487
35.929	880.366	569.992
36.072	880.238	569.251
35.823	880.148	569.791
36.369	881.035	569.298
36.147	881.340	569.447
35.969	880.804	569.843
35.423	881.523	569.417
35.794	881.467	569.435
35.916	880.818	569.185
36.008	881.402	569.052
36.244	881.557	569.194
36.316	881.584	569.571
36.140	881.500	570.044
35.571	880.685	570.451
36.213	880.459	570.033
35.930	880.636	569.493
36.004	881.432	568.741
35.903	880.862	569.214
36.024	881.182	568.800
35.949	880.597	569.845
36.145	880.485	570.110
36.096	880.651	569.706
36.300	880.640	569.703
36.158	880.623	569.559
35.969	880.691	569.541
35.578	880.921	570.504
35.985	880.551	570.166
36.146	880.932	569.549
35.832	881.097	570.214
35.557	880.841	569.723
35.893	881.236	569.889
35.524	881.530	570.221
36.162	881.666	569.588
36.187	881.738	570.015
35.996	881.914	570.277
35.960	881.842	569.614
36.030	881.190	570.071
36.097	880.703	569.826
36.162	880.427	570.142
35.881	880.377	570.371
35.997	881.472	569.167
36.107	881.326	569.737
35.432	881.016	569.607
35.782	880.660	570.319
36.001	881.105	570.001
36.174	880.479	570.051
36.437	879.986	569.814
36.045	880.193	569.570
35.982	880.139	570.023
36.082	879.996	570.625
36.263	880.891	570.178
35.920	881.055	570.023
35.913	881.067	570.181
35.590	881.134	570.220
35.970	880.806	569.813
36.353	880.580	569.749
35.773	880.673	569.749
36.361	880.958	570.071
36.163	880.709	570.022
36.178	881.236	570.338
36.073	881.139	569.221
36.179	881.370	569.227
36.000	881.041	569.049
35.907	880.763	569.431
36.187	881.486	569.497
36.232	880.592	569.581
35.942	880.786	569.817
36.320	881.125	570.075
36.327	880.958	569.251
35.641	881.446	568.816
36.012	881.162	569.374
36.575	880.884	569.501
36.076	881.530	569.109
36.016	881.670	569.679
35.769	881.320	569.910
36.206	880.381	570.282
35.993	879.956	569.619
36.397	880.258	569.853
36.120	880.210	569.614
35.690	880.129	570.549
36.131	880.961	569.717
35.969	880.603	569.329
36.087	880.940	569.513
36.263	880.023	570.323
36.346	880.438	569.137
35.869	880.244	569.606
36.327	880.433	569.311
36.146	880.433	569.411
35.788	879.854	569.786
36.140	880.332	569.567
36.001	880.379	569.922
35.929	880.841	569.442
36.170	881.068	569.750
35.892	881.065	569.678
36.287	880.864	569.407
36.118	880.593	569.628
36.470	880.781	569.859
36.050	881.241	569.456
35.717	880.737	569.863
35.712	881.067	569.696
36.078	881.323	569.702
35.930	880.686	569.430
36.204	881.449	569.246
35.957	880.897	569.175
35.855	880.995	569.631
35.995	881.589	570.050
35.968	881.626	569.583
36.033	881.819	569.893
36.212	880.822	569.994
36.300	881.099	569.384
36.306	880.661	569.105
35.881	880.946	569.375
36.004	881.350	569.130
36.146	881.202	569.444
35.669	881.140	569.151
36.364	880.961	569.845
35.826	881.592	569.455
35.757	881.326	569.755
35.859	880.744	569.546
36.102	880.549	569.610
35.640	880.956	570.088
35.758	881.119	569.924
36.207	881.615	570.194
35.660	881.181	569.839
35.760	880.696	569.505
36.460	881.039	569.869
36.209	880.794	569.590
36.083	880.737	569.370
36.283	881.309	569.057
36.211	880.895	569.027
35.929	880.561	569.533
36.010	880.973	569.714
35.683	881.498	570.056
35.975	880.833	569.732
36.344	880.834	569.707
35.865	880.733	569.948
36.191	881.265	569.395
35.452	880.754	570.524
36.425	881.037	570.243
36.369	880.947	569.329
35.940	880.997	569.387
35.840	881.499	569.136
35.981	880.823	569.980
35.655	880.994	570.032
36.091	881.091	569.949
35.846	880.851	569.568
35.983	880.896	569.884
36.028	881.167	569.577
35.816	880.523	570.140
35.777	880.952	569.877
36.024	880.614	570.231
36.552	881.055	569.491
35.779	880.795	569.033
36.000	880.242	569.598
35.945	880.089	569.996
35.883	880.682	569.752
36.144	881.035	569.853
35.828	880.769	569.371
35.924	880.431	569.175
35.729	881.139	569.697
35.814	881.436	570.008
35.639	880.681	570.258
35.699	880.636	569.794
36.026	880.572	569.304
35.915	881.011	569.590
35.882	880.962	569.787
35.880	881.084	570.039
35.888	880.859	570.423
35.757	880.901	570.453
35.831	880.798	569.760
35.705	881.014	569.630
35.953	880.970	569.947
36.307	880.765	570.419
35.940	881.626	569.429
36.149	881.332	569.905
35.919	881.216	570.132
35.716	880.423	570.645
36.039	880.395	570.249
36.300	879.783	569.780
36.004	880.569	569.684
35.939	881.305	570.052
35.987	881.129	569.741
36.520	881.689	569.467
35.557	882.385	569.325
35.775	881.480	569.814
36.317	880.877	569.579
35.865	881.053	570.187
35.823	881.050	569.263
35.960	881.298	568.940
36.477	881.334	568.882
35.961	881.174	569.515
35.944	880.576	570.668
36.166	880.511	569.789
36.188	880.858	569.517
35.837	880.927	570.194
36.102	880.389	570.237
35.977	880.759	569.063
35.841	880.822	569.475
35.921	880.671	569.415
35.965	880.287	569.443
35.722	879.715	569.307
35.797	880.691	569.266
35.787	880.840	569.458
35.798	880.693	569.712
36.051	880.963	569.929
36.328	881.666	569.232
35.812	881.530	569.733
35.991	880.946	569.170
36.103	880.915	569.538
35.661	881.306	569.834
35.664	881.126	569.589
35.828	880.871	569.501
35.842	880.630	569.830
35.753	880.043	569.958
35.436	880.466	569.833
35.724	880.750	570.279
36.037	881.105	569.729
36.044	880.802	570.069
35.857	881.185	569.730
35.807	880.762	570.564
35.894	881.053	569.946
35.743	880.837	569.359
35.776	880.238	569.512
35.979	880.320	570.272
36.222	880.570	569.966
35.902	880.596	570.609
36.074	881.401	570.404
35.836	881.017	570.031
35.475	880.561	569.861
35.609	880.681	570.347
35.828	880.787	569.896
36.356	881.561	569.678
35.993	881.310	569.487
36.206	880.460	569.318
35.952	880.245	569.822
35.819	880.317	570.148
35.967	880.202	570.067
35.706	880.102	570.262
35.719	880.152	570.260
36.024	880.202	570.110
36.121	880.214	570.102
36.224	880.496	570.321
36.224	880.672	569.428
35.886	881.242	569.334
35.997	881.104	568.578
35.844	881.251	568.864
35.875	880.947	569.815
35.929	880.309	569.755
36.444	880.136	569.434
36.122	880.233	569.469
36.277	880.440	569.529
35.608	880.804	569.175
36.142	881.049	569.074
35.683	881.018	569.158
35.828	880.876	569.731
36.187	880.888	569.921
35.709	880.916	570.617
36.178	880.543	569.687
35.812	880.688	569.637
35.997	881.572	569.448
35.633	881.134	569.576
36.228	880.779	569.831
36.299	881.666	569.680
35.580	881.245	570.410
36.266	881.155	570.000
35.519	881.141	570.125
35.994	880.828	570.347
35.963	881.424	569.672
36.227	880.595	569.872
35.931	881.001	569.754
35.704	880.483	570.805
35.657	880.419	570.032
36.032	880.030	570.249
35.662	880.179	569.916
35.906	880.498	570.055
36.068	880.172	569.715
36.498	879.999	569.510
36.088	880.731	570.223
35.891	881.147	570.423
36.232	880.215	570.117
36.054	880.616	569.392
36.041	880.775	569.568
35.514	881.009	570.129
36.281	880.721	569.923
36.503	880.660	569.380
35.946	880.837	569.572
36.218	880.257	570.007
35.825	880.245	569.869
35.934	880.513	569.907
36.372	881.074	569.658
35.868	881.058	570.060
35.809	881.056	569.735
35.967	880.900	569.633
35.770	881.164	570.048
36.058	880.467	570.493
35.683	881.200	569.829
35.956	880.474	570.411
35.852	880.732	569.903
35.830	880.232	570.064
36.171	880.373	570.001
35.927	880.409	569.538
35.964	880.888	569.107
36.086	881.145	569.448
36.206	881.701	569.205
35.494	881.378	569.562
35.820	881.656	569.429
36.487	881.200	569.471
36.149	881.339	569.312
35.778	881.097	568.890
35.796	881.590	569.589
35.770	881.550	570.316
36.060	881.992	570.153
36.147	881.166	570.247
35.987	880.946	569.880
36.353	881.279	570.088
35.980	880.743	570.018
35.853	880.917	569.290
35.754	881.074	569.523
36.308	881.294	569.670
36.168	881.306	569.598
36.022	880.672	569.558
36.024	881.115	569.672
36.129	880.731	570.292
35.715	881.074	570.473
36.187	880.594	569.968
35.949	880.839	569.905
35.849	881.028	570.016
35.884	881.271	569.651
35.755	880.491	569.908
35.780	879.918	569.806
36.119	879.663	570.179
36.510	880.103	570.047
36.379	880.487	570.128
36.414	880.035	570.049
35.970	878.993	570.798
35.901	879.446	570.620
36.296	879.878	570.203
36.122	879.856	569.699
35.787	880.216	570.301
35.880	880.335	569.959
36.345	880.617	569.643
35.802	880.803	570.535
36.080	880.496	571.037
36.177	880.731	570.217
35.808	880.473	570.062
35.983	880.405	570.035
35.741	879.739	570.952
36.153	880.278	570.299
35.846	879.315	570.737
36.087	879.518	570.924
36.084	880.386	569.886
35.985	880.537	570.085
35.845	881.304	569.461
35.903	881.400	568.996
36.382	880.831	569.236
35.779	880.313	569.939
36.242	879.476	570.545
36.097	879.724	570.348
35.566	880.056	569.844
36.335	879.763	570.217
35.902	880.789	569.791
36.062	881.379	569.431
35.970	881.211	569.240
36.032	881.325	569.168
36.024	880.897	568.915
35.542	880.402	569.928
35.808	880.515	569.913
35.742	880.546	570.232
36.132	880.130	570.114
35.881	879.955	570.476
36.151	880.395	570.105
36.168	879.853	569.648
36.011	881.093	569.818
36.189	880.995	570.091
36.137	880.730	569.942
35.523	881.432	570.244
36.287	880.787	570.057
36.125	880.354	569.739
36.279	880.696	569.936
35.922	880.695	570.232
36.504	880.652	569.501
35.777	881.564	569.766
36.025	882.267	570.096
36.043	880.869	570.066
35.927	880.166	569.948
35.929	880.013	570.759
36.139	880.271	570.196
36.478	880.205	569.315
35.612	880.876	569.210
35.890	880.957	569.599
35.969	881.140	569.992
36.093	881.677	569.633
36.371	881.662	569.732
35.638	881.648	569.304
35.856	881.995	570.613
36.100	881.462	570.609
36.235	880.166	570.846
35.770	879.838	571.156
35.912	880.372	570.360
35.937	879.957	569.785
36.063	880.323	570.144
35.967	880.659	569.734
35.885	881.201	569.944
35.832	880.933	570.260
36.342	881.475	569.671
36.196	881.465	569.600
35.874	881.028	569.803
36.064	880.103	570.388
35.997	879.770	569.915
36.057	880.161	569.643
36.343	880.131	569.682
35.831	880.543	569.921
35.821	881.081	569.888
36.284	880.549	570.086
36.158	880.885	570.004
35.869	881.084	569.895
35.750	880.864	570.217
35.787	880.787	570.529
35.600	881.172	570.275
36.126	881.308	569.822
35.966	881.181	569.975
35.561	880.513	570.472
35.860	881.170	570.215
36.343	881.106	569.415
36.021	881.688	568.925
35.877	881.102	569.304
35.612	880.740	569.969
35.977	880.469	570.306
36.065	880.185	570.006
35.831	879.924	570.169
35.828	880.304	570.427
35.790	880.352	570.481
36.097	880.123	569.816
35.519	879.768	570.367
35.876	880.665	570.220
35.938	880.777	569.660
36.126	880.962	569.670
36.200	881.022	569.711
35.934	880.830	569.623
36.262	880.774	570.296
35.484	880.723	570.584
35.973	880.352	570.860
36.046	880.443	570.729
36.311	879.915	570.385
36.081	880.663	569.877
35.953	880.700	570.022
35.644	881.162	569.715
36.151	881.566	569.243
36.092	881.606	568.717
35.767	880.881	569.431
35.913	880.999	569.721
36.054	880.389	570.078
36.015	880.488	569.800
35.699	880.680	570.147
35.648	880.302	569.997
35.802	880.309	569.648
35.735	879.806	569.897
36.201	880.594	570.147
35.628	880.905	570.021
35.766	881.144	570.234
35.836	880.893	570.525
35.701	880.911	570.776
35.917	881.368	569.969
36.046	880.895	570.062
35.906	881.375	570.502
36.007	880.861	570.801
35.341	880.964	570.524
36.148	880.380	570.428
35.673	880.932	570.348
35.715	880.570	569.678
35.702	880.460	570.555
36.147	880.456	569.871
36.135	880.226	570.226
36.154	879.822	570.039
35.829	881.016	569.778
36.009	880.146	569.532
36.256	879.892	569.901
35.863	880.877	569.361
35.810	881.394	569.541
35.901	880.847	569.825
35.842	879.660	570.685
35.799	880.354	570.616
36.064	880.380	570.036
35.946	880.379	570.178
35.873	880.539	569.830
36.184	881.532	569.906
35.468	881.252	570.202
36.204	880.746	569.755
35.830	880.683	569.751
36.361	880.817	570.379
35.884	880.352	570.274
35.789	880.604	570.024
35.876	880.521	570.427
36.147	880.021	570.878
35.759	880.376	570.191
36.134	881.132	569.151
35.539	880.515	569.314
36.165	881.087	569.290
35.812	881.313	569.261
35.722	881.154	569.181
36.109	880.798	569.364
35.853	881.235	569.811
35.752	881.165	570.272
36.031	881.312	570.542
36.179	880.528	570.387
36.138	881.123	569.944
35.910	881.130	569.854
35.846	881.073	569.965
36.118	880.462	569.789
36.131	879.467	570.189
36.244	879.375	570.450
36.557	879.924	569.786
35.960	880.027	570.138
36.025	880.208	570.183
36.089	880.003	570.173
35.623	880.753	569.423
36.029	880.912	568.955
35.782	881.714	569.600
36.116	880.904	570.890
36.634	880.292	570.850
35.599	879.895	570.440
36.054	880.333	570.128
35.451	880.584	569.968
35.591	880.962	570.342
36.219	880.562	569.893
35.443	880.677	570.459
35.924	880.457	570.067
36.272	880.406	569.528
35.915	879.987	569.768
35.977	880.156	569.970
35.449	880.268	570.417
35.937	880.262	569.792
36.056	880.137	569.529
36.131	880.547	570.088
35.630	880.892	570.281
35.747	880.759	570.082
35.363	880.731	570.578
35.760	880.604	570.451
35.867	880.604	570.581
36.001	880.592	570.644
35.267	880.258	570.744
35.698	880.805	571.118
35.857	880.620	570.892
35.997	880.537	570.955
36.178	880.980	570.163
35.841	880.514	570.920
35.837	880.053	571.026
36.064	880.477	570.211
36.253	880.326	569.844
35.997	880.620	570.080
35.738	880.837	570.308
36.029	881.030	570.123
35.698	880.037	570.607
36.086	880.266	570.341
36.029	879.930	569.800
35.772	880.289	569.594
35.701	879.935	569.901
36.126	880.374	569.794
36.136	880.268	569.897
35.819	879.473	570.205
36.427	879.610	569.360
35.431	880.511	570.279
36.170	880.643	570.258
36.367	880.808	569.450
35.734	881.053	569.010
35.696	880.281	569.443
36.041	880.462	569.726
35.944	879.840	569.740
36.197	880.501	569.499
35.858	880.961	569.515
35.774	880.425	569.772
35.818	879.990	570.079
36.032	880.236	570.077
35.770	879.465	570.083
36.241	880.438	569.864
36.088	880.738	569.458
35.913	881.166	569.219
35.999	880.219	569.939
35.918	879.984	570.353
35.996	880.006	569.512
36.103	880.361	569.706
35.774	880.668	569.461
35.433	881.282	569.696
35.513	880.406	570.269
35.639	880.708	570.445
36.127	880.503	570.128
36.104	880.865	569.934
36.148	881.316	569.197
36.092	880.718	569.761
35.991	881.341	569.578
36.016	880.878	570.084
36.037	880.980	569.942
35.719	880.944	569.583
36.043	880.379	569.889
35.420	880.617	570.021
35.796	881.386	569.210
35.880	880.939	569.120
35.524	880.762	569.618
35.956	881.541	570.250
35.470	882.641	569.799
35.904	881.621	569.943
35.749	880.487	570.464
35.756	880.588	570.425
35.880	880.318	570.078
35.775	880.286	570.199
35.905	879.965	570.141
35.535	880.637	570.383
36.191	880.296	570.034
35.855	880.973	570.031
35.756	880.917	570.023
35.926	881.057	570.162
36.149	881.216	569.704
36.011	879.882	570.402
36.168	880.406	570.312
36.085	880.234	570.171
35.907	880.777	569.890
35.649	881.595	569.822
35.756	881.205	570.081
36.177	880.459	570.202
35.828	879.884	569.966
35.650	880.284	570.378
35.914	879.377	569.911
35.935	879.968	569.850
35.901	880.253	570.333
36.259	880.124	569.538
36.166	880.190	569.853
35.907	879.866	570.385
36.088	880.053	569.597
35.629	880.802	570.007
35.975	880.850	569.730
35.622	880.640	570.167
35.745	880.447	570.140
35.637	880.743	569.818
35.917	880.151	570.463
35.795	879.681	569.613
35.757	880.188	570.111
35.955	880.139	570.431
36.049	880.024	569.729
36.269	879.539	570.166
35.900	880.290	569.922
35.930	880.418	569.554
36.102	879.702	570.044
35.549	880.019	570.657
36.030	880.631	570.316
35.997	881.178	569.629
35.946	881.372	569.971
35.834	879.944	569.978
36.159	880.518	569.896
35.911	880.889	570.055
35.510	880.924	570.311
36.073	881.073	569.109
35.734	881.270	569.152
35.753	880.946	570.019
35.919	880.877	569.324
35.950	880.667	569.543
36.047	881.433	569.600
35.811	881.313	569.390
36.120	881.156	569.466
35.755	880.548	569.740
36.154	880.813	569.138
36.168	880.289	570.118
36.172	880.909	569.667
35.589	880.906	569.540
36.033	880.598	570.703
36.044	880.255	570.502
35.763	879.755	570.554
35.793	879.428	571.158
35.419	879.049	571.385
36.068	879.446	571.003
36.420	879.865	569.613
36.106	879.652	570.162
36.467	880.876	569.558
35.929	880.882	569.841
35.784	881.249	569.670
35.618	880.843	569.842
35.703	880.651	570.212
36.042	880.775	569.765
35.455	880.805	570.182
35.943	880.901	570.388
36.251	880.406	570.247
35.758	880.365	569.966
35.791	880.524	569.857
36.054	880.813	569.663
35.937	880.302	570.297
36.572	879.729	569.961
35.994	880.330	569.635
36.118	880.289	569.968
36.072	879.770	570.558
35.887	880.452	570.822
35.809	879.920	570.520
36.315	880.873	569.988
35.948	880.388	570.334
36.386	880.011	569.808
35.941	880.234	569.773
35.626	879.777	570.183
35.814	879.997	570.167
35.484	880.145	570.152
35.494	880.603	570.122
35.857	880.351	570.439
35.956	879.931	570.374
35.666	880.547	569.735
35.749	880.952	570.180
35.342	880.869	570.835
35.889	880.853	570.737
35.823	880.737	570.880
35.525	880.702	570.971
35.706	881.299	570.600
35.856	880.869	570.492
35.642	880.548	569.901
35.632	880.594	569.780
36.020	880.433	570.372
35.673	880.055	570.110
35.727	880.817	569.450
35.932	880.914	569.366
35.555	881.303	569.937
35.960	881.050	570.040
35.952	881.262	569.857
35.998	881.081	570.366
35.521	880.551	570.317
35.707	880.421	570.223
36.206	879.591	569.943
35.954	880.214	570.464
35.337	879.551	570.223
36.147	879.895	570.227
36.006	879.849	570.114
35.961	880.198	570.778
36.181	880.267	569.629
36.111	879.870	570.092
36.030	880.296	570.198
36.416	879.871	570.107
35.619	879.846	570.421
35.799	880.941	569.771
36.127	879.839	570.645
35.697	880.366	570.854
35.883	880.380	570.279
35.752	880.981	569.773
35.859	880.616	570.091
35.810	880.583	570.413
35.799	880.694	569.964
36.155	880.657	569.808
36.089	880.354	570.471
36.204	879.848	570.213
35.837	879.889	570.100
35.887	880.355	570.429
36.317	879.988	570.354
35.621	878.905	571.347
36.286	879.759	570.295
36.027	879.895	569.255
36.038	879.677	569.428
35.605	880.021	569.894
35.770	880.441	569.959
35.883	879.757	570.060
35.909	879.820	569.809
35.845	879.880	569.443
35.983	880.046	569.326
35.932	879.454	570.216
35.761	878.405	571.292
36.084	879.499	570.526
35.981	878.924	570.250
36.258	879.794	569.780
35.882	880.130	570.630
35.785	880.074	570.597
36.402	879.843	570.578
35.713	880.084	570.625
35.702	880.522	570.267
35.847	880.991	570.516
35.994	880.590	570.719
35.937	880.818	570.237
36.046	880.816	569.916
35.794	880.764	569.764
35.666	880.949	570.271
35.936	880.516	570.481
35.860	880.681	570.398
36.041	881.314	569.721
35.553	880.215	570.456
36.114	879.969	570.355
35.731	880.133	569.632
35.898	879.931	569.849
35.845	879.024	570.855
36.177	878.964	571.052
36.153	879.967	570.594
35.730	880.484	570.388
35.944	879.843	569.569
35.586	880.058	570.561
35.820	880.789	570.973
35.962	880.708	570.799
35.184	881.044	570.923
35.856	881.417	570.373
35.914	879.968	571.012
35.647	880.298	571.386
36.197	880.418	570.133
35.948	880.168	570.025
35.923	880.280	570.634
35.924	880.901	570.077
35.919	881.263	569.897
35.847	881.368	570.247
35.695	880.755	570.483
35.632	880.645	570.292
35.729	881.124	569.422
35.568	880.057	569.838
35.839	880.201	570.327
35.641	880.090	570.086
35.957	879.765	570.142
35.816	879.986	569.793
35.813	880.111	570.680
35.402	879.764	571.037
36.089	880.113	570.702
36.052	879.927	570.236
35.718	880.219	570.108
35.706	879.619	570.410
35.907	880.375	569.912
35.811	880.084	570.521
35.473	880.734	570.183
36.291	881.327	569.712
35.427	880.699	570.200
35.766	880.396	570.405
35.818	879.936	570.657
35.953	880.296	570.307
35.859	880.073	570.070
35.739	879.786	569.707
36.073	879.884	570.694
35.728	880.691	570.184
35.669	880.425	570.083
36.041	880.534	569.484
36.002	880.718	569.372
35.656	880.408	569.543
35.947	880.055	570.148
35.979	879.878	570.379
35.866	880.432	570.165
35.949	880.356	569.472
35.783	880.029	569.948
35.565	880.032	570.228
35.840	879.958	570.597
35.829	879.552	570.819
36.199	880.092	570.136
36.078	880.876	569.754
35.866	880.655	570.508
36.001	880.328	570.933
35.670	880.233	570.651
36.105	880.484	570.436
35.961	879.979	570.133
35.591	880.512	570.275
35.977	880.750	570.324
35.839	881.190	569.951
35.616	880.320	570.471
35.499	880.186	570.670
36.238	880.276	569.962
35.099	879.874	570.327
35.750	879.483	571.234
35.802	879.189	570.500
36.024	879.429	570.652
35.992	879.777	571.383
35.797	880.320	571.143
35.733	880.316	570.430
35.518	880.521	570.437
35.673	881.232	570.123
36.055	881.565	569.624
35.926	881.012	570.857
35.626	880.527	570.985
36.201	881.376	569.692
35.828	880.391	569.968
35.898	879.728	570.134
35.922	880.346	569.683
35.512	880.174	570.509
35.937	880.758	570.363
35.632	880.697	570.508
35.421	881.193	570.924
35.949	880.756	570.440
35.913	880.467	570.426
35.926	880.599	570.168
35.946	880.953	570.064
36.056	879.897	569.873
36.152	879.373	570.576
36.223	879.529	571.001
35.567	880.418	570.129
35.834	881.240	569.735
36.231	881.161	569.551
35.576	879.936	570.200
35.916	879.992	570.031
35.490	880.731	569.997
35.592	880.765	570.963
36.199	880.700	571.190
35.687	880.190	570.956
35.655	880.758	570.541
36.188	880.829	570.476
35.739	880.479	570.520
35.386	879.564	571.477
36.190	880.101	570.550
35.655	880.075	570.944
35.976	880.053	570.210
35.772	879.691	570.765
35.299	879.721	570.576
35.780	880.284	569.921
35.593	880.277	570.442
35.263	880.316	570.998
35.828	880.458	571.026
35.665	880.612	570.488
35.888	880.574	570.028
35.837	880.626	570.725
35.609	881.326	570.241
35.705	880.831	569.964
35.784	880.821	570.166
35.879	880.936	570.164
35.919	881.165	570.150
36.123	881.246	569.605
35.683	881.133	569.887
35.407	880.883	570.557
35.835	880.695	570.361
35.840	881.468	569.365
35.819	880.743	570.118
35.560	880.651	570.178
35.786	880.448	570.604
35.694	880.238	570.735
35.677	879.795	570.385
35.771	881.068	570.280
35.895	880.409	570.147
36.025	880.053	569.905
36.044	879.656	570.142
36.081	880.291	569.881
35.966	879.718	570.277
35.808	879.941	569.960
36.106	880.015	569.890
35.411	880.494	570.182
36.090	880.247	569.629
35.686	880.046	570.380
35.748	880.567	571.294
35.696	880.703	570.522
35.423	881.112	570.517
35.758	880.413	570.151
35.870	880.389	570.395
35.596	879.788	570.897
36.100	879.795	570.763
36.162	880.647	569.914
36.086	880.690	570.010
35.652	880.935	570.843
35.753	880.934	570.402
35.534	880.395	570.490
35.997	880.459	569.971
35.855	879.215	570.416
35.734	879.255	570.162
35.605	879.968	570.263
35.571	880.030	570.453
35.861	880.245	570.344
35.899	879.657	570.538
36.157	879.836	570.427
35.769	880.185	570.403
35.932	879.694	570.926
35.815	880.249	570.398
35.844	880.028	570.110
35.664	879.894	570.957
35.780	880.055	571.031
35.925	880.212	570.401
35.579	880.634	569.859
35.823	880.306	570.668
35.967	879.547	571.292
35.724	879.463	570.952
35.906	878.789	571.564
36.111	880.211	570.919
35.519	879.552	571.351
35.597	879.799	571.132
35.955	880.113	570.546
35.472	880.371	570.909
35.870	880.499	570.318
35.944	880.237	569.985
35.884	880.153	570.038
35.566	879.982	571.162
35.770	879.963	571.332
35.745	880.535	570.702
35.884	880.241	570.824
35.609	880.170	570.862
35.757	879.973	570.955
35.705	879.890	570.417
35.669	880.531	569.872
35.613	881.425	570.121
35.831	880.565	569.808
35.679	880.492	569.757
36.295	879.717	570.432
35.714	879.411	570.740
35.762	879.495	570.947
35.810	878.980	570.985
35.085	879.524	571.634
36.024	879.711	571.309
36.096	879.695	571.015
35.904	880.196	570.304
35.838	880.528	570.678
35.546	880.376	570.661
35.820	880.621	570.390
35.823	880.906	570.184
35.986	881.286	570.107
35.840	880.839	569.750
35.874	880.424	570.630
35.798	880.256	570.882
35.835	880.420	570.482
35.848	880.126	570.639
35.763	879.955	570.688
35.409	880.386	571.315
36.003	880.158	570.742
35.612	880.433	570.903
36.148	879.758	570.308
36.171	879.901	570.184
35.838	880.142	569.994
35.686	879.861	570.600
35.813	880.019	570.623
35.785	879.771	571.056
35.873	879.476	571.807
36.276	879.722	571.264
35.716	880.324	570.181
35.527	879.347	570.906
36.033	879.943	569.900
36.245	879.848	569.969
35.702	879.698	570.512
35.894	880.285	570.862
35.933	880.026	570.392
35.704	879.955	570.295
35.820	879.915	570.496
35.859	879.875	571.049
35.865	880.015	570.285
35.847	879.466	570.297
35.714	879.258	570.493
35.885	878.959	570.581
36.046	879.008	570.758
35.855	880.017	570.512
36.087	880.518	570.060
35.847	880.998	570.796
35.930	881.816	570.125
36.273	881.227	570.085
35.584	880.480	570.386
35.427	880.299	570.126
35.576	879.755	571.049
35.739	879.615	570.966
35.786	879.808	570.327
36.114	880.643	570.009
35.780	880.106	570.438
35.991	880.031	570.102
35.993	880.453	569.917
35.460	879.750	570.536
35.779	879.489	570.691
35.769	879.687	570.481
36.041	879.847	570.189
35.715	880.485	569.873
35.765	879.333	570.628
36.190	880.101	570.457
36.085	880.473	569.652
35.787	880.672	570.500
35.873	880.610	570.458
35.986	881.471	569.938
35.794	880.550	570.454
35.240	879.952	570.722
35.701	880.842	570.196
35.919	880.511	570.058
35.711	880.314	570.242
35.637	880.685	570.592
35.909	880.416	571.216
35.664	880.784	569.960
35.884	880.756	570.000
35.516	881.313	570.121
35.658	880.958	569.952
35.811	881.049	570.082
35.720	879.999	570.149
35.683	879.852	570.279
35.624	881.165	569.897
35.629	880.997	570.399
35.542	880.608	570.603
36.203	880.544	570.512
36.080	880.538	570.136
35.703	880.855	569.914
35.691	880.304	570.573
36.151	880.226	570.386
35.863	879.904	570.149
35.916	879.504	570.766
36.209	880.353	570.692
35.707	879.937	571.141
35.542	880.113	570.911
35.803	880.298	570.953
36.224	880.490	570.238
36.121	879.980	569.949
35.737	880.065	570.489
36.183	879.315	570.164
35.497	879.395	570.628
35.883	879.268	570.384
35.712	879.953	569.843
35.637	880.447	570.529
35.872	880.068	570.457
35.564	879.926	569.968
35.839	880.273	570.454
35.950	880.492	569.862
35.759	879.888	570.118
35.529	879.907	570.433
35.585	879.875	569.999
35.807	879.938	570.117
35.893	879.768	570.286
35.377	880.289	570.382
35.823	880.784	570.336
35.624	880.566	569.977
35.860	880.247	570.543
35.700	880.631	570.487
36.274	880.686	569.812
35.770	880.578	570.539
36.252	880.792	570.175
36.126	880.297	570.343
35.908	880.486	570.280
36.026	879.502	571.052
35.553	879.921	570.402
35.473	880.153	570.364
35.789	879.992	570.776
35.551	880.109	570.492
35.914	880.065	570.475
35.753	880.461	570.225
35.634	880.084	569.978
35.576	880.407	570.687
35.853	880.394	570.864
35.546	880.530	570.900
36.008	880.572	570.998
35.732	880.588	570.551
36.245	880.916	570.530
36.038	880.691	570.113
35.580	880.953	569.646
35.937	880.414	570.182
35.607	879.172	571.122
35.747	879.588	571.126
35.405	880.375	570.346
35.446	880.858	570.259
35.734	881.417	570.037
36.086	880.846	569.824
35.860	880.560	570.064
35.303	880.262	570.516
35.739	879.698	571.044
35.782	880.357	570.530
35.103	879.453	571.718
35.900	879.728	571.065
35.731	879.897	570.868
35.791	880.131	570.579
35.761	880.262	570.229
36.147	879.634	570.858
35.786	879.776	571.232
36.147	880.032	570.472
35.907	880.361	570.029
35.376	879.919	570.225
35.676	879.686	570.195
35.867	879.552	570.629
35.642	879.450	570.440
35.908	879.342	570.283
36.044	879.689	570.448
35.905	879.386	570.285
36.172	879.571	570.277
35.937	879.530	569.995
35.693	879.623	570.896
35.754	879.691	571.048
35.938	879.775	570.408
35.731	879.318	570.221
35.675	879.665	570.570
36.125	880.615	570.653
35.779	880.781	570.589
35.815	880.827	570.652
35.884	880.855	570.559
35.603	880.247	570.516
35.821	880.182	570.701
35.703	880.121	570.804
35.843	880.523	569.897
35.701	881.140	569.958
35.668	881.038	570.685
35.551	880.695	570.788
35.638	880.093	571.298
35.746	880.312	570.046
35.940	879.980	569.912
35.486	880.195	570.372
35.788	880.168	570.252
35.548	880.432	569.939
35.867	879.775	570.065
36.046	880.471	570.482
35.816	880.038	570.482
35.757	880.722	570.006
35.688	880.924	570.091
35.693	880.281	569.888
34.991	879.934	570.084
35.630	880.200	570.777
35.880	879.621	570.555
35.804	879.976	570.393
35.739	879.803	570.327
35.802	879.438	570.350
35.946	878.946	570.382
36.226	879.721	569.813
35.692	880.601	570.205
35.935	881.616	569.487
35.597	881.198	570.102
35.204	880.914	570.519
35.952	880.456	570.991
35.810	879.960	570.787
35.834	880.058	570.555
36.229	879.795	570.936
35.800	879.873	570.861
36.140	880.503	570.139
35.924	880.713	570.093
35.547	881.453	570.435
35.955	881.043	570.123
35.910	881.366	570.619
35.734	881.343	570.817
35.867	880.658	570.773
36.053	880.115	570.877
35.631	879.579	570.878
35.889	879.898	570.359
35.493	879.552	570.508
35.666	880.186	571.253
36.147	879.763	571.056
35.765	879.445	571.806
35.760	879.979	570.657
35.412	880.049	570.985
35.842	880.343	570.786
35.642	880.229	570.333
35.603	879.661	570.427
35.745	879.828	570.511
35.474	880.429	570.248
35.884	879.568	570.711
35.915	879.857	570.953
36.165	880.232	570.036
35.641	880.334	570.277
35.318	879.865	570.405
36.057	879.783	570.154
35.739	879.895	570.527
35.667	879.604	570.358
35.453	879.545	570.622
35.850	879.776	570.916
35.592	879.919	571.050
35.599	880.088	570.264
35.915	880.477	570.384
36.080	880.297	570.526
35.400	879.777	571.171
35.553	879.310	571.098
35.831	879.280	571.198
35.722	879.890	571.035
35.686	880.714	570.846
36.095	880.834	570.175
35.599	880.004	570.326
36.067	879.900	569.954
35.638	879.731	570.359
36.111	879.615	569.460
35.601	880.564	569.347
35.699	880.598	569.827
35.526	880.322	570.457
36.155	879.492	570.326
35.594	878.613	570.408
35.712	879.098	570.237
35.864	879.065	570.649
35.389	879.886	571.499
36.003	880.232	570.878
36.116	880.188	570.358
36.266	880.118	569.860
35.975	879.795	570.268
35.812	879.765	570.441
36.166	880.069	570.580
36.104	880.223	570.981
35.701	879.883	570.739
35.840	880.688	569.982
35.754	880.848	569.977
36.002	880.699	570.476
35.992	880.456	570.221
35.774	880.214	570.355
35.713	879.289	570.937
36.042	879.501	570.397
35.771	879.991	570.186
35.731	879.626	571.043
35.322	879.990	571.132
35.432	880.378	570.814
35.954	880.064	570.114
35.686	879.473	570.945
35.808	879.312	571.151
36.009	878.904	570.996
35.594	879.976	570.160
35.738	880.173	570.770
35.972	880.201	570.743
35.565	880.214	569.962
35.600	879.493	570.406
36.234	879.347	570.018
36.173	878.936	570.436
36.006	879.083	570.712
35.885	880.017	571.194
36.051	880.453	570.543
35.685	880.045	570.199
36.025	879.703	570.182
35.799	880.017	570.241
36.102	880.799	569.645
35.328	880.830	570.307
35.750	881.156	570.345
35.788	880.414	570.476
35.710	880.399	569.903
35.895	880.498	570.233
35.594	880.361	570.542
35.642	879.522	570.831
35.697	879.361	570.886
35.995	879.982	570.468
36.128	880.088	569.624
35.686	880.261	570.512
35.498	880.276	570.625
35.834	879.465	570.741
35.582	879.255	570.714
36.320	879.695	570.266
35.932	879.954	570.109
35.487	880.167	570.497
36.020	879.945	570.199
35.879	879.771	569.868
35.942	879.802	571.064
35.802	879.876	570.612
35.596	880.578	570.729
35.870	880.987	570.412
36.036	880.332	570.007
35.567	879.958	570.722
35.695	880.661	570.176
35.687	880.523	569.741
35.752	881.163	569.910
35.904	881.046	570.224
35.717	880.736	570.802
35.347	880.229	571.331
35.620	879.831	570.575
36.232	880.540	570.737
35.506	880.934	570.855
35.735	880.155	570.837
35.913	879.661	570.616
36.047	879.532	570.806
35.831	879.856	570.818
35.810	880.323	570.294
35.805	879.870	570.683
35.928	879.628	570.648
35.387	880.268	570.498
35.714	880.557	570.590
35.516	880.378	570.840
35.748	880.006	570.155
35.577	879.615	570.456
36.258	879.924	570.455
35.705	879.875	570.561
35.757	879.859	571.026
35.612	880.010	571.008
35.455	879.811	571.066
36.004	880.326	570.208
35.884	879.977	570.156
35.949	879.531	570.328
35.911	880.002	570.401
35.862	879.897	570.898
35.725	879.886	570.631
35.503	880.157	570.893
35.114	880.071	570.744
35.592	880.624	571.262
35.915	880.104	570.538
35.707	879.755	570.885
35.523	879.706	571.068
35.564	879.802	570.408
35.939	881.159	569.526
35.835	880.123	569.952
35.766	879.600	570.171
35.581	880.787	570.016
35.786	880.881	570.114
35.635	880.532	570.533
35.514	880.359	570.648
35.651	880.293	571.077
36.226	879.812	570.832
35.889	879.935	570.906
35.779	879.662	571.040
36.104	880.264	570.112
35.832	880.427	569.872
35.729	879.949	570.549
35.737	880.683	570.576
35.942	880.580	570.802
36.004	880.733	570.524
35.698	880.141	570.609
35.412	880.165	570.802
35.350	879.963	571.223
35.485	879.859	570.831
35.907	880.068	570.879
35.778	880.254	570.569
35.647	879.978	570.313
36.106	880.141	569.957
36.303	880.111	570.035
35.867	879.666	569.932
35.902	880.128	570.763
35.711	879.710	570.451
35.662	880.069	570.477
35.716	880.553	570.374
36.048	880.984	570.011
35.402	880.915	570.072
35.704	881.086	569.643
36.047	880.939	569.634
35.812	881.002	569.898
36.077	880.266	570.295
35.651	880.568	570.214
35.820	880.962	570.500
35.565	880.157	570.625
35.637	880.850	570.753
36.067	880.954	570.546
35.580	880.771	570.477
36.144	880.348	570.034
36.047	880.126	569.799
35.598	880.157	570.171
36.028	879.964	570.449
36.149	879.833	570.421
35.999	879.877	570.940
35.981	880.562	569.868
35.474	880.460	570.019
35.796	879.704	570.277
35.893	880.540	570.111
36.263	880.734	570.198
35.751	880.352	570.892
35.621	879.595	570.392
35.776	879.544	570.707
36.062	879.898	570.818
35.733	880.743	570.330
35.708	880.687	570.790
35.572	880.989	570.465
35.991	879.787	570.655
36.145	879.333	570.856
35.781	879.685	570.667
35.981	879.947	571.093
35.319	880.793	570.483
35.389	880.329	570.890
35.864	880.171	570.224
35.999	880.561	570.685
35.905	880.349	570.763
35.680	880.041	571.396
35.664	880.103	570.553
36.076	880.126	570.565
35.643	880.512	570.744
36.004	880.590	570.227
35.589	880.915	569.846
36.051	880.268	569.663
35.977	879.586	570.793
36.346	879.224	570.843
35.972	879.435	570.589
35.899	879.908	570.696
35.711	880.479	570.330
35.843	879.686	570.034
35.795	879.868	570.162
35.911	880.200	570.103
35.572	879.141	570.606
35.769	880.109	570.828
36.121	880.251	570.691
35.587	880.355	570.708
35.601	880.583	570.722
36.085	880.411	570.995
35.691	880.285	570.783
35.388	880.130	570.708
36.050	879.332	571.537
36.127	879.618	571.157
35.964	880.875	569.655
35.856	880.600	570.182
35.967	880.417	570.861
36.164	879.492	570.034
35.835	880.003	570.847
35.324	880.035	570.795
35.866	879.844	571.275
36.086	880.653	570.309
36.052	880.401	570.229
35.826	880.457	569.923
35.771	880.265	570.179
35.988	879.549	570.574
35.770	880.170	570.797
35.648	879.397	571.598
35.973	879.338	570.978
36.158	879.215	570.122
35.605	879.490	570.759
35.382	879.773	571.131
35.975	879.053	570.699
35.807	878.592	571.106
35.912	878.787	570.436
36.051	879.348	570.593
36.187	878.392	570.935
36.100	879.049	571.131
35.664	879.266	570.730
35.801	878.526	571.026
36.079	879.632	570.566
35.675	880.701	570.679
35.480	881.187	570.947
35.382	880.163	570.965
36.105	879.582	570.859
36.062	880.855	570.200
35.501	880.459	570.595
35.787	880.314	570.589
36.208	879.390	570.065
35.890	879.467	570.763
36.231	879.700	570.329
35.880	880.041	570.384
36.010	879.728	570.087
35.320	880.502	570.467
35.554	881.307	569.994
35.591	880.659	570.351
35.571	880.138	570.589
35.679	880.478	570.018
35.668	880.413	569.832
35.470	880.192	570.237
35.854	879.338	570.588
36.055	878.485	570.892
36.136	878.595	570.866
35.728	879.213	570.198
35.743	879.204	570.498
35.890	879.905	570.208
35.878	879.356	569.994
35.732	879.358	570.514
35.696	879.095	571.556
36.015	879.489	571.476
36.028	879.056	571.030
35.475	879.377	571.208
35.660	878.705	570.555
35.940	879.687	570.571
35.878	880.090	571.018
35.686	880.669	570.473
35.525	881.393	570.986
35.891	880.403	571.284
35.816	880.068	570.450
35.543	879.835	570.642
35.784	880.241	570.175
36.039	879.818	570.442
35.990	879.391	570.810
35.551	878.730	570.961
36.121	879.800	570.575
36.030	879.960	570.379
35.504	879.983	570.441
35.568	880.219	570.105
35.502	879.852	570.312
35.958	880.104	569.954
35.947	879.765	570.443
35.835	879.782	570.120
35.855	880.551	570.334
35.781	880.499	570.585
35.895	880.099	570.719
36.163	879.816	571.531
36.202	880.575	570.724
35.929	880.759	570.461
35.792	880.524	570.403
35.640	880.546	570.752
35.906	880.224	570.527
35.451	880.500	571.213
35.676	880.407	570.344
35.651	879.719	569.915
35.816	880.355	570.216
35.666	879.847	570.279
35.413	880.042	570.415
35.462	879.432	570.382
35.673	879.903	570.524
35.807	879.690	570.726
35.657	880.442	570.458
35.523	880.238	570.207
35.420	879.642	570.339
36.261	879.991	569.375
35.601	879.468	570.234
35.934	879.413	570.184
36.035	879.036	570.613
36.107	879.851	570.151
35.412	880.270	570.834
36.056	880.624	570.558
35.615	880.689	570.691
35.640	880.292	570.738
35.739	881.048	570.295
35.699	880.307	570.612
35.639	879.784	571.113
36.117	879.354	570.665
35.622	880.382	570.898
35.675	880.795	570.536
35.541	880.949	570.722
35.730	880.563	570.832
35.731	880.810	570.696
35.436	880.946	570.207
35.924	880.039	570.244
35.525	879.758	570.628
36.102	880.267	570.509
35.665	880.037	570.302
35.488	879.500	570.846
36.559	879.677	570.213
35.837	879.617	570.722
35.074	880.482	570.893
35.535	880.374	570.729
35.917	879.365	570.846
35.883	879.645	570.741
35.528	880.306	570.091
35.588	880.114	569.981
35.942	880.323	569.494
35.749	880.022	569.593
35.730	880.495	569.879
35.529	880.072	570.488
35.831	879.901	570.175
35.703	879.934	570.590
35.819	880.482	570.284
35.723	880.288	569.765
35.310	879.579	571.275
36.053	880.188	570.901
36.159	880.349	569.871
35.924	880.764	569.563
35.480	881.091	570.401
35.871	880.637	569.632
35.241	880.350	570.769
36.263	880.012	570.747
36.058	880.453	570.151
35.579	880.840	569.871
35.874	880.622	570.535
35.695	880.054	570.758
35.678	879.991	570.449
35.418	880.277	570.286
35.719	879.495	571.023
35.957	879.463	570.419
35.994	879.029	570.466
36.006	879.666	569.518
35.748	880.525	570.185
35.639	880.622	570.487
35.748	880.397	571.231
35.944	879.796	570.360
35.866	880.390	569.547
35.720	879.265	570.542
35.790	879.135	570.766
36.102	879.755	570.827
35.837	880.079	570.244
35.674	879.484	570.325
35.830	879.151	569.667
36.061	879.190	570.141
36.138	879.914	569.345
35.504	880.369	569.432
35.815	880.294	569.372
35.561	879.968	569.821
35.996	879.990	569.794
36.297	880.139	570.392
36.109	879.917	569.817
35.264	880.648	569.636
35.609	880.173	570.641
35.665	880.080	570.421
36.371	880.015	569.783
36.113	879.770	569.720
35.473	879.282	571.028
35.964	879.347	570.426
35.964	879.119	570.432
35.930	879.494	569.916
35.930	879.317	570.725
35.641	879.580	571.060
35.681	879.908	570.746
35.804	880.230	571.232
35.895	879.635	570.573
35.754	880.240	570.341
35.367	879.936	570.711
35.510	880.146	571.081
35.678	880.007	570.786
35.998	879.622	570.475
36.083	879.840	570.424
35.867	879.590	570.068
35.607	880.481	570.359
35.515	880.357	570.430
35.732	880.117	570.320
35.514	880.176	570.549
35.954	880.510	570.411
35.707	880.480	569.955
35.776	879.802	570.258
36.178	880.820	569.620
35.760	881.210	570.432
35.569	880.603	569.940
35.515	880.210	570.597
36.064	880.385	570.351
36.012	879.912	570.108
36.020	879.597	570.163
35.713	880.046	570.522
35.886	880.455	570.506
35.538	879.885	570.766
35.422	879.710	570.984
35.666	880.136	570.420
35.635	880.563	570.012
35.819	880.435	570.137
35.839	879.910	570.221
35.700	879.832	570.169
35.551	880.725	569.575
35.427	880.415	570.627
35.525	879.395	570.423
35.872	879.403	570.279
35.747	879.389	570.583
36.426	878.953	571.010
35.484	879.664	570.852
35.720	880.216	570.241
35.385	879.962	570.480
35.713	880.220	570.216
35.548	879.643	570.567
36.024	880.520	570.514
36.211	880.874	570.378
35.950	880.252	570.665
35.634	880.338	570.439
35.709	879.287	570.233
35.655	878.924	570.076
36.075	878.857	570.727
35.487	879.823	570.835
35.941	880.101	570.145
35.870	879.896	569.923
35.901	879.968	570.521
35.121	880.381	571.836
35.604	880.055	571.144
35.428	879.849	571.213
35.534	880.474	570.830
35.428	879.991	571.000
35.554	879.872	571.836
35.689	880.816	570.983
35.812	880.844	570.679
35.461	879.818	570.820
35.801	879.650	571.152
35.903	880.552	570.083
35.787	881.135	569.638
35.404	880.679	570.893
35.979	880.736	571.005
35.988	880.409	571.095
35.668	879.795	571.017
35.732	880.271	570.953
35.712	880.630	570.156
35.890	880.442	570.595
35.785	879.902	570.880
35.927	880.073	570.605
36.040	880.874	569.770
35.945	880.465	570.318
35.471	880.231	570.919
35.653	880.477	570.009
36.199	879.596	569.921
35.596	879.956	570.617
35.712	880.348	570.645
35.655	880.042	570.826
35.832	880.157	571.104
35.891	880.085	570.599
36.251	880.079	570.624
35.886	879.793	570.924
35.838	879.688	571.091
35.950	880.369	570.524
35.729	880.343	570.177
35.963	880.258	570.443
35.663	879.709	570.455
35.554	879.744	570.623
35.531	880.359	570.323
35.954	880.453	570.349
35.864	879.708	570.330
35.950	879.668	570.363
35.847	879.971	570.205
35.540	879.748	570.586
36.045	879.862	570.682
36.037	879.904	570.337
35.640	880.071	570.336
35.999	880.172	569.968
36.162	879.434	570.263
35.812	879.828	569.949
35.974	880.224	569.417
36.027	879.312	569.610
35.612	879.570	570.828
35.597	880.081	570.412
36.152	879.424	570.536
35.644	879.293	570.508
36.306	879.656	569.720
35.765	880.477	570.352
35.991	879.582	570.537
35.879	880.424	570.171
35.984	880.160	571.037
35.800	879.950	571.052
36.039	880.492	570.797
35.551	879.901	570.630
35.895	880.286	570.571
36.217	880.583	570.215
35.498	880.213	570.407
36.078	879.705	570.902
35.258	880.376	571.032
36.111	879.856	571.166
35.886	880.131	570.911
35.473	879.888	570.837
35.761	880.230	570.624
35.729	880.459	570.014
35.600	879.548	570.594
35.692	879.887	570.990
36.034	879.415	570.496
36.213	879.683	570.741
36.023	880.129	570.854
35.930	879.893	570.274
35.554	880.195	570.726
35.809	880.184	571.258
35.796	879.934	571.022
35.882	880.145	571.043
36.255	879.924	570.718
35.709	880.076	570.766
35.937	879.278	570.765
36.062	879.929	570.675
35.806	879.980	570.718
35.737	879.324	571.413
35.772	879.495	570.681
35.779	879.585	570.827
36.061	880.344	570.324
35.851	880.005	570.625
35.936	880.200	570.985
35.723	880.449	570.707
35.702	879.436	571.752
35.491	879.683	571.506
36.263	880.241	571.225
36.049	880.145	570.842
35.831	880.122	570.612
35.682	879.858	570.928
36.070	879.733	570.076
35.821	880.390	570.273
35.380	879.696	570.745
36.048	879.253	571.291
36.347	880.104	569.442
35.697	880.320	569.357
35.724	880.210	569.630
35.893	879.722	570.258
35.750	879.940	570.374
35.731	880.200	570.408
36.067	879.760	569.765
35.301	879.605	570.980
35.600	879.909	570.693
35.642	879.908	571.247
35.631	879.661	570.772
36.218	880.268	570.635
35.793	880.651	570.775
36.021	880.818	570.503
35.849	880.984	571.032
35.914	880.530	570.624
36.206	880.641	570.560
35.874	880.570	570.851
35.833	881.087	570.256
35.657	880.616	570.447
35.274	880.558	570.848
35.777	881.249	570.878
35.987	880.618	570.546
35.717	880.838	570.526
35.802	879.957	570.849
36.265	880.620	570.397
36.050	880.531	570.301
35.797	880.499	570.341
35.880	880.006	569.468
36.021	880.255	569.757
35.812	880.268	570.345
35.827	879.443	570.393
35.491	879.191	570.562
36.111	880.056	570.112
35.718	880.167	569.930
35.964	880.538	570.280
35.790	881.100	569.714
35.969	881.007	570.404
35.898	880.524	569.899
35.985	880.622	570.364
35.808	881.341	569.482
35.723	880.652	569.675
35.903	880.213	569.846
35.956	879.116	570.734
36.128	879.551	570.266
35.907	880.413	570.140
35.802	880.233	569.630
35.692	879.765	570.578
35.606	880.642	570.391
35.909	879.200	570.763
36.310	879.326	570.066
35.653	878.976	570.241
35.818	879.064	570.147
35.726	879.277	570.537
35.717	879.167	570.716
35.816	879.720	570.581
35.844	880.427	570.524
35.953	879.898	570.949
35.771	880.391	570.871
36.175	879.938	570.604
35.911	880.709	570.444
35.716	881.008	570.617
35.660	881.144	570.641
36.091	880.595	570.779
35.943	881.089	570.278
35.973	880.803	569.997
35.602	881.333	570.058
35.608	881.383	570.160
35.945	880.633	570.422
36.142	879.847	570.695
35.926	880.716	570.488
36.106	879.981	570.399
35.888	879.801	570.426
35.520	880.328	570.335
35.800	880.280	570.084
35.843	880.011	570.388
35.354	879.323	570.644
36.157	879.396	570.431
35.725	879.158	570.202
35.929	878.685	570.005
36.159	879.332	570.329
35.551	879.312	570.750
35.933	879.749	570.729
35.858	880.648	570.405
36.030	880.280	570.242
35.815	880.200	569.681
35.952	880.626	570.073
35.659	880.567	570.321
35.977	880.418	570.467
35.450	880.552	570.324
35.353	880.445	571.219
36.001	880.354	570.524
36.276	879.871	570.417
36.054	880.361	569.686
35.979	880.166	570.031
35.674	879.804	570.230
36.114	879.922	570.686
35.634	880.564	570.715
35.705	880.150	571.088
36.034	879.807	570.773
35.888	880.199	570.469
35.617	879.769	570.391
35.924	880.270	570.103
35.818	879.831	571.078
36.315	879.936	570.924
35.839	879.742	570.829
35.711	880.180	569.970
35.536	880.458	569.919
36.039	879.824	570.036
35.982	879.965	569.991
35.974	880.398	570.279
35.728	880.069	570.147
36.023	879.947	570.069
35.685	880.482	569.920
35.518	880.153	570.713
35.699	880.795	570.685
35.902	880.702	570.430
35.707	880.756	569.836
35.958	880.882	570.049
35.920	880.958	570.379
35.874	880.807	569.490
35.840	880.252	570.057
35.703	879.911	569.909
35.879	879.953	569.995
35.452	880.097	570.972
35.482	880.490	570.720
35.539	880.069	571.119
35.600	880.125	571.016
35.943	880.427	570.129
36.068	880.457	570.497
36.111	880.284	570.326
35.709	880.234	570.773
35.753	880.440	570.497
36.130	879.636	570.709
35.467	880.078	570.803
35.756	880.121	570.646
36.002	880.004	570.617
35.928	880.300	570.009
35.223	880.935	570.775
35.486	881.618	570.196
35.780	880.812	570.570
35.866	881.047	571.531
36.116	880.877	570.674
35.875	880.897	570.249
35.539	880.776	570.154
35.742	881.012	569.904
35.481	880.848	570.482
35.439	880.161	570.639
35.656	879.976	570.837
35.694	879.969	570.836
35.680	880.449	570.930
35.561	880.826	570.912
35.770	880.581	570.932
35.946	880.381	570.574
35.795	880.416	570.727
35.709	880.475	570.208
35.568	880.067	570.895
35.720	880.195	570.230
35.593	880.017	570.461
36.009	879.606	570.192
35.629	880.359	570.315
35.931	879.989	570.258
35.568	880.608	569.651
36.018	880.508	570.158
35.746	881.114	569.846
35.925	880.749	570.390
35.727	880.763	569.924
36.000	880.594	569.839
36.045	880.533	569.987
35.618	881.097	569.874
35.338	880.272	570.452
35.655	879.713	570.667
35.648	880.061	571.046
35.887	880.192	570.604
35.553	880.500	570.474
35.590	880.202	569.875
35.732	880.338	570.605
35.758	880.672	570.421
35.404	880.488	570.474
35.720	879.900	570.252
36.088	879.782	569.903
35.903	879.992	569.917
35.774	880.159	570.265
36.307	880.253	570.602
35.814	880.183	570.827
35.802	880.741	570.687
36.218	881.942	570.381
35.998	881.503	569.839
36.449	880.682	569.767
35.640	880.522	570.115
35.690	881.280	569.952
35.797	881.187	569.811
35.609	880.571	570.628
35.765	880.431	569.900
35.825	880.484	570.079
35.802	879.575	570.391
35.790	880.055	570.669
35.802	879.783	570.684
35.880	879.904	570.075
35.586	879.957	569.804
36.117	879.737	570.258
35.683	879.887	570.219
35.727	880.153	569.629
35.858	880.633	569.781
35.201	881.516	570.193
36.043	881.103	570.589
36.102	880.330	569.975
36.186	879.160	570.296
36.050	879.763	569.754
35.722	879.385	570.545
36.277	878.905	570.980
35.938	879.874	570.939
36.173	880.491	570.332
36.216	880.582	569.510
35.705	880.544	570.334
35.590	880.310	569.675
35.459	880.305	570.255
35.746	879.419	570.031
35.483	879.480	570.127
35.874	879.567	570.319
35.901	880.258	570.590
35.639	879.534	571.262
35.980	879.114	570.552
35.368	879.880	570.199
35.649	879.952	570.820
35.889	879.791	570.454
35.731	880.484	569.896
36.139	880.330	569.860
35.541	880.345	570.064
35.860	879.894	570.567
35.502	880.289	570.416
35.701	880.473	570.397
35.892	880.283	569.984
35.472	880.611	569.981
35.646	880.586	570.069
35.932	880.861	570.177
36.152	880.892	569.957
35.485	880.946	570.610
35.579	880.846	570.342
35.719	880.787	570.257
35.359	880.916	570.458
35.772	881.043	569.839
35.960	881.134	569.833
35.699	881.126	570.427
35.603	880.573	570.647
35.979	880.849	570.707
35.616	880.826	570.339
35.716	881.031	570.010
35.862	880.603	570.308
35.350	880.278	570.327
35.700	880.250	570.677
35.353	880.210	571.158
36.060	879.931	570.131
36.189	880.180	570.161
35.770	880.618	570.298
35.747	880.595	569.584
35.754	880.579	570.419
35.915	880.397	570.642
36.069	880.551	570.252
35.856	881.133	569.645
35.977	880.390	570.108
35.911	879.598	570.280
36.268	880.466	569.756
35.863	880.683	569.752
36.084	881.295	569.964
35.734	880.549	570.239
35.410	880.251	570.794
35.616	879.817	570.762
35.732	879.599	570.470
35.825	880.402	570.464
35.402	879.375	570.549
35.653	880.069	569.991
35.914	879.452	570.763
35.884	879.503	570.497
35.841	880.239	570.481
36.001	879.522	569.852
35.715	880.374	570.614
35.425	880.219	570.818
35.658	880.270	570.221
35.863	880.274	570.152
35.895	880.078	570.342
35.547	879.642	570.474
35.766	880.215	570.040
35.993	880.129	569.848
36.223	879.455	569.820
35.862	879.083	570.417
35.898	879.714	570.507
35.664	880.358	570.869
35.668	880.072	570.869
35.802	880.496	570.881
35.837	880.120	570.748
35.680	880.565	570.051
36.002	881.223	570.289
35.984	880.218	569.929
35.515	880.641	570.005
35.832	880.829	570.091
35.751	880.380	570.123
35.611	880.537	570.055
35.713	880.622	570.339
35.887	880.704	569.897
35.934	881.134	570.177
35.793	880.500	569.922
35.968	880.832	570.394
36.174	880.858	570.131
36.277	880.252	570.335
35.875	880.774	569.360
35.519	881.341	569.554
36.545	880.371	569.657
36.302	879.831	570.088
36.105	879.662	569.819
35.573	879.984	570.523
36.025	880.154	570.219
36.063	880.344	569.979
35.810	879.908	569.840
35.685	879.818	570.374
35.867	880.125	570.010
35.522	880.169	570.079
36.197	879.720	570.170
35.776	879.892	569.820
35.878	879.422	570.627
35.911	878.778	571.055
35.802	879.431	570.897
36.118	880.163	570.285
35.705	879.974	569.918
36.058	880.145	569.814
36.010	880.032	570.506
35.846	880.609	570.354
35.889	880.518	570.272
36.042	880.266	570.542
35.641	880.193	571.190
36.123	880.476	569.914
36.080	880.685	569.686
35.842	880.732	569.760
35.913	879.959	570.228
36.113	879.636	569.743
35.940	880.495	569.952
35.755	880.405	570.309
35.783	880.959	569.508
36.029	880.618	570.003
36.042	881.384	569.756
35.860	880.267	570.902
36.038	880.332	570.472
36.025	880.170	569.962
35.854	880.176	569.711
35.558	880.253	570.328
36.013	880.189	569.783
35.645	880.469	570.018
35.694	879.873	570.334
36.016	880.353	570.194
35.842	880.275	570.019
35.785	880.516	570.089
36.017	880.863	569.892
35.617	880.113	571.089
36.207	880.114	570.695
35.748	880.308	570.695
36.055	880.660	570.191
36.358	880.253	570.473
36.051	880.219	570.008
36.058	880.221	569.573
35.696	879.798	569.906
36.150	879.917	570.105
35.845	880.722	569.936
36.234	880.578	570.179
36.123	881.760	569.404
35.595	881.509	569.320
36.082	881.531	569.293
36.056	881.685	569.746
35.712	880.488	570.176
35.791	880.366	569.562
35.957	881.457	569.664
36.126	880.963	570.008
35.972	880.922	569.997
36.046	880.401	570.257
35.655	880.343	570.122
35.526	880.306	570.495
35.802	880.105	570.358
35.755	879.916	570.357
35.515	879.431	570.792
36.047	879.041	570.625
35.962	879.577	570.479
35.781	879.489	570.552
36.055	879.553	570.534
35.610	879.948	571.106
35.780	879.812	570.917
35.981	879.884	570.747
36.052	880.624	570.558
36.221	880.881	570.502
36.126	880.943	569.999
35.806	881.446	569.831
36.101	880.610	570.359
36.389	879.927	570.124
35.539	879.850	570.791
35.766	880.408	570.459
35.977	879.908	570.150
35.785	880.684	570.182
36.066	880.976	570.937
35.621	880.479	571.288
36.324	879.959	570.684
35.929	880.911	569.908
35.567	880.680	569.858
35.983	880.327	570.074
35.837	880.951	569.253
36.051	880.775	569.776
35.907	880.397	570.536
36.207	879.694	570.258
35.848	880.393	570.154
35.784	879.285	570.545
35.676	880.193	570.593
35.955	879.756	570.353
35.872	879.884	570.434
36.033	880.373	570.305
35.599	880.436	569.797
35.786	879.943	570.440
35.693	879.116	571.063
36.272	879.898	569.391
35.722	880.527	569.452
35.630	881.219	569.564
35.698	880.181	570.786
36.135	880.205	570.197
35.802	879.883	570.365
35.715	879.727	570.685
36.067	879.861	570.426
36.139	880.338	569.815
36.181	880.120	569.933
36.107	879.791	570.508
36.098	880.063	570.465
35.969	880.003	570.007
35.912	880.039	570.483
36.249	880.468	569.518
35.329	879.849	570.743
36.180	880.396	570.624
35.821	880.435	570.380
35.695	879.562	570.623
35.893	880.358	570.404
35.558	879.817	570.377
35.838	879.743	570.221
35.826	880.435	570.603
35.856	879.846	570.795
35.912	879.306	570.697
36.021	880.128	570.379
36.520	879.862	570.216
35.991	879.689	570.072
36.050	880.277	570.008
35.550	879.777	569.895
35.722	879.430	570.299
35.823	879.192	570.020
35.785	879.479	570.683
35.554	879.041	570.609
35.936	879.737	570.617
36.037	880.224	570.944
35.993	880.147	570.901
35.565	880.061	570.634
35.959	879.833	570.502
36.220	881.092	570.549
35.302	881.063	570.154
35.734	880.349	570.371
36.205	880.527	569.943
35.899	881.037	569.905
35.934	880.767	570.133
35.783	881.117	569.858
35.628	880.272	570.302
36.019	879.542	570.558
35.796	879.498	570.186
35.733	879.709	569.859
35.980	880.644	570.261
35.965	881.188	569.894
36.206	881.033	570.102
35.834	880.529	570.279
35.648	880.756	570.142
35.652	881.081	570.602
35.803	880.596	570.508
36.065	880.467	570.612
36.038	880.043	570.879
36.077	880.024	569.775
36.046	879.678	570.256
35.622	879.765	569.976
36.033	879.805	571.027
35.894	880.011	570.820
35.970	880.612	570.157
35.733	881.186	569.702
35.831	880.747	569.594
36.058	880.828	569.175
35.998	880.359	569.729
35.931	880.539	570.050
36.080	880.417	569.927
35.624	880.150	570.415
36.241	880.748	569.700
35.824	881.555	570.090
36.007	880.923	569.932
36.163	880.807	569.955
35.864	881.024	570.083
35.694	880.683	570.247
35.733	881.297	569.587
35.793	880.958	570.073
35.554	880.985	570.590
35.735	880.342	570.754
36.391	880.823	570.065
36.011	880.602	570.194
35.823	881.073	570.484
35.812	881.189	569.929
35.596	880.594	570.204
35.603	881.298	569.974
35.863	880.675	570.168
35.903	880.703	570.010
35.878	880.846	569.855
36.115	880.628	569.723
35.934	881.039	570.307
35.844	881.003	569.544
36.211	881.232	569.292
35.644	881.019	569.560
36.236	881.000	569.744
35.931	881.784	569.620
36.055	881.390	569.954
36.148	880.757	570.017
35.553	880.950	569.918
36.193	880.306	569.949
35.972	880.169	569.862
35.722	879.893	570.584
35.817	880.385	570.515
