37.490	876.309	569.723
37.595	875.564	569.960
36.977	875.565	570.444
36.877	875.985	570.170
36.568	876.702	570.090
36.691	876.962	570.443
36.998	876.880	569.500
37.010	876.632	569.816
37.045	877.000	569.761
36.938	876.690	569.851
37.085	877.343	569.818
37.032	876.274	569.817
36.900	875.702	570.180
37.108	876.415	570.086
37.155	876.305	570.388
36.805	875.626	570.344
36.932	876.163	570.205
36.828	876.409	569.662
36.954	875.477	570.662
37.618	875.053	570.605
37.139	875.944	570.161
37.192	875.718	570.933
37.358	876.229	570.331
36.549	876.506	569.859
37.177	877.061	569.944
36.649	876.844	569.968
37.026	876.723	570.463
36.825	875.943	570.317
36.883	877.033	569.634
36.804	876.614	569.372
37.103	876.247	569.872
37.039	875.887	570.207
36.934	875.539	570.345
37.359	876.538	570.170
37.227	876.538	570.050
37.023	877.205	570.010
37.077	877.383	570.153
36.787	876.875	570.492
37.266	877.082	568.839
36.993	876.733	570.025
37.046	877.307	569.604
36.517	876.890	570.257
36.871	877.186	570.004
37.235	876.645	569.396
36.536	876.669	569.611
36.916	875.668	570.600
36.991	876.566	570.347
36.999	876.218	570.605
37.108	876.229	570.510
36.581	876.733	569.847
36.646	877.220	569.801
36.636	876.508	570.564
37.198	877.013	569.555
37.357	876.120	570.401
37.049	875.794	570.514
37.143	876.725	570.167
36.843	877.684	568.904
36.590	877.131	569.638
36.560	877.075	570.138
36.783	876.058	571.003
37.490	875.530	570.601
37.144	877.033	569.960
36.631	876.801	570.189
36.933	877.315	569.641
37.079	876.858	570.323
36.772	876.892	570.283
36.885	877.315	569.600
36.720	876.121	570.647
37.411	875.542	571.461
36.680	876.144	570.124
36.813	875.897	570.174
37.780	875.898	570.071
37.327	875.954	570.001
37.091	876.293	570.204
37.504	875.867	570.885
37.436	875.749	570.614
36.998	875.871	570.370
37.241	876.299	570.389
37.456	876.224	570.177
37.336	875.423	570.705
37.198	875.775	569.969
37.252	875.701	570.264
36.589	875.890	570.655
37.469	875.931	570.112
37.086	876.056	569.857
37.529	875.879	570.470
37.290	876.177	570.247
36.922	876.452	570.446
36.904	875.899	570.207
36.933	875.873	570.231
37.235	876.366	569.900
37.088	876.485	569.809
36.998	875.865	570.640
36.786	876.569	570.401
37.475	876.440	570.597
37.238	876.048	570.780
36.992	876.423	570.182
37.058	876.495	569.392
37.270	875.593	570.073
36.960	876.749	569.976
36.985	877.251	570.171
37.441	876.277	570.192
37.134	876.588	570.136
36.915	877.093	570.275
36.592	877.723	568.761
37.324	876.755	570.191
37.411	876.487	570.057
37.169	876.073	570.083
37.157	876.770	569.885
36.837	876.124	570.018
36.980	876.173	569.664
37.029	876.871	569.662
37.311	876.539	570.383
37.026	875.920	570.709
37.100	876.474	570.417
37.074	876.252	570.331
37.077	875.829	570.323
37.269	875.469	570.279
37.241	875.104	570.362
36.779	875.687	570.113
37.048	876.573	569.726
36.778	877.032	570.163
37.207	877.144	569.939
36.993	877.412	569.632
37.345	876.766	569.910
37.039	877.062	570.198
36.737	876.595	569.877
37.341	876.499	570.133
37.003	875.746	570.476
37.024	876.493	569.744
37.031	876.595	569.432
36.327	876.680	569.816
36.743	876.817	570.657
37.081	876.925	570.385
37.094	876.109	570.806
37.176	875.454	570.661
36.999	875.721	571.145
37.063	876.167	569.586
37.194	876.436	568.975
37.152	875.805	570.191
37.119	876.221	570.136
37.243	876.871	569.269
36.635	876.505	570.069
37.138	876.680	570.326
37.106	876.979	569.963
36.378	877.299	570.121
36.645	876.518	570.264
36.775	876.339	570.582
36.922	875.709	570.509
36.986	876.589	570.101
36.886	877.070	569.724
36.634	877.003	570.092
36.677	876.190	570.355
37.308	875.686	569.809
37.060	875.905	569.982
37.445	876.064	570.155
37.197	876.320	569.860
36.890	876.437	569.720
36.788	876.856	569.609
37.123	876.409	569.818
37.252	875.965	570.538
37.332	876.388	570.047
37.080	876.432	569.817
37.335	875.770	570.651
37.251	876.663	569.835
36.783	876.966	569.944
36.876	876.896	570.032
37.244	876.624	570.595
37.219	876.551	570.529
37.018	877.259	569.738
36.958	876.248	570.718
37.201	876.253	570.146
36.309	876.978	569.620
37.401	876.419	569.926
36.707	876.056	569.860
36.885	876.809	569.779
36.985	876.732	570.663
36.792	876.711	570.710
37.282	877.067	569.995
37.073	877.230	569.704
37.431	876.208	570.082
36.988	876.399	569.967
37.403	875.852	570.113
37.132	876.320	569.877
37.246	875.737	569.527
36.945	876.210	569.917
36.958	876.505	569.160
37.230	876.247	569.338
36.824	876.203	569.363
36.659	876.386	569.236
36.778	876.491	569.188
37.021	876.158	569.507
36.835	876.349	570.372
37.031	876.729	569.811
37.022	876.883	570.025
36.947	876.372	570.902
37.131	876.079	570.798
37.047	876.523	570.423
36.986	876.703	570.051
37.308	876.247	570.474
37.176	876.853	569.546
36.896	877.185	569.485
36.942	876.371	569.950
37.252	875.755	571.075
37.119	876.032	570.859
36.836	876.236	570.380
36.619	876.136	570.451
37.044	876.389	569.249
36.668	876.610	569.308
37.045	875.954	569.499
37.327	876.313	568.941
36.996	875.437	570.315
37.327	875.926	569.465
36.633	876.647	569.428
36.759	878.110	569.004
36.898	877.975	569.401
37.131	877.674	569.383
36.853	877.902	569.140
36.774	877.755	569.256
36.857	877.610	569.318
36.789	877.542	570.114
36.919	877.040	570.770
37.216	876.851	570.532
37.188	876.773	570.740
37.157	875.822	570.763
37.052	876.572	570.416
37.006	876.636	570.439
36.702	877.011	570.516
37.726	877.126	570.529
36.883	877.774	569.941
36.952	877.383	570.160
36.811	876.140	570.570
36.967	876.612	570.380
36.746	876.713	569.776
37.067	876.545	570.485
37.056	876.151	571.153
37.157	875.748	570.941
36.828	876.585	570.401
37.459	876.479	569.930
37.512	876.114	570.065
37.096	876.021	570.048
36.916	875.949	570.317
37.065	876.282	570.030
37.221	876.613	569.674
37.107	876.677	570.080
36.595	876.808	570.216
36.808	876.414	569.843
36.629	876.070	570.114
37.128	875.565	570.210
37.322	876.171	569.545
37.107	875.974	570.372
36.787	876.558	569.878
37.135	876.372	569.883
37.261	876.207	569.845
37.207	875.853	569.987
36.678	876.547	570.171
37.173	876.347	569.670
36.997	876.915	569.813
36.661	877.236	570.382
36.904	876.961	569.874
36.815	876.905	569.888
37.008	877.512	569.377
36.200	877.099	569.623
37.303	877.242	569.459
36.811	876.319	569.849
37.339	875.804	570.307
37.444	876.228	570.159
37.360	875.575	570.438
36.675	875.868	570.114
37.186	876.475	569.876
37.013	876.365	569.991
37.058	875.786	569.745
36.804	875.203	570.432
36.878	875.459	569.859
36.976	875.576	570.507
36.900	876.318	570.478
37.397	876.233	570.077
37.116	875.812	570.260
37.272	876.332	569.696
37.250	876.323	570.651
37.364	875.671	571.241
37.315	876.321	569.953
37.251	875.770	570.599
36.985	876.498	570.563
36.872	876.307	570.694
37.006	876.611	570.360
37.109	877.147	569.946
36.636	877.175	569.813
36.970	876.918	569.761
36.892	877.008	570.085
36.756	876.867	570.062
37.074	876.570	570.215
37.087	877.224	569.952
37.118	877.413	569.393
36.852	876.844	569.990
37.104	876.720	569.559
36.862	877.126	570.146
37.467	876.372	570.204
37.211	876.085	570.019
37.114	875.947	570.411
36.616	876.745	569.938
36.699	877.101	570.301
36.792	876.223	570.911
36.895	875.861	570.377
36.919	875.815	570.181
37.036	876.042	570.193
37.000	876.578	569.431
36.957	876.672	569.896
37.257	877.137	570.250
36.966	876.989	569.943
36.706	877.475	569.447
36.752	876.884	569.827
36.978	876.466	569.854
37.107	875.989	569.548
37.443	876.122	569.744
37.173	876.114	570.240
36.524	876.538	569.639
37.060	876.726	570.383
37.293	876.555	570.316
37.502	877.369	569.750
36.947	877.553	569.579
36.540	877.707	569.797
36.959	877.332	570.348
37.001	876.073	570.751
37.182	876.407	570.583
37.422	875.712	570.986
36.876	875.987	570.519
37.252	876.359	570.202
37.088	876.422	570.003
36.895	876.150	570.540
36.812	876.040	571.005
36.917	876.327	570.209
37.229	876.189	570.018
37.064	876.611	569.794
36.776	877.287	570.124
37.050	876.883	570.164
36.597	876.749	569.449
37.101	876.172	569.736
37.099	876.058	570.409
36.654	876.716	570.514
37.026	876.828	569.478
36.720	876.863	570.078
36.840	876.656	570.392
37.045	877.465	569.577
37.157	877.017	569.490
37.326	875.795	569.858
37.265	876.323	569.980
37.190	875.625	569.819
37.111	875.488	570.396
36.998	875.682	569.901
37.196	875.644	570.095
37.192	876.135	569.914
37.000	876.219	570.161
37.109	876.275	569.529
37.108	876.508	569.305
36.970	876.740	570.136
36.840	876.366	569.957
37.262	876.644	569.876
37.088	876.367	570.538
37.183	876.144	570.666
37.176	875.768	570.278
37.151	876.279	569.942
37.301	876.631	569.809
37.029	876.495	570.501
37.277	875.412	571.263
37.189	875.340	570.352
36.863	875.531	570.495
36.589	876.244	570.309
37.100	875.680	570.288
37.245	876.039	569.488
36.398	875.838	569.888
37.227	876.233	570.807
36.823	876.260	570.011
36.991	876.189	569.752
36.690	876.295	570.277
36.996	876.331	569.190
36.736	876.180	569.410
36.734	876.448	569.496
37.136	876.349	569.333
36.805	875.845	569.433
37.158	876.368	569.687
37.311	875.748	570.980
37.229	876.680	570.397
37.157	877.353	570.264
37.054	876.269	570.388
36.969	876.989	568.949
37.023	876.539	569.585
37.326	876.133	570.654
37.449	875.734	570.902
37.110	877.603	569.772
36.750	877.046	570.354
37.219	876.966	570.082
36.789	877.197	569.215
36.929	877.047	569.367
36.738	876.958	569.042
36.576	876.318	569.570
37.239	876.000	569.440
36.451	876.689	569.616
37.024	876.609	569.755
36.772	877.071	569.667
37.227	876.556	570.128
37.157	877.362	569.358
37.062	877.172	569.387
37.032	877.350	568.752
36.817	876.685	569.541
36.882	876.592	570.266
37.002	876.811	570.559
36.748	877.228	569.993
36.611	876.940	570.535
36.731	877.094	570.249
37.348	877.176	570.013
36.974	876.876	570.058
37.015	876.987	570.113
36.732	876.438	570.380
36.921	876.450	569.685
36.843	876.658	570.068
36.947	877.122	569.865
37.324	876.757	570.163
36.634	876.980	569.987
36.953	876.760	570.076
36.663	877.035	569.979
37.085	876.542	569.743
36.647	876.883	569.979
36.743	876.601	570.586
36.729	877.130	570.389
37.173	876.859	570.138
36.899	877.220	569.426
37.487	876.791	569.041
36.934	877.282	569.523
36.793	876.392	569.825
37.049	876.455	569.729
36.743	876.387	570.543
37.064	876.122	570.730
37.002	876.198	570.699
36.866	876.631	569.889
36.993	876.787	569.748
37.256	876.107	570.915
37.300	876.081	570.265
37.019	875.894	569.943
37.456	875.918	570.355
37.080	876.094	569.662
37.117	875.926	569.485
37.023	876.167	569.718
37.395	876.562	569.416
37.230	876.292	569.660
37.643	875.916	570.625
37.132	875.965	570.656
37.294	876.537	570.967
37.200	876.704	570.406
37.300	876.948	569.849
37.136	876.508	570.169
36.663	877.304	569.801
37.349	877.381	569.664
37.062	876.946	569.778
37.320	876.904	570.135
37.277	876.632	569.843
37.155	876.542	570.269
36.717	876.987	570.412
36.702	876.590	570.262
37.175	876.762	570.270
37.155	876.251	570.456
36.884	876.282	569.687
37.033	875.358	570.295
37.089	875.456	570.279
37.233	875.297	570.064
36.957	875.409	569.672
36.673	875.866	569.710
36.732	876.366	569.760
36.732	875.958	570.052
37.435	875.431	570.418
37.544	875.960	569.563
37.189	876.657	569.570
37.300	876.338	570.222
37.397	876.357	569.441
36.926	876.105	569.420
37.139	874.757	570.684
37.280	875.357	570.005
36.903	875.874	569.233
37.007	876.178	569.208
37.497	876.343	569.419
37.310	875.669	569.730
36.855	876.215	570.219
37.220	876.242	570.373
37.123	875.751	570.576
37.155	875.682	570.799
37.157	876.197	569.383
36.989	876.261	569.662
36.931	876.010	570.529
37.251	876.111	569.909
37.146	876.436	569.527
36.914	876.063	569.756
36.925	875.996	570.022
36.986	876.912	569.761
36.751	877.356	569.793
36.584	877.045	570.118
36.937	876.712	569.992
37.327	876.784	569.580
37.858	876.910	570.045
37.099	876.630	570.627
36.962	876.146	570.430
37.127	875.514	570.761
37.042	876.086	570.742
37.280	876.525	569.915
37.161	876.940	570.070
36.595	877.480	569.562
37.335	876.575	570.799
37.272	876.782	569.760
37.137	876.307	569.894
37.115	875.977	570.545
37.504	876.697	569.871
36.840	876.219	570.328
37.193	875.814	569.815
36.488	876.528	569.574
36.594	876.653	569.857
37.138	876.725	569.801
36.704	876.911	570.041
37.202	877.114	569.610
37.003	876.794	570.242
36.902	876.484	570.187
37.423	876.675	569.320
36.685	876.600	569.607
37.418	876.225	570.131
37.573	876.132	569.700
37.237	876.735	569.375
37.163	876.403	569.722
37.237	876.401	569.738
36.820	876.641	569.561
36.978	877.892	569.699
37.003	877.634	570.038
36.967	878.148	569.534
36.683	877.012	570.429
37.091	877.245	569.833
36.833	877.062	569.548
37.117	877.226	569.804
36.987	877.045	569.743
36.898	876.889	570.340
37.061	877.099	569.713
36.758	876.733	569.713
36.952	876.766	570.056
37.460	876.845	569.587
36.985	877.406	569.742
37.470	876.972	569.661
36.889	876.608	570.639
37.252	876.173	569.995
37.352	875.450	570.846
37.284	875.360	570.672
37.284	875.609	570.235
37.243	876.341	570.330
37.238	876.557	569.834
36.887	877.070	569.938
37.464	875.775	570.659
36.948	876.480	570.213
37.056	875.623	570.441
37.208	876.468	569.455
37.274	876.200	569.233
36.969	876.377	569.834
37.110	876.912	569.464
37.046	876.762	569.908
36.678	877.191	570.269
36.759	877.420	569.675
36.881	877.257	569.947
37.146	876.970	570.396
36.788	876.799	570.044
36.706	877.340	570.138
37.020	876.642	570.567
37.288	876.830	570.269
37.537	877.013	570.253
36.995	876.923	569.720
36.684	876.882	569.923
37.012	877.091	570.350
37.356	877.076	569.811
36.848	876.709	569.782
36.878	876.217	570.378
36.923	875.853	570.281
37.195	875.730	570.197
37.140	877.162	569.824
36.794	877.182	569.650
37.014	876.069	570.118
36.801	875.912	570.130
36.768	876.595	569.272
37.387	876.452	569.373
37.496	875.934	569.310
37.395	875.376	569.667
37.153	875.301	570.178
36.891	875.880	569.787
37.169	876.014	569.834
37.298	876.677	569.457
36.770	877.039	569.608
36.960	877.154	569.559
36.986	876.326	569.902
37.198	876.926	569.072
37.022	876.913	569.600
36.880	876.589	569.959
37.137	876.681	569.847
37.130	876.146	569.957
37.612	875.627	570.213
37.115	876.609	569.200
36.648	877.898	568.602
36.522	877.575	569.612
36.710	877.829	569.644
36.924	877.688	569.590
36.946	877.584	569.029
36.771	877.587	569.031
37.061	876.806	570.311
36.661	876.929	569.974
36.647	877.194	569.790
37.321	877.378	569.232
36.896	876.709	569.483
36.566	876.914	569.034
37.128	876.566	569.376
37.260	877.331	569.401
37.247	876.950	570.518
37.056	877.113	570.602
36.821	877.327	569.933
37.052	877.100	570.239
36.932	876.544	570.126
36.589	876.385	570.626
37.162	876.512	569.947
37.190	877.223	569.466
37.053	876.765	569.543
36.769	876.734	570.007
37.024	876.140	570.091
37.070	875.803	570.855
37.320	876.649	570.127
36.997	877.271	569.714
37.107	876.879	569.801
37.437	876.341	570.192
37.277	875.954	569.611
37.006	875.834	570.409
37.202	876.457	569.614
37.634	876.363	570.061
37.175	876.855	569.680
37.057	876.432	569.637
37.080	876.419	569.795
37.209	876.222	570.274
37.362	875.720	570.473
37.346	875.909	570.155
36.715	876.650	570.004
36.646	877.281	570.051
36.849	877.605	569.466
36.876	877.862	569.170
36.944	876.637	569.989
36.616	876.892	569.778
36.989	876.991	570.329
37.090	876.783	570.246
37.039	877.052	569.758
36.977	877.104	570.099
37.155	877.175	569.893
36.773	876.898	569.727
36.811	876.659	570.164
37.439	876.219	570.013
37.327	876.341	569.763
36.770	876.220	569.581
36.887	875.713	570.442
37.298	876.249	570.328
37.360	876.543	570.293
36.837	876.651	570.283
37.032	876.877	569.477
36.962	876.732	569.306
37.084	876.805	569.233
36.789	876.971	569.702
37.344	877.774	569.638
37.097	877.776	569.745
37.047	877.746	570.217
36.821	877.321	569.698
37.022	876.637	569.900
36.720	876.619	569.765
36.638	876.824	570.006
36.697	877.046	569.996
37.314	876.722	570.263
37.005	875.649	570.666
36.921	876.090	569.632
37.069	876.538	570.117
36.997	876.698	570.128
37.359	876.601	570.404
36.844	877.087	569.951
36.955	876.721	570.138
37.120	877.413	569.974
37.060	877.099	569.517
36.666	877.099	569.446
37.481	876.270	569.684
37.221	875.615	570.712
37.416	876.325	569.853
37.496	876.052	569.327
37.011	875.414	570.452
37.389	875.298	570.115
36.714	876.038	569.819
37.357	875.662	570.476
36.950	875.843	570.255
36.670	876.385	570.086
37.076	876.644	569.654
36.944	876.935	569.866
37.357	876.770	570.100
37.215	876.019	571.333
37.182	875.767	570.495
36.679	876.007	569.957
36.800	875.877	568.891
37.036	875.598	569.928
37.245	876.287	569.785
37.554	876.491	569.519
37.289	875.932	569.910
36.736	875.999	569.718
37.720	875.710	570.057
37.031	876.236	569.625
37.200	876.347	570.174
37.246	876.278	570.146
37.241	875.772	570.204
36.705	876.627	570.131
36.830	877.055	569.940
37.129	876.536	570.203
37.045	877.063	569.538
37.574	877.242	570.249
36.686	877.172	570.245
37.017	878.104	569.238
36.402	877.629	569.178
37.362	877.045	570.342
36.889	876.416	569.612
36.989	876.916	569.570
37.096	877.039	569.648
36.774	876.675	570.228
37.058	876.542	570.501
36.841	876.969	569.844
36.934	877.192	570.513
37.325	876.871	570.195
37.085	877.067	569.825
37.535	876.804	569.900
37.059	877.392	569.709
37.052	877.299	570.084
37.336	876.968	569.573
36.346	876.876	569.857
37.024	876.529	570.431
37.015	876.696	569.996
37.091	877.499	569.337
37.006	877.232	569.351
36.910	876.956	569.008
37.033	876.393	570.500
37.260	876.279	570.596
37.144	876.802	569.946
36.545	877.875	569.362
36.702	877.263	570.041
36.845	876.898	569.497
36.686	876.477	569.862
37.378	876.142	570.430
36.956	876.433	569.918
37.416	876.612	569.982
36.702	876.886	569.944
36.740	876.744	570.218
36.899	876.773	569.866
37.213	876.792	569.852
37.232	876.910	569.777
37.036	877.224	569.413
36.780	877.237	569.484
36.948	876.668	570.261
36.726	876.877	570.736
36.840	877.092	570.273
37.038	876.358	570.150
36.808	876.282	569.921
37.071	876.456	570.327
37.300	876.304	570.252
37.181	875.293	570.448
37.136	875.275	569.029
37.187	875.102	569.854
37.013	875.492	570.147
37.305	875.800	569.790
36.922	876.446	569.786
37.091	876.213	570.326
37.264	876.814	569.325
37.103	876.025	569.835
37.275	877.004	569.442
36.982	876.987	569.561
37.304	876.975	570.043
36.649	876.951	569.451
37.319	877.134	569.277
36.704	877.089	569.542
36.466	877.000	570.626
36.776	876.912	570.557
37.093	877.098	570.010
36.990	876.990	569.982
36.848	876.780	570.269
37.272	876.644	570.684
37.019	877.037	570.567
36.691	876.865	570.309
37.108	876.697	570.210
36.632	876.507	569.639
37.269	876.835	569.759
37.173	877.651	569.982
37.540	877.089	570.345
36.834	876.578	570.097
37.084	876.675	569.999
36.636	877.081	570.503
36.725	877.237	570.230
37.490	876.425	570.757
36.818	876.347	570.191
37.000	876.581	570.196
37.396	876.659	570.211
37.165	877.353	569.705
36.910	876.405	569.992
37.155	876.459	569.322
37.224	875.984	569.712
37.795	876.223	569.635
36.891	875.848	570.270
36.879	876.821	569.745
37.016	877.709	569.648
36.793	877.809	569.711
36.799	877.951	569.464
37.017	877.712	569.847
36.901	877.552	569.672
36.840	877.027	570.002
36.694	876.830	569.967
37.099	876.928	569.790
36.976	877.761	569.255
36.960	877.380	569.833
37.250	877.792	569.306
37.189	877.271	569.356
37.222	876.960	569.028
37.192	876.508	569.613
36.999	877.055	569.898
37.036	876.417	569.820
36.925	876.475	569.378
36.871	876.210	569.477
37.012	876.130	569.438
36.820	877.039	569.362
37.026	876.856	569.153
36.890	877.167	569.572
36.816	877.487	569.843
37.023	877.122	569.968
36.987	876.474	570.043
37.249	876.471	569.909
37.443	876.436	570.359
36.857	876.185	569.864
37.245	875.354	570.958
37.448	875.645	571.009
36.807	876.509	570.360
36.433	877.594	570.230
36.770	876.718	570.321
36.815	876.531	570.414
36.963	877.771	569.057
36.923	878.592	568.774
36.984	878.150	569.318
36.890	877.996	569.665
36.705	877.281	570.519
37.085	877.367	570.500
36.840	876.955	570.271
36.807	877.044	570.115
36.958	876.954	569.895
36.833	877.182	569.276
37.107	876.503	569.089
36.904	877.255	569.378
37.190	876.274	569.443
37.051	876.505	568.932
37.073	876.211	570.297
37.073	876.714	568.815
36.852	876.581	569.848
36.916	877.201	569.729
37.147	877.791	569.015
36.620	877.722	569.607
37.078	877.983	569.139
37.053	877.094	569.896
36.886	876.996	570.104
36.684	877.644	569.806
36.841	877.722	569.966
36.894	876.921	570.154
36.807	876.662	569.711
37.433	876.724	570.346
36.963	878.000	569.190
36.549	877.599	569.099
37.262	877.098	569.467
36.819	877.031	568.874
37.298	877.068	568.852
36.616	876.332	569.500
36.856	876.780	569.862
36.978	876.925	569.433
36.947	877.441	569.047
36.475	876.792	569.810
37.148	876.961	570.128
36.905	876.545	570.025
36.978	876.560	570.035
36.582	876.964	569.753
36.928	877.286	569.891
36.868	876.872	570.132
36.450	876.944	570.205
36.721	876.564	569.962
36.888	877.588	569.776
37.151	877.424	569.380
36.873	876.103	570.199
36.867	876.854	569.684
37.322	876.615	570.233
37.457	877.199	569.672
36.994	877.119	570.206
37.027	876.925	570.075
37.427	876.721	569.977
36.965	876.748	569.849
36.599	876.699	570.394
36.773	877.207	569.712
36.872	876.777	569.848
37.123	877.373	569.852
36.932	876.877	569.746
37.335	877.478	569.489
36.721	876.829	570.323
37.139	876.930	569.879
37.335	877.002	569.563
36.949	877.269	569.226
36.620	877.191	569.637
36.889	877.058	570.501
36.935	876.887	570.490
37.065	877.197	569.732
36.812	876.816	569.992
36.953	877.252	569.444
37.364	876.447	569.749
36.749	876.641	570.402
36.831	877.232	569.578
36.643	877.500	569.301
36.813	877.384	569.248
37.040	876.836	569.932
37.357	877.497	569.292
37.150	877.487	568.841
36.590	876.644	569.831
36.401	877.314	569.864
37.060	876.912	570.287
37.395	877.306	569.320
36.686	876.670	570.230
36.495	876.804	570.690
36.775	876.800	570.671
37.250	877.007	570.055
37.429	876.901	569.366
36.807	877.017	569.915
37.036	876.920	569.599
36.836	877.239	570.288
36.870	876.866	570.563
36.921	877.595	570.136
37.380	877.943	569.993
36.917	877.534	569.721
36.714	877.396	569.856
36.745	876.710	570.487
37.595	877.282	569.320
37.062	876.565	569.697
37.015	877.416	569.820
36.779	876.965	570.044
36.824	877.270	569.574
36.955	876.223	570.272
36.886	876.292	569.565
37.302	875.810	570.106
37.163	876.216	570.128
37.215	877.006	569.525
37.169	876.876	569.942
36.873	876.682	570.097
37.019	877.498	569.100
37.475	876.556	569.613
36.974	876.956	570.076
36.880	877.659	569.855
37.065	877.104	570.355
37.237	877.248	569.511
36.834	877.557	569.683
37.084	878.315	569.052
37.020	877.547	569.217
36.756	877.296	569.758
37.077	876.404	569.813
37.899	876.776	569.669
36.985	876.476	570.567
37.175	876.244	570.317
37.259	876.178	569.672
36.413	876.719	570.064
37.069	876.808	570.027
37.165	877.133	569.852
36.746	877.156	569.686
36.805	876.530	569.579
36.745	876.616	569.853
36.789	877.840	568.920
36.387	877.702	569.690
37.141	877.068	569.665
36.537	877.086	570.018
36.809	877.384	569.488
36.656	877.085	570.361
36.899	877.196	569.512
36.453	877.910	569.838
36.405	877.638	569.640
37.038	877.137	570.466
36.914	877.278	569.794
36.441	877.013	569.893
36.656	876.785	570.126
36.892	877.356	569.922
36.697	876.997	570.037
36.673	876.560	570.198
36.666	877.002	569.766
37.365	877.500	569.711
37.087	877.134	569.504
37.060	877.161	570.317
36.754	877.471	569.552
36.940	877.215	569.638
36.336	876.851	569.896
36.464	878.251	569.282
36.257	877.555	569.206
36.625	878.229	569.156
36.783	878.335	569.143
37.230	877.922	569.200
36.738	877.233	570.007
36.944	877.270	570.037
37.028	877.527	569.687
36.649	877.171	570.762
37.046	876.934	570.248
37.275	876.965	569.658
36.789	877.024	569.501
36.743	876.822	569.813
36.811	876.755	570.315
36.987	876.807	570.428
36.649	876.781	569.995
36.926	877.016	569.982
36.963	876.948	569.828
37.435	876.356	570.074
36.854	876.525	569.821
37.427	877.436	569.913
36.743	877.536	569.725
36.877	877.809	569.807
36.733	878.650	568.944
36.080	878.260	570.092
36.951	878.350	569.269
36.963	877.842	568.838
36.703	877.959	568.954
37.394	878.070	568.666
36.733	877.917	569.339
36.781	877.907	569.335
36.796	878.058	569.091
37.065	877.276	569.577
36.997	877.683	569.158
36.501	876.777	569.936
36.900	877.629	569.668
36.764	877.220	569.943
37.114	876.803	569.885
36.961	877.121	570.416
36.648	876.852	570.142
36.684	877.158	569.974
37.072	877.512	570.094
36.863	877.089	570.508
36.958	876.569	570.862
37.146	877.348	570.920
37.173	876.270	571.465
36.707	876.931	570.066
36.640	876.912	570.486
37.152	876.672	570.109
36.799	877.204	570.319
37.363	876.908	569.808
37.421	876.104	570.842
36.951	875.596	570.818
36.791	876.721	570.033
36.687	876.779	570.183
37.017	877.166	570.690
36.890	877.255	570.473
36.703	877.024	570.163
37.164	877.007	569.827
36.964	877.458	569.841
36.601	877.088	570.134
36.996	876.826	570.349
36.389	877.171	570.045
36.954	876.855	569.619
36.719	876.681	569.872
36.679	877.147	570.404
37.211	876.649	569.947
36.965	876.986	570.288
36.885	876.993	569.859
36.452	877.293	569.802
36.820	877.147	570.314
37.065	877.233	570.198
36.937	876.972	569.362
36.703	877.183	570.188
37.175	876.678	570.766
36.562	876.735	570.897
37.164	876.649	571.159
36.960	877.728	569.875
37.152	877.463	570.289
37.016	877.374	570.231
37.068	877.221	569.765
37.135	876.706	570.271
36.802	877.442	570.139
36.892	876.689	570.232
37.208	877.289	569.854
37.221	876.795	570.200
36.794	876.884	570.271
37.171	876.821	569.763
37.301	877.710	569.034
36.828	876.706	569.919
37.009	876.760	570.710
36.876	876.815	570.253
36.490	877.082	569.364
36.934	876.587	570.063
37.020	876.404	571.449
37.362	876.343	571.181
37.248	876.478	570.389
36.861	876.461	569.527
36.830	876.159	570.299
36.464	876.333	570.935
36.933	876.621	570.488
37.205	877.094	569.788
37.024	876.972	569.853
37.273	877.476	569.797
37.198	876.556	570.715
37.275	877.366	570.055
37.166	876.399	570.920
37.008	876.175	570.820
37.254	877.461	569.166
36.588	877.978	569.179
36.923	877.043	570.296
36.600	877.590	569.831
36.860	877.566	569.852
36.876	877.710	569.969
36.494	876.943	570.381
37.419	876.586	570.406
37.390	876.964	570.263
36.574	876.154	570.749
37.097	877.031	570.081
36.744	876.975	570.083
37.061	876.935	570.396
36.854	876.849	570.324
37.156	877.030	569.627
37.149	876.590	570.533
36.605	877.161	570.882
37.000	876.987	570.233
36.372	876.629	570.041
36.900	876.653	570.271
36.686	877.108	569.732
37.235	878.029	569.741
36.623	877.469	570.619
36.795	876.488	570.536
37.055	876.412	570.826
36.505	876.277	570.875
36.865	876.672	570.797
36.929	876.746	570.566
36.631	877.268	570.895
36.789	876.769	570.544
36.672	876.819	571.017
36.734	876.586	570.782
36.836	877.458	570.083
36.600	878.080	568.736
37.281	877.240	569.744
37.436	877.320	570.250
36.584	876.593	569.678
36.899	876.748	570.623
36.868	876.668	570.402
36.699	876.497	570.180
36.794	876.389	570.706
37.132	876.708	570.360
36.722	876.969	570.431
36.711	876.541	571.211
36.198	877.058	571.205
36.962	877.181	570.500
36.502	876.303	569.998
36.545	875.811	571.185
36.865	875.647	570.855
36.210	876.672	570.616
36.518	875.914	571.263
36.841	875.969	570.719
36.703	875.678	571.037
36.808	875.490	571.184
36.779	875.386	570.879
36.809	876.407	569.936
36.985	875.929	570.383
36.731	875.812	570.386
36.548	876.153	570.542
37.193	876.627	570.919
36.683	876.978	570.567
36.675	877.193	570.622
36.726	876.814	570.213
37.131	876.932	570.782
36.842	876.908	570.662
36.695	877.062	570.204
37.017	876.801	570.061
36.875	876.452	570.137
37.034	875.222	571.025
36.936	875.762	570.327
36.332	875.800	570.949
36.882	875.374	571.012
36.651	875.641	570.833
36.468	876.066	570.673
36.841	875.947	571.419
37.055	875.854	571.373
37.248	875.628	571.192
36.417	876.169	570.744
36.882	876.177	570.340
37.206	875.906	569.578
36.489	876.468	570.285
36.803	876.394	569.941
36.900	875.149	570.227
36.623	875.834	570.438
36.351	876.182	570.212
36.981	875.769	570.143
37.408	876.917	568.943
36.653	877.222	569.688
36.700	876.009	571.156
36.618	875.796	570.786
36.680	875.934	570.726
37.266	875.785	570.582
36.873	875.867	570.508
36.950	876.456	570.293
37.176	875.976	570.436
36.347	876.126	570.575
36.585	875.901	570.872
36.970	875.729	571.107
37.005	876.035	570.870
36.470	875.320	571.760
37.133	875.298	571.023
36.490	874.600	570.466
36.274	875.234	571.031
36.859	875.109	570.311
36.804	875.664	569.711
36.724	876.374	570.258
36.754	876.371	570.372
36.697	876.466	570.190
36.747	876.177	570.133
36.653	876.221	570.442
36.767	876.406	570.671
37.303	875.918	571.041
37.009	875.191	571.488
37.388	875.765	570.628
36.655	875.710	570.746
36.949	875.935	570.751
36.698	876.463	570.977
36.864	876.891	570.340
36.770	876.064	571.028
36.510	875.685	571.022
36.866	876.075	570.564
37.126	875.430	570.984
36.592	875.484	570.252
36.823	875.902	569.879
36.708	876.137	570.062
37.594	875.995	570.658
36.917	875.899	571.343
36.947	875.528	570.750
36.959	875.810	571.200
37.051	876.041	570.874
36.955	875.831	571.166
37.040	875.863	570.485
36.740	876.246	570.277
36.881	875.436	570.544
36.745	875.174	570.930
37.008	875.279	570.632
36.563	875.004	571.689
36.770	875.791	571.815
36.704	875.456	572.351
36.749	875.909	570.985
36.940	876.085	570.320
36.884	876.270	570.519
36.583	876.057	570.376
36.836	876.454	570.525
37.240	875.627	570.870
36.909	875.969	570.786
36.735	875.659	571.812
37.277	876.133	570.820
36.772	876.190	570.808
37.245	875.315	571.177
36.970	875.069	570.748
37.076	875.946	570.467
36.916	875.046	570.608
36.965	875.865	570.470
36.672	875.264	571.320
36.785	875.499	570.988
36.870	874.922	571.059
36.775	875.214	570.903
37.470	875.359	570.763
37.251	875.029	571.194
36.806	875.587	571.211
36.442	876.026	571.265
36.563	875.814	570.734
36.649	875.623	570.971
37.009	876.012	569.937
36.979	876.061	570.508
36.870	876.125	571.038
36.788	875.993	571.585
36.966	875.927	571.414
37.069	876.293	570.511
37.096	875.654	571.394
36.827	875.785	570.737
36.959	876.336	570.562
37.036	875.265	571.527
36.897	875.025	571.805
36.637	875.413	571.163
37.087	875.602	570.310
36.719	876.427	569.801
36.057	875.631	570.852
36.890	875.648	571.154
36.880	875.794	571.014
36.891	876.085	570.426
36.836	875.543	570.636
36.859	876.458	570.618
36.960	875.756	571.629
37.029	875.716	571.217
37.551	875.950	570.661
36.837	875.607	570.427
36.647	875.658	571.300
36.914	875.522	570.505
36.750	875.635	570.887
36.889	876.020	570.303
37.079	875.318	571.409
36.579	875.016	570.873
36.496	875.934	570.993
36.553	876.172	571.541
36.693	876.152	571.411
36.697	876.080	570.303
36.839	875.673	570.767
37.003	874.914	571.515
37.238	875.482	571.825
36.956	875.949	570.906
37.446	876.484	569.856
37.323	876.129	569.736
36.620	875.096	571.288
37.207	875.222	570.763
36.919	875.191	570.822
37.162	875.563	570.514
37.204	875.587	570.804
37.243	876.248	570.517
37.006	875.578	570.946
36.795	875.643	570.824
36.866	876.252	571.061
37.141	875.211	571.294
36.843	874.865	571.401
36.845	875.494	570.520
36.867	875.034	571.644
36.972	875.256	571.189
36.932	876.290	570.320
36.892	876.651	570.338
36.756	877.418	570.272
36.570	876.729	570.364
36.914	876.560	570.881
36.804	876.235	571.466
36.662	875.563	570.963
37.103	875.632	570.983
36.761	875.197	570.612
37.183	875.342	571.126
36.842	875.980	570.588
36.643	875.532	571.413
36.757	875.547	571.148
36.487	876.336	570.803
37.337	875.935	571.466
37.226	876.124	570.132
36.925	875.639	571.301
37.188	874.392	571.424
37.224	874.734	570.587
37.014	875.285	570.670
36.685	875.538	570.285
36.612	876.032	570.709
37.345	875.763	570.880
36.872	875.649	571.167
36.937	875.981	571.098
36.767	876.533	571.055
36.746	876.670	571.167
36.770	876.637	571.073
36.780	876.363	570.431
36.855	876.115	570.646
36.992	875.725	570.899
37.117	875.422	570.881
36.769	875.410	570.749
37.086	875.930	570.264
36.485	876.239	569.963
36.648	875.846	569.940
36.827	875.356	570.957
36.820	875.266	570.968
36.646	875.865	569.473
36.762	875.304	570.371
36.367	875.627	571.003
36.509	876.228	570.626
36.614	875.783	570.915
36.544	875.712	570.766
37.062	875.564	570.770
37.202	876.111	570.640
37.094	875.349	571.309
36.946	874.839	570.937
36.836	875.445	570.419
36.677	875.209	570.495
36.748	875.472	570.535
36.890	874.149	571.351
37.007	874.837	570.499
36.712	875.217	570.016
37.260	875.190	570.311
36.827	875.140	570.536
36.745	875.334	571.097
36.857	874.824	571.237
37.349	874.424	571.818
36.952	875.035	571.168
36.678	875.338	570.965
36.674	875.232	570.942
37.047	875.281	571.638
37.043	875.347	572.028
36.984	875.046	571.502
37.098	875.193	571.800
36.987	875.337	571.580
36.983	875.268	570.849
37.536	875.299	570.489
37.363	875.371	569.324
36.738	875.934	568.868
36.941	875.729	570.099
36.497	875.439	570.924
36.312	875.234	570.763
36.756	875.485	570.891
36.814	876.059	570.665
37.374	876.182	570.973
36.957	875.962	570.547
36.881	876.035	570.929
37.249	876.140	571.002
36.765	876.123	571.167
36.776	875.681	570.399
36.682	875.312	571.014
37.042	874.843	571.286
37.050	875.685	571.030
36.768	876.128	569.880
36.389	876.052	571.209
36.987	875.616	570.670
36.932	875.651	570.983
37.248	875.988	570.568
37.209	875.818	570.586
36.887	875.927	570.829
37.217	875.674	570.680
37.181	876.067	570.769
36.769	875.739	570.458
36.750	875.474	570.969
36.303	875.971	571.310
37.416	875.221	571.151
36.963	875.193	571.208
37.020	875.481	570.611
36.476	875.148	571.101
36.735	875.443	571.486
36.661	875.209	570.234
36.767	875.748	569.809
37.017	876.086	570.285
36.977	875.762	570.509
36.835	876.151	570.918
36.732	876.413	570.462
36.882	875.902	571.024
36.632	875.311	571.327
37.284	875.243	570.560
37.154	875.980	569.850
36.904	875.686	570.865
36.954	875.760	570.621
37.047	875.493	570.879
37.183	875.173	570.699
36.789	874.950	571.405
36.778	874.767	571.346
36.939	875.075	570.843
37.047	875.339	570.593
36.789	874.481	570.849
36.629	875.135	570.241
36.713	875.530	570.283
36.723	876.710	570.270
36.581	876.384	570.384
36.629	875.884	570.684
36.905	875.268	571.498
36.828	875.121	570.775
36.780	875.840	571.596
36.893	875.624	571.039
36.446	876.673	570.373
36.994	876.135	570.507
36.803	875.868	570.627
37.397	875.472	571.168
37.040	875.135	571.168
36.677	875.324	570.395
36.709	874.654	570.317
36.843	875.449	570.155
37.070	875.244	571.101
37.002	875.366	570.439
37.063	874.226	571.053
37.235	874.154	571.065
36.829	875.394	569.841
36.571	875.027	570.858
36.442	875.314	570.514
37.034	875.598	571.036
36.755	875.828	570.757
36.447	876.026	571.042
37.081	876.227	570.751
36.843	876.081	570.506
37.162	876.187	570.750
36.677	875.467	571.134
36.974	874.729	571.050
37.346	874.794	570.975
36.790	875.356	570.759
36.954	875.716	570.638
37.133	875.841	570.448
37.067	875.615	570.901
37.270	876.088	570.219
37.062	875.719	570.256
36.898	875.971	570.340
36.967	876.465	570.105
37.054	875.428	570.817
36.239	875.423	571.505
37.104	875.481	570.945
36.623	875.409	570.311
37.083	875.343	570.118
36.998	875.774	570.042
36.893	875.328	570.519
36.380	876.390	569.813
36.839	875.783	570.497
36.662	875.444	570.077
36.623	874.631	570.886
37.134	875.356	570.650
37.183	875.436	570.653
36.821	875.230	570.651
36.864	875.519	570.828
37.314	875.575	570.648
36.784	875.830	571.099
36.421	875.509	571.426
37.014	876.029	570.788
36.941	876.003	570.202
36.763	876.623	570.090
36.809	876.329	570.227
36.797	876.161	570.547
36.928	875.652	571.232
36.740	875.651	570.590
36.939	875.149	571.289
36.546	875.104	570.249
36.717	874.974	570.196
36.649	875.808	570.341
36.838	876.709	569.516
37.143	875.909	571.118
37.099	875.882	570.866
36.928	876.422	570.412
36.705	875.703	570.072
36.382	875.829	569.961
36.874	875.659	570.369
36.327	875.434	570.764
37.144	875.291	570.122
36.981	875.532	570.223
36.891	876.444	570.353
36.667	875.605	570.379
36.664	875.377	570.870
36.774	875.578	570.438
37.142	876.058	570.397
36.925	875.392	570.782
36.686	875.199	570.714
36.767	875.146	570.129
37.083	876.114	569.626
37.233	875.670	570.432
37.062	875.089	570.757
36.528	875.188	571.527
36.874	875.333	570.899
36.688	875.838	571.284
36.986	875.185	571.505
36.881	875.619	571.307
36.714	876.164	571.042
37.029	875.424	571.422
37.325	875.350	570.945
36.698	875.950	570.508
37.156	876.357	570.120
36.667	875.859	570.480
36.668	875.787	571.031
36.944	876.164	570.727
37.022	875.155	571.041
37.207	874.745	571.107
36.865	876.123	570.341
36.180	876.052	571.068
36.811	875.434	571.178
37.350	874.408	571.868
36.889	874.961	571.468
36.807	875.908	570.776
37.314	874.732	571.550
37.396	875.713	570.899
37.027	875.878	571.240
37.000	875.962	570.562
37.355	875.750	571.350
36.780	875.899	571.032
36.749	875.895	570.956
36.938	876.086	571.202
36.588	875.647	570.835
37.026	875.089	571.862
36.811	875.301	571.418
36.575	875.492	571.096
36.994	874.808	570.690
36.833	875.720	570.562
36.949	875.818	570.354
36.699	875.298	570.913
36.834	875.280	571.045
36.977	874.745	571.237
36.885	875.772	570.998
37.057	875.348	571.240
36.957	875.218	570.492
36.406	875.747	570.020
36.930	875.870	570.060
36.744	874.667	570.967
37.005	875.252	570.834
37.287	875.095	571.221
36.777	875.658	570.628
37.277	875.664	570.966
36.988	876.295	570.713
36.625	875.608	571.014
36.620	876.075	570.707
36.960	875.740	571.166
36.627	875.810	570.928
36.602	876.432	570.996
36.758	875.738	570.893
36.881	875.560	571.046
36.824	875.569	570.794
36.657	875.543	570.950
36.689	876.119	570.522
36.578	876.347	570.683
36.841	876.106	570.518
36.788	875.407	571.232
36.848	875.213	570.838
36.903	875.576	570.664
36.935	875.481	571.335
36.677	875.449	570.404
36.521	875.456	570.716
36.909	874.703	571.306
37.009	875.163	570.911
36.954	875.234	571.003
36.457	874.960	571.283
36.966	874.839	571.313
37.252	875.837	570.536
37.161	876.248	570.713
37.150	875.813	570.393
36.649	875.749	570.367
36.924	875.558	570.528
37.087	875.486	571.140
36.793	874.992	571.462
36.697	874.567	571.264
37.002	874.998	571.170
36.923	874.950	571.400
36.920	875.208	571.248
36.787	875.111	570.859
37.296	874.634	571.291
36.723	875.487	571.475
37.243	875.636	570.924
37.025	875.552	570.719
36.848	875.741	570.912
36.605	876.056	570.626
36.895	876.126	570.961
36.538	876.448	571.614
36.854	875.858	571.633
37.219	876.165	571.637
36.337	877.268	571.077
36.347	876.057	571.161
36.901	875.485	571.083
37.167	874.417	571.373
36.868	874.992	570.966
36.921	875.605	571.177
36.953	875.744	570.232
36.917	875.228	570.410
36.823	875.084	570.502
37.005	874.672	571.490
37.217	875.486	570.327
36.672	875.133	569.986
36.630	875.696	569.654
36.482	875.467	570.753
36.998	875.348	571.066
36.692	875.639	571.059
36.933	875.991	571.126
36.781	875.607	570.442
36.755	876.394	570.292
36.905	876.138	570.337
36.564	875.903	571.058
36.422	876.180	570.665
37.175	875.638	571.238
37.371	875.662	571.135
36.741	875.488	571.095
37.005	875.418	570.562
37.032	875.953	570.015
36.600	876.105	570.647
36.889	875.700	570.444
36.761	875.393	570.955
36.971	875.378	570.984
37.383	875.437	570.493
36.601	875.530	570.812
36.677	875.291	571.722
37.149	875.302	571.363
36.822	875.576	571.370
37.033	875.892	570.953
36.975	876.710	570.535
36.579	876.342	570.726
36.956	875.838	571.418
36.708	876.253	570.579
36.996	875.742	571.031
37.178	876.373	570.647
36.600	875.782	571.082
36.792	875.468	570.775
36.822	875.642	570.614
36.831	875.875	570.991
36.756	876.022	570.779
36.729	875.883	570.612
37.011	875.627	570.513
37.100	876.327	570.583
36.745	875.933	570.750
37.100	876.364	570.575
36.947	875.417	571.151
36.724	875.746	571.011
36.535	876.386	570.384
36.956	875.489	570.625
37.115	874.582	571.238
37.123	875.674	570.742
36.476	875.918	571.053
36.823	875.648	570.729
36.845	876.203	570.955
37.009	874.994	571.556
37.151	875.517	571.199
37.196	875.794	571.350
37.018	876.114	570.678
37.085	875.202	571.292
36.841	875.678	570.477
36.712	876.271	570.608
37.031	876.268	570.735
37.151	875.305	571.236
37.387	875.254	570.996
37.082	875.815	570.931
36.681	876.055	570.430
36.837	875.587	570.150
36.733	875.909	570.677
36.663	876.089	570.953
36.491	875.688	571.286
36.882	875.752	571.366
36.958	875.901	570.180
36.468	875.951	570.206
36.820	876.532	570.091
36.822	876.187	570.503
36.675	875.662	570.932
37.107	875.609	571.137
36.799	875.147	571.195
36.793	875.379	570.595
36.975	874.693	571.074
36.690	875.257	571.571
36.700	875.242	571.130
37.159	875.139	570.676
37.345	874.712	570.784
37.085	874.820	571.208
36.786	875.375	571.186
36.901	875.123	570.349
37.077	875.147	570.661
36.976	875.624	570.550
36.412	876.440	570.518
37.221	875.728	571.651
36.791	876.069	570.875
36.954	875.861	571.293
36.666	876.109	570.954
36.673	876.368	570.471
36.594	876.296	570.522
36.792	875.447	570.408
36.782	874.601	570.830
36.675	875.590	570.747
36.437	876.204	570.329
36.915	875.943	570.174
36.450	875.864	570.573
36.836	875.444	570.964
36.528	876.420	569.870
37.002	876.268	570.197
36.579	875.928	570.297
36.693	875.632	570.739
36.960	875.364	570.476
36.741	875.554	570.508
36.608	875.974	571.337
36.982	875.227	571.326
36.814	875.118	570.801
36.764	875.453	571.213
37.131	874.980	570.758
36.814	876.412	569.916
36.985	875.311	570.033
36.741	874.414	570.528
36.710	874.693	570.718
36.831	875.098	570.881
36.653	875.381	570.987
36.999	875.310	570.449
36.706	875.225	569.903
36.964	875.381	569.582
36.619	875.099	570.295
36.682	875.203	570.107
36.927	875.593	570.587
36.629	875.023	571.393
36.955	875.468	570.884
37.000	874.898	570.917
36.911	875.393	571.251
36.768	875.763	570.756
36.639	875.810	570.556
37.030	876.114	570.711
36.886	875.770	571.024
36.797	875.817	570.402
36.838	876.103	569.691
37.209	875.786	570.017
36.710	876.290	570.353
36.905	875.338	570.533
36.870	875.229	570.869
36.757	875.366	570.416
36.996	874.990	570.816
37.027	875.971	570.968
37.093	876.172	570.828
36.719	875.612	571.121
36.820	874.971	571.632
36.712	876.162	570.702
36.705	876.302	570.490
37.134	875.079	571.000
36.956	875.207	570.609
37.262	875.192	570.970
36.731	875.556	570.245
36.933	875.592	570.967
37.006	876.244	570.970
36.858	875.817	571.065
36.600	875.618	571.060
36.923	875.978	570.554
36.899	875.997	570.234
36.931	875.682	570.413
36.616	875.438	570.448
36.743	875.388	570.518
36.605	875.350	570.300
36.407	875.490	570.841
36.870	875.488	570.545
36.594	874.733	571.203
36.894	875.475	570.667
36.559	875.387	570.983
36.637	875.858	570.166
36.338	875.900	570.008
36.944	876.077	570.220
37.149	875.518	569.928
36.951	875.798	570.886
36.855	876.625	570.633
36.327	876.156	571.362
36.762	876.532	569.940
36.851	876.538	570.498
36.908	876.828	570.109
36.788	876.904	570.776
36.835	876.229	571.121
37.020	875.541	571.098
36.681	876.215	570.022
36.626	875.989	570.280
36.964	876.050	569.758
36.499	876.119	569.972
36.829	876.107	570.523
36.936	875.645	570.720
37.274	875.594	570.950
36.831	876.120	570.329
37.092	875.472	570.785
36.861	875.284	570.827
37.019	874.963	570.333
36.724	875.636	569.873
36.833	875.911	570.370
36.641	876.457	569.883
36.883	875.073	570.566
36.952	874.761	570.959
36.756	875.602	570.978
36.508	876.443	570.348
36.767	876.839	569.119
36.640	876.243	569.916
36.786	875.258	570.888
37.293	875.203	570.607
36.901	875.003	570.341
37.165	874.905	570.589
36.998	875.442	571.139
36.811	875.925	570.585
36.806	875.156	570.689
36.683	876.164	570.366
36.842	876.170	570.478
36.921	875.743	570.438
37.290	876.012	569.511
37.193	876.149	569.888
37.142	875.933	570.905
36.932	875.779	570.464
36.819	875.886	570.200
36.421	875.341	570.580
36.824	874.842	571.281
36.925	875.097	570.801
36.513	875.577	570.617
36.773	876.347	570.573
36.774	876.063	570.768
36.897	876.211	571.340
36.507	875.781	570.970
37.107	875.763	570.086
37.054	875.437	570.233
36.990	875.542	570.097
36.907	875.177	570.738
36.879	875.372	571.205
37.106	875.091	571.317
36.914	874.982	570.294
36.631	875.564	569.742
36.620	875.995	570.167
36.765	875.503	570.643
36.929	875.875	570.859
37.030	876.170	570.807
36.906	875.564	571.232
36.588	875.379	571.130
36.445	875.805	570.503
36.813	875.994	570.715
36.554	876.055	570.902
36.738	876.307	570.134
36.808	875.828	570.218
36.649	875.805	570.415
36.231	876.068	570.436
37.028	875.847	570.183
36.701	876.558	569.864
36.315	876.653	570.514
36.551	876.643	570.908
36.868	876.656	570.818
36.449	875.906	571.135
36.352	876.248	570.772
36.654	876.008	570.221
36.872	876.228	570.271
36.848	875.305	570.580
36.870	875.515	570.958
36.895	875.703	570.540
36.762	876.417	570.306
36.768	876.161	570.328
36.712	875.998	570.144
37.032	876.103	570.379
36.864	875.880	570.129
36.594	875.873	570.750
37.116	875.716	570.790
36.683	876.212	570.277
36.693	875.985	570.137
37.166	876.746	569.741
36.803	876.701	570.675
36.588	876.230	571.132
36.661	876.085	570.574
36.800	876.333	570.117
36.886	874.992	571.008
36.658	875.538	570.512
36.476	876.359	570.064
36.688	875.692	570.260
36.693	876.157	570.732
36.747	875.742	571.229
37.175	875.368	571.656
36.920	875.081	570.907
36.641	875.250	570.527
36.715	875.013	570.932
36.810	875.318	570.378
36.656	875.266	570.727
36.558	875.640	570.565
37.124	876.530	570.531
36.379	876.664	571.630
36.342	876.771	570.957
36.668	876.375	570.708
36.666	875.952	571.260
36.964	875.721	570.568
36.704	876.032	570.912
36.802	875.303	572.167
36.865	875.100	571.036
36.546	875.067	570.848
37.102	875.587	569.989
36.924	876.210	570.407
36.769	875.104	570.368
36.263	875.553	570.790
36.678	875.880	571.090
37.204	875.574	571.486
36.620	876.345	570.678
36.824	875.886	571.176
36.813	876.216	570.855
36.908	875.825	570.552
36.608	875.878	570.650
36.413	875.471	570.676
36.791	875.913	570.727
36.740	876.079	570.937
37.182	875.479	570.489
36.972	874.942	570.380
36.825	875.678	569.766
36.920	876.219	570.175
36.689	875.578	570.800
36.775	875.773	571.086
36.622	875.927	570.613
37.180	876.156	570.281
36.560	875.654	570.791
36.443	876.244	570.243
36.626	876.711	570.507
36.675	876.808	570.324
36.823	876.272	570.704
36.681	875.934	570.382
36.895	876.078	570.597
37.112	875.967	570.801
37.066	876.363	569.992
36.831	875.835	570.418
36.880	875.614	570.734
37.074	876.452	570.217
36.428	876.520	570.326
36.563	877.007	569.987
37.095	876.421	570.679
36.915	876.224	571.209
37.051	875.968	570.555
36.386	876.328	570.064
37.136	875.193	570.538
36.704	875.548	569.433
36.652	875.641	570.406
36.944	875.429	570.141
37.109	875.114	570.783
37.117	875.242	571.154
36.441	875.075	570.875
36.861	875.149	570.557
36.769	875.448	569.987
36.234	875.630	570.450
36.723	875.461	570.552
36.740	875.402	570.973
36.883	875.856	570.261
36.601	875.850	569.954
36.565	875.402	570.799
36.895	874.763	571.567
37.260	876.086	570.946
36.880	875.556	571.055
36.926	875.466	571.287
36.818	875.503	570.466
36.764	875.967	570.194
36.643	876.219	570.354
36.745	876.151	570.052
36.895	876.092	569.557
36.716	876.082	569.905
36.747	874.925	570.841
36.791	875.721	570.797
36.927	875.917	570.593
36.661	876.154	570.753
37.038	876.210	570.490
36.497	875.192	570.566
36.482	876.382	570.077
36.609	876.536	569.938
36.460	876.215	570.483
36.521	876.299	568.962
36.958	875.465	570.715
36.961	875.227	570.775
37.102	875.812	570.306
36.947	875.944	570.384
36.443	875.238	570.623
36.529	876.227	570.348
37.026	875.319	570.853
36.623	875.632	570.893
36.371	876.089	571.141
36.617	876.186	570.339
36.762	875.704	570.643
36.878	876.342	570.306
36.834	876.202	570.580
36.678	875.738	570.486
36.731	876.032	570.421
36.796	875.490	570.712
36.413	875.949	570.753
36.516	876.123	571.125
36.858	876.217	570.647
36.612	875.715	571.339
36.780	875.696	570.547
36.802	875.218	571.518
36.614	875.042	570.943
36.428	876.106	570.343
36.402	875.469	570.808
36.689	875.679	570.340
36.665	875.429	569.824
37.254	876.106	569.869
36.647	876.605	569.676
36.454	876.323	571.195
37.274	876.363	570.112
36.903	875.948	570.232
36.933	876.396	570.219
36.540	875.984	570.623
36.615	875.618	570.500
36.404	875.971	570.669
36.865	876.382	571.139
36.571	876.430	570.037
36.911	876.286	569.667
36.627	876.026	570.297
36.464	876.350	570.153
36.723	875.632	570.354
36.162	876.116	570.561
36.663	876.002	570.397
36.846	875.666	570.378
36.906	875.715	570.331
36.243	876.009	570.212
36.569	875.946	570.386
36.951	875.280	570.722
36.708	875.467	570.481
36.687	875.493	570.345
36.761	875.597	569.909
36.490	876.460	569.986
36.764	875.456	570.233
36.695	875.434	570.536
36.660	875.929	570.735
36.927	875.755	570.073
36.610	875.999	570.023
36.521	876.303	569.792
36.465	876.199	570.291
36.481	875.736	570.950
36.631	876.483	571.056
36.675	875.933	571.649
36.330	876.114	570.859
37.021	876.129	570.814
36.846	875.931	570.430
36.853	875.987	571.060
36.707	875.946	570.311
37.019	875.732	570.375
36.728	875.685	570.284
36.914	875.439	571.183
36.918	875.208	571.441
36.372	875.952	570.482
36.803	875.707	570.766
36.748	875.467	570.917
36.625	875.363	570.974
36.562	875.095	570.491
36.767	875.325	570.386
36.786	876.365	569.684
36.346	876.181	570.422
36.639	875.744	571.024
36.612	875.566	570.953
36.947	875.458	569.766
36.742	875.406	569.769
36.316	875.553	570.467
36.457	876.034	570.784
37.003	876.096	570.602
36.839	875.450	570.422
36.592	875.695	570.058
36.852	876.228	569.728
37.053	876.421	570.111
36.477	875.960	571.037
36.715	875.612	571.119
36.723	874.916	571.075
36.679	875.120	571.299
36.321	875.798	570.319
36.620	876.079	570.126
36.678	875.808	570.079
36.567	876.807	569.601
36.577	876.920	570.013
36.308	876.945	570.233
36.319	876.721	570.422
36.568	876.424	570.786
36.842	876.093	570.542
36.701	875.897	570.765
36.428	875.784	571.730
36.719	876.025	571.088
36.724	875.838	570.180
36.694	875.710	570.893
36.411	875.880	571.010
36.542	875.876	570.322
36.869	876.169	570.436
36.686	876.841	570.807
36.322	876.527	570.669
36.537	876.662	570.253
36.790	876.225	570.746
36.779	875.995	571.123
36.866	876.389	570.057
36.237	876.084	569.933
36.662	876.088	569.885
37.183	876.135	570.077
36.376	875.698	570.844
36.674	875.334	571.023
36.745	875.242	571.211
37.100	875.166	570.324
36.847	874.987	570.449
36.923	875.280	570.469
36.867	875.885	570.284
35.970	877.079	570.130
36.522	876.569	571.262
36.923	876.902	570.517
36.567	876.218	570.999
36.731	876.328	570.607
36.657	876.061	570.109
36.627	875.852	570.284
36.717	876.297	569.893
36.388	876.560	570.319
36.537	877.193	570.678
36.825	876.891	570.180
36.611	876.455	570.139
36.430	875.490	570.920
37.110	875.452	571.426
36.926	875.687	570.395
36.571	876.466	569.910
36.826	875.544	571.141
36.992	875.542	570.579
36.755	876.359	570.031
36.768	876.208	570.152
36.489	876.399	570.025
37.379	875.346	570.543
36.871	875.200	570.756
36.391	876.245	570.391
36.567	875.276	570.633
37.069	875.993	570.674
36.720	875.385	570.923
36.668	874.933	570.401
36.766	875.263	570.260
36.587	875.381	570.296
36.959	875.071	570.144
36.668	874.863	570.545
36.984	876.235	570.510
36.784	876.555	570.122
36.390	877.295	569.984
36.723	876.857	570.215
36.453	876.560	569.618
36.637	876.292	570.704
36.998	875.511	571.189
36.403	876.622	570.830
36.777	875.889	571.041
37.192	875.824	570.862
36.510	876.227	570.195
36.735	876.471	570.191
36.883	875.520	570.904
36.912	875.594	571.471
36.856	875.833	570.638
36.906	876.174	570.931
36.399	875.834	571.323
36.809	876.079	571.015
36.606	875.789	571.015
36.261	875.798	570.557
36.221	876.574	570.152
36.678	876.845	569.420
36.572	875.950	570.280
36.118	875.679	570.366
36.607	875.835	570.572
36.695	876.117	571.005
36.513	875.849	570.618
36.759	875.947	570.265
36.504	876.255	569.514
36.609	875.859	570.272
36.150	876.466	570.286
36.700	875.673	570.294
36.688	876.558	570.585
36.408	876.105	571.199
36.832	876.179	570.709
36.456	875.786	571.286
36.192	875.714	570.759
36.953	876.127	570.922
36.885	875.974	570.929
36.705	875.743	570.232
36.866	876.085	570.309
36.695	875.959	570.357
36.651	875.390	570.685
36.735	875.551	570.217
36.800	876.189	570.242
36.502	876.027	570.229
36.579	875.964	570.381
37.262	875.796	570.422
36.720	876.743	570.534
37.000	877.187	570.260
36.255	876.794	570.367
37.081	876.832	570.145
36.807	876.783	570.214
36.467	876.208	570.750
36.803	875.827	570.408
36.900	876.031	570.402
36.877	876.227	569.925
37.259	875.422	570.190
36.636	875.811	569.919
36.761	875.738	570.451
36.782	875.963	570.114
36.658	875.706	570.571
36.312	876.350	570.875
36.677	876.431	570.745
36.900	876.039	570.149
37.086	876.253	569.939
36.486	875.200	570.888
37.067	875.098	570.627
36.836	875.715	570.304
36.501	875.851	570.578
36.663	876.409	570.396
36.928	876.275	570.044
36.735	875.440	570.452
36.713	875.397	569.866
36.996	875.714	569.920
36.629	875.708	570.703
37.045	876.137	570.478
36.693	875.815	570.288
36.648	876.233	569.996
36.602	875.803	570.526
36.445	876.107	570.429
36.531	876.674	569.868
36.903	876.265	570.098
36.519	875.675	571.218
36.771	876.014	570.056
36.442	876.409	569.957
36.602	876.129	570.225
36.356	876.083	570.295
36.359	875.689	570.423
37.081	876.183	570.112
36.757	876.271	570.026
36.590	875.550	570.689
36.789	876.444	570.542
36.719	876.016	571.320
37.098	876.836	570.250
36.469	876.854	570.212
36.802	877.151	570.097
36.280	875.968	571.150
36.971	875.380	570.230
36.783	875.548	569.725
36.269	875.267	571.289
36.814	875.527	570.766
37.189	875.787	570.398
36.964	876.008	570.175
36.576	876.277	570.312
36.725	876.452	569.824
36.974	876.152	570.209
37.161	875.750	570.522
36.444	876.081	571.023
36.553	875.951	570.792
36.100	876.007	571.136
36.602	876.211	570.716
36.976	876.381	569.712
36.569	875.934	570.482
36.679	875.905	570.729
36.605	875.980	570.902
36.443	875.835	571.154
37.044	876.245	571.067
36.638	876.216	570.611
36.588	875.973	570.791
36.668	875.457	570.748
36.326	875.936	569.899
36.791	875.567	570.697
36.799	875.850	570.927
36.803	875.846	570.855
36.334	875.733	571.061
36.603	875.884	570.668
36.686	876.450	569.760
36.338	875.790	570.098
36.516	876.073	570.169
36.547	875.860	571.088
36.674	875.875	570.715
36.596	875.933	570.282
36.475	875.639	570.711
36.638	875.994	571.004
36.583	875.841	570.793
36.516	875.835	570.366
36.394	875.982	570.439
36.562	876.289	570.665
36.649	875.836	571.320
36.749	875.555	570.815
36.483	875.870	570.466
37.107	875.373	570.738
36.370	875.597	570.596
36.770	875.355	570.323
36.510	875.864	569.553
36.275	875.925	570.026
36.700	876.140	570.509
36.672	875.806	571.060
36.402	875.744	571.351
37.288	875.486	571.148
36.830	875.277	570.690
36.539	875.367	570.648
36.520	875.994	570.168
37.113	876.015	570.402
36.845	876.441	569.703
36.528	876.245	570.012
36.734	876.425	570.498
37.122	876.553	570.132
36.392	876.742	570.052
36.360	876.594	570.519
36.653	875.879	571.144
36.580	875.641	570.854
36.830	876.225	570.626
37.087	876.061	570.344
36.449	875.185	570.160
36.391	875.348	570.159
36.505	875.365	570.634
36.995	875.287	570.688
36.465	875.570	570.381
36.799	875.930	570.449
36.706	876.085	570.250
36.680	876.095	569.905
36.671	875.436	570.947
36.841	876.012	570.532
36.486	875.498	571.196
36.240	875.409	570.578
36.820	875.672	570.267
36.736	875.906	570.370
36.819	875.465	570.391
36.807	874.532	570.855
36.875	875.201	571.098
36.818	875.198	570.614
36.304	875.511	570.591
36.631	875.753	570.931
36.607	875.723	570.492
36.556	876.104	570.491
36.572	875.948	570.698
36.653	875.905	570.478
36.738	875.592	570.999
36.438	875.897	571.123
36.693	875.762	571.200
36.848	875.976	569.962
36.680	876.416	569.891
36.567	876.055	570.285
36.072	876.036	570.229
36.641	876.165	570.608
36.191	876.304	570.487
36.469	875.709	570.162
36.331	876.082	570.219
36.503	875.931	570.234
36.743	875.324	570.423
36.779	875.428	570.270
36.813	875.068	569.798
36.698	875.560	570.565
36.873	876.114	570.427
36.639	876.350	569.952
36.537	875.685	570.530
36.607	875.907	570.863
36.871	876.006	570.247
36.386	875.554	571.223
36.611	876.201	570.805
36.984	875.793	571.096
36.623	876.078	571.057
36.386	875.969	570.325
36.496	876.762	569.839
36.512	876.049	570.738
36.699	876.335	570.578
37.088	876.005	570.434
36.277	875.609	570.565
36.705	876.366	569.816
36.472	876.514	569.819
36.913	876.610	570.576
36.642	876.454	570.515
36.696	875.676	571.153
36.661	875.841	570.890
36.445	875.473	571.797
36.798	876.182	570.744
36.444	875.940	570.846
36.641	875.667	571.402
37.004	875.319	570.764
36.895	875.386	570.429
36.655	875.470	570.468
36.688	875.324	570.254
36.602	875.668	569.890
36.286	876.162	570.179
37.054	876.295	570.071
36.492	876.318	569.768
36.498	875.360	570.727
36.720	876.005	570.429
36.242	875.944	570.565
37.127	875.753	570.614
36.773	876.013	570.676
36.559	875.758	570.375
36.701	875.451	570.861
36.797	875.350	570.920
36.544	875.490	570.498
36.900	875.180	570.383
36.231	875.070	570.925
36.310	875.841	570.038
36.486	876.068	570.259
36.627	875.715	570.352
36.381	875.626	570.613
36.799	875.330	571.002
36.381	874.880	571.057
36.230	875.744	570.495
36.334	875.867	570.575
36.652	875.883	570.736
36.407	876.071	570.447
36.851	875.296	570.307
36.594	874.835	570.581
36.758	875.349	570.909
37.084	875.435	570.865
36.597	876.079	570.520
36.180	876.107	570.976
36.452	875.736	570.864
36.638	876.010	570.761
36.486	876.324	571.103
36.754	875.523	570.781
36.383	876.003	570.823
36.788	876.119	571.103
36.225	875.595	571.441
36.429	876.114	571.402
36.724	876.034	571.492
36.684	875.956	570.441
36.621	876.425	570.180
36.465	875.466	570.568
36.458	875.501	570.329
36.447	875.843	570.221
36.462	875.722	570.445
36.532	875.925	570.608
36.668	876.116	570.315
36.735	875.556	570.785
36.263	875.953	570.902
36.712	876.232	570.101
36.721	876.321	570.133
36.662	875.559	570.814
37.015	875.806	570.436
36.555	876.377	570.225
36.476	876.171	570.142
36.481	875.866	571.192
36.528	875.928	570.797
36.472	875.739	571.275
36.896	875.368	571.424
36.584	875.992	570.467
36.362	876.133	570.697
36.510	875.240	570.743
36.475	874.993	570.676
36.618	875.405	570.324
36.415	875.105	570.392
36.601	875.569	570.172
36.623	875.254	570.522
36.952	874.740	570.946
36.839	874.862	571.469
36.216	876.084	570.117
36.445	876.072	570.514
36.615	874.525	571.856
37.168	875.353	571.136
36.728	875.328	570.701
36.653	875.513	570.256
36.360	876.028	570.141
36.962	876.034	570.273
36.320	876.183	570.313
36.750	875.517	570.754
36.431	876.059	570.644
36.508	875.137	570.264
36.628	875.336	570.038
36.369	875.814	570.095
36.884	875.811	570.647
36.817	875.797	571.223
36.412	876.313	569.850
36.755	875.850	571.326
36.587	876.330	570.491
36.843	876.110	570.312
36.268	875.921	570.527
36.388	875.629	570.914
36.568	875.651	570.771
36.817	875.827	571.021
36.505	875.376	570.182
36.684	875.053	570.843
36.409	875.371	571.203
36.700	875.510	570.792
36.468	875.160	571.869
36.660	875.031	571.634
36.300	875.472	571.314
36.575	875.620	570.065
36.027	877.083	569.764
36.259	876.418	570.195
36.371	876.058	570.371
37.002	875.860	570.437
36.404	876.895	569.436
36.355	876.354	569.798
36.107	876.470	570.040
36.576	876.289	570.003
36.405	875.739	570.075
36.487	875.452	570.614
36.345	875.060	571.487
36.471	874.961	571.123
36.836	875.237	570.099
36.475	876.542	569.733
36.598	876.370	570.587
36.593	875.610	571.064
36.485	875.433	570.459
36.620	875.388	569.839
36.424	875.871	569.469
36.155	875.661	569.918
36.774	875.980	570.505
36.434	876.241	570.078
36.605	875.949	570.981
36.870	876.315	569.708
36.637	875.384	570.778
36.414	875.372	570.529
36.563	875.099	571.031
36.905	875.574	570.533
36.220	876.042	570.060
36.504	876.000	570.607
36.507	875.611	571.419
36.337	875.781	571.278
36.595	875.678	571.101
36.674	875.555	571.579
36.236	876.491	570.424
36.832	875.369	570.327
36.300	875.991	569.890
36.483	875.621	570.202
36.706	876.370	570.340
36.283	875.913	569.854
36.482	875.776	570.756
36.070	876.004	571.035
36.528	875.576	570.984
36.704	876.074	570.782
35.978	875.716	570.790
36.302	875.465	570.674
36.736	875.919	569.977
36.724	876.216	570.189
36.513	875.895	570.510
36.672	875.804	571.155
36.991	875.172	570.359
36.350	875.445	570.562
36.740	875.464	571.255
36.069	874.642	570.588
36.486	875.215	570.523
36.501	876.004	570.608
36.399	876.155	570.879
36.348	876.029	570.952
36.518	876.028	570.618
36.356	875.673	571.536
36.839	875.732	571.547
36.476	876.034	570.869
36.516	875.854	570.724
36.577	875.269	571.481
36.708	875.188	570.675
36.610	876.074	570.204
36.849	875.539	570.000
36.327	875.683	570.700
36.143	875.896	570.933
36.875	875.715	570.673
36.639	875.769	570.920
36.335	875.843	570.978
37.136	875.937	570.629
36.834	875.883	570.664
36.540	875.832	571.292
36.819	876.540	570.424
36.396	876.294	570.469
36.405	876.335	569.746
36.345	875.972	570.644
36.921	875.562	570.480
36.368	875.965	570.493
36.480	875.467	570.991
36.845	875.301	570.642
36.882	875.615	570.255
36.793	876.177	570.697
36.254	876.027	570.772
36.494	876.280	570.643
36.341	875.967	570.997
36.654	876.064	570.830
36.545	875.910	570.506
36.844	876.019	570.650
36.313	875.818	570.844
36.380	876.073	570.171
36.431	875.899	570.461
36.485	875.708	570.305
36.846	875.896	570.638
36.771	875.589	571.224
36.621	876.076	570.562
36.194	875.827	570.860
36.705	875.422	571.251
36.682	875.955	569.847
36.504	876.191	569.597
36.432	875.839	570.459
36.452	876.107	569.998
36.493	876.668	569.891
36.859	876.760	569.424
36.484	876.441	569.858
36.384	875.173	570.851
36.393	874.925	571.083
36.282	875.101	571.049
36.673	876.174	569.809
36.824	875.804	570.259
36.407	875.779	569.808
36.579	875.913	570.398
36.287	875.641	570.472
36.554	875.902	570.211
36.134	876.141	570.376
36.720	876.297	570.365
36.649	875.402	570.657
36.278	875.686	570.720
36.139	876.281	570.544
36.871	876.341	570.643
36.841	875.926	571.158
36.508	876.814	570.372
36.364	876.540	569.969
36.923	876.709	569.574
36.550	876.442	570.221
36.719	875.771	570.386
36.646	875.922	569.906
36.406	874.648	571.259
36.359	875.190	571.028
36.546	875.457	570.569
36.584	876.386	570.409
36.381	876.262	569.683
36.861	875.597	570.383
36.687	875.447	570.552
36.685	875.316	571.653
36.788	874.441	571.615
36.631	874.893	570.324
36.780	875.277	570.094
36.450	875.162	570.424
36.936	875.258	569.705
36.600	875.783	569.582
36.486	875.626	570.146
36.321	875.433	570.825
36.435	874.982	570.749
36.360	875.272	570.442
36.573	875.377	570.884
36.779	875.772	570.835
36.435	875.825	570.592
36.576	875.707	571.467
36.627	875.670	570.933
36.317	875.885	570.970
36.664	876.527	570.026
36.290	876.135	570.412
35.980	876.399	570.647
36.574	875.764	570.705
36.469	875.843	570.670
36.445	875.496	570.316
36.177	876.324	570.346
36.539	875.951	570.470
36.349	876.154	569.883
36.443	876.307	570.477
36.832	875.759	569.736
36.155	875.634	570.076
36.236	875.199	570.436
35.902	875.758	570.086
36.217	875.178	570.562
36.360	875.700	570.495
36.369	875.814	570.573
36.523	875.814	570.808
36.620	875.693	571.067
36.682	875.674	570.959
36.459	875.663	570.379
36.475	875.601	570.860
36.638	875.641	571.036
36.667	875.464	571.088
36.890	875.442	571.043
36.641	875.477	570.155
36.265	875.157	570.550
36.281	874.945	570.905
36.563	875.259	571.692
36.856	874.932	571.177
36.969	874.996	570.820
36.345	874.936	570.443
36.498	874.393	570.447
36.479	874.483	570.069
36.225	875.418	569.838
36.626	875.899	570.033
36.233	875.937	569.854
35.994	876.355	570.052
37.134	876.356	569.890
36.311	876.139	570.074
36.368	875.699	571.013
36.205	875.761	571.290
36.369	876.159	570.352
36.278	875.716	569.514
36.389	876.520	570.487
36.478	875.530	571.815
36.433	875.816	570.261
36.326	875.605	570.536
36.239	875.920	570.468
36.464	876.368	570.340
36.266	876.499	570.579
36.406	875.520	570.721
36.550	875.848	570.369
36.462	876.374	570.240
36.417	875.485	571.094
36.392	875.514	570.844
36.129	875.832	570.965
36.477	876.125	570.319
36.491	875.999	569.734
36.422	876.176	570.604
36.521	876.283	570.700
36.173	875.807	570.781
36.519	875.653	571.213
36.637	875.377	570.875
36.242	875.539	570.786
36.831	875.761	570.472
36.232	876.341	570.729
36.219	875.983	570.926
37.065	875.867	570.639
36.413	875.623	570.670
36.417	875.770	570.946
36.323	875.577	570.492
36.387	876.087	570.364
36.643	876.295	569.750
36.346	875.711	570.545
36.604	875.811	570.428
36.650	875.412	571.021
36.473	875.211	571.017
36.657	875.958	570.180
35.990	876.404	570.286
36.596	875.590	570.933
36.504	876.186	570.656
36.553	875.744	570.623
36.403	875.230	571.604
36.529	874.276	571.562
36.714	874.618	571.042
36.588	875.253	570.732
36.284	876.060	570.427
36.736	875.648	570.534
36.408	875.818	571.111
36.370	875.737	571.109
36.653	876.542	570.348
36.139	876.594	571.014
35.871	876.518	570.777
35.794	876.706	570.365
36.210	876.068	571.258
36.457	875.526	570.844
36.320	876.348	569.690
36.269	876.231	570.725
36.764	876.197	570.178
36.108	876.188	569.528
36.744	875.577	569.717
36.516	875.228	570.806
36.095	875.956	570.437
36.474	875.678	569.876
36.204	875.438	570.728
36.489	876.308	569.582
36.609	875.934	570.560
36.469	876.556	570.435
36.450	876.779	569.841
36.414	876.541	570.017
36.585	876.462	570.021
36.223	876.134	570.436
36.340	875.718	570.326
36.277	876.232	570.687
36.580	875.092	571.236
36.283	875.961	570.135
36.405	876.283	570.427
36.305	875.978	569.767
36.564	875.599	570.148
36.456	876.362	569.870
36.518	875.501	570.322
35.902	875.608	570.652
36.493	875.818	570.192
36.462	876.428	570.099
36.674	876.048	570.077
36.240	876.049	570.357
36.616	875.469	570.445
36.519	875.221	570.967
36.616	874.975	570.945
36.806	876.039	570.122
36.084	876.254	570.185
36.496	875.303	570.943
36.926	875.733	570.812
36.044	875.869	570.123
36.141	875.732	570.209
36.276	875.082	571.253
36.468	875.719	570.193
36.516	876.023	570.570
36.368	875.524	570.877
36.360	875.781	571.480
36.338	875.216	570.336
36.672	875.768	570.049
36.165	875.464	570.161
36.458	875.393	570.405
36.340	875.059	570.392
36.588	875.479	569.701
36.513	875.592	570.041
36.647	875.568	570.641
36.463	875.531	571.456
36.763	875.659	570.553
36.243	875.887	571.351
36.455	875.890	570.561
36.602	875.964	570.676
35.961	876.746	570.505
36.766	876.795	570.471
36.754	875.999	570.612
36.656	876.021	570.701
36.614	876.089	570.751
36.242	875.598	570.626
36.868	876.508	570.144
36.462	876.287	569.916
36.620	875.096	571.444
36.443	876.164	570.239
36.521	875.920	569.872
36.706	875.156	571.012
36.898	875.379	570.631
36.396	875.509	570.772
36.095	875.509	570.714
36.118	876.102	570.457
36.186	875.828	570.568
36.213	876.016	571.040
36.805	876.058	571.271
35.977	876.021	570.873
36.340	876.061	570.889
36.237	875.855	570.801
36.142	875.994	570.767
36.687	875.464	571.055
36.643	875.550	570.244
36.616	875.048	570.842
36.713	874.504	571.772
36.121	876.418	570.590
36.348	876.859	569.647
36.307	876.812	570.643
36.599	876.483	570.207
36.419	876.311	570.725
36.506	876.069	570.908
36.251	876.015	570.160
36.348	875.733	570.554
36.494	875.643	570.743
36.413	875.728	571.000
36.597	875.787	570.696
36.859	876.280	570.850
36.208	875.622	570.588
36.331	876.247	570.287
36.000	875.262	570.703
36.264	874.896	570.730
36.554	874.633	570.863
36.061	874.889	571.100
36.286	875.117	570.302
36.794	875.017	570.469
36.330	875.622	570.370
36.054	876.038	570.562
36.523	875.577	570.856
36.553	876.112	570.187
36.566	875.522	570.340
36.150	875.134	571.223
36.530	875.141	570.915
36.401	875.894	570.233
36.300	875.905	570.159
36.502	875.862	570.454
36.292	876.048	570.811
36.319	876.015	570.362
36.264	876.038	570.415
36.282	875.615	570.536
36.238	876.264	570.363
36.728	875.035	570.927
36.980	875.049	570.796
36.663	875.113	571.012
36.269	875.116	570.733
36.267	874.814	571.010
36.070	875.207	570.742
36.541	875.016	570.764
36.377	875.680	570.330
36.315	875.860	570.276
36.146	875.738	570.303
36.638	876.371	569.925
36.488	875.632	570.418
36.388	876.026	570.375
35.924	875.765	571.021
36.152	876.118	570.575
36.492	875.970	570.461
36.357	875.471	570.667
36.047	875.705	570.976
36.867	876.214	570.492
36.618	876.017	570.159
36.569	875.843	570.437
36.327	875.286	570.689
36.435	875.418	570.500
36.626	875.313	570.397
35.720	875.461	570.241
36.148	875.573	570.156
36.195	876.191	570.395
36.801	875.893	570.570
35.824	876.452	570.547
36.021	876.173	570.953
36.455	876.388	570.806
36.418	874.862	571.904
36.796	875.142	570.970
36.775	874.499	571.039
36.287	875.047	570.546
36.298	875.112	570.463
36.752	875.494	570.526
36.546	875.392	570.390
36.542	876.322	569.813
35.961	875.884	570.399
36.350	875.914	569.891
36.137	875.662	570.877
36.503	875.710	570.084
36.824	875.387	570.228
36.656	875.330	570.104
36.428	874.678	570.624
36.560	875.450	571.265
36.448	875.523	570.397
36.103	876.206	570.246
36.601	875.963	570.035
36.154	876.280	569.898
36.347	875.569	570.314
36.436	875.789	570.669
36.415	875.822	570.967
36.554	875.213	570.891
36.225	875.530	570.054
36.564	876.014	569.880
36.514	875.804	570.319
36.220	875.593	570.752
36.152	875.775	570.826
36.415	875.849	570.501
36.559	875.576	570.244
35.982	875.832	570.176
36.338	875.798	570.400
36.586	875.753	570.197
36.345	876.031	570.832
36.611	875.407	571.192
36.339	875.761	570.390
36.665	875.252	570.622
36.549	875.311	570.544
36.729	876.219	570.035
36.568	875.555	570.377
36.614	875.734	570.448
36.417	875.230	571.049
36.793	875.427	570.475
36.189	875.656	569.951
36.353	876.475	570.662
36.484	876.520	570.300
36.324	876.539	570.350
35.872	876.376	570.291
36.406	876.051	570.320
35.810	875.733	570.870
36.532	875.879	570.849
36.091	876.544	569.792
36.567	876.231	570.646
36.219	876.072	570.759
36.541	876.008	570.439
36.091	875.642	570.370
36.393	876.098	570.183
36.238	875.866	571.174
37.048	875.516	571.477
36.331	876.005	570.786
36.412	875.691	570.226
36.109	876.676	569.655
36.240	876.407	570.129
35.815	875.695	570.102
36.405	875.618	570.465
36.407	876.127	570.726
35.964	876.672	571.083
36.175	876.419	570.152
36.086	875.775	570.927
36.302	875.810	570.852
36.601	874.841	570.999
36.104	875.134	571.278
36.421	875.833	571.042
36.320	875.703	571.334
36.690	875.718	571.049
36.528	876.405	570.557
35.719	875.680	570.856
36.213	875.612	570.780
36.244	875.352	570.726
36.440	874.794	571.029
36.593	875.790	570.356
36.171	875.906	571.038
36.488	876.145	571.100
36.558	875.600	571.536
36.588	875.399	571.210
36.413	874.999	571.070
36.273	874.778	571.488
36.218	875.696	570.186
36.589	875.576	570.194
36.326	875.573	570.283
36.665	876.125	569.903
36.623	876.581	570.039
36.388	877.383	569.640
35.905	876.161	570.574
36.224	875.143	571.356
36.233	875.752	570.539
36.337	875.701	571.056
36.245	875.629	571.219
36.417	875.994	571.074
36.468	875.807	570.737
36.446	875.493	570.988
36.288	875.662	570.761
36.353	875.741	570.540
36.086	876.362	570.400
35.966	875.393	570.441
36.542	875.265	570.351
36.138	875.311	570.971
36.239	875.482	570.803
36.442	875.086	570.792
36.427	875.444	570.234
36.346	875.122	570.673
36.684	874.956	570.695
36.673	875.425	570.451
36.348	875.701	570.326
36.180	876.460	569.561
36.001	876.258	570.090
36.389	875.784	570.216
36.567	875.283	570.906
36.645	875.056	570.532
36.481	875.326	570.071
36.180	875.677	570.340
36.308	875.753	569.971
36.130	876.445	570.731
36.160	875.754	570.689
36.229	875.900	570.893
36.497	875.956	571.153
36.502	875.713	570.515
36.050	875.645	571.101
36.560	875.670	570.738
36.694	875.328	571.468
36.373	875.328	570.848
36.684	874.363	571.189
36.285	875.094	570.523
36.140	875.572	571.135
36.053	875.590	570.897
36.220	875.765	570.868
36.351	875.390	571.145
35.976	875.496	570.834
36.176	875.495	571.082
36.514	875.054	570.965
36.407	874.901	570.814
36.536	875.325	570.737
36.475	875.252	570.596
36.257	875.182	571.153
36.617	874.796	571.260
36.161	876.170	570.291
36.362	876.375	570.222
36.366	875.717	570.470
36.545	875.682	571.183
36.491	876.137	570.689
36.373	876.121	570.850
36.247	876.031	571.072
36.351	876.209	570.424
36.220	875.816	570.182
36.386	875.654	570.631
36.092	875.965	570.431
36.393	875.921	570.656
36.336	875.937	571.204
36.427	876.174	570.550
36.608	875.454	572.222
36.403	875.334	571.359
36.223	875.678	571.232
36.459	875.350	570.620
36.323	875.271	570.757
36.431	875.125	570.824
36.471	875.180	571.644
36.687	874.930	571.130
36.265	875.382	571.267
36.576	875.581	569.912
36.391	875.564	570.905
36.103	875.901	570.497
36.173	875.293	571.063
36.418	875.059	571.466
36.444	875.533	571.620
35.842	876.020	571.558
36.544	875.313	571.740
36.345	875.973	571.317
35.820	875.966	570.438
36.167	875.356	570.902
36.052	875.501	570.584
36.332	875.509	570.649
36.071	875.973	571.244
36.433	875.791	570.493
36.222	876.195	570.182
36.229	875.838	570.867
35.961	875.992	571.496
35.874	875.785	570.551
36.651	875.445	570.763
36.565	875.839	570.532
36.029	876.344	570.453
35.791	876.411	570.148
36.218	876.242	570.111
36.520	875.479	570.891
36.053	875.205	571.021
36.500	875.793	570.918
36.400	875.644	570.799
36.363	875.647	571.200
36.780	875.943	571.036
35.919	875.918	570.739
36.253	875.858	570.426
36.272	875.962	570.444
36.466	876.520	569.961
36.238	876.427	570.657
36.458	874.720	571.949
36.047	875.344	571.630
36.572	875.209	571.912
36.718	874.817	571.380
36.246	874.937	571.011
36.668	874.728	571.438
36.385	875.332	570.670
36.101	875.640	571.278
36.313	875.538	570.852
36.388	876.249	570.663
36.492	875.891	570.775
36.028	876.178	570.209
36.160	876.103	570.596
36.437	876.063	571.015
36.278	875.794	570.978
36.828	875.438	571.194
36.428	875.619	570.173
36.472	876.441	570.048
36.776	875.741	570.514
36.276	875.760	571.090
36.737	875.510	571.307
36.394	876.395	571.359
35.964	875.775	570.981
36.571	875.517	571.195
36.579	876.476	570.192
36.167	875.760	570.569
36.578	876.739	570.631
36.276	875.969	570.773
36.242	875.942	570.882
36.327	875.115	571.685
36.569	874.854	571.934
36.327	875.416	571.119
36.308	874.668	570.914
36.232	875.523	570.871
36.011	875.697	571.194
36.471	875.332	572.048
36.895	875.222	571.743
36.412	875.520	571.063
36.014	875.712	570.596
36.601	875.617	570.716
36.501	876.347	570.295
36.206	875.861	570.335
36.527	876.001	570.729
36.342	874.972	570.994
36.428	875.880	571.007
36.278	875.667	570.482
36.240	875.734	570.654
35.894	876.348	570.724
36.060	875.644	570.703
36.313	875.801	570.692
36.679	876.106	570.399
35.748	876.503	570.522
36.089	876.136	570.494
36.018	875.879	570.590
36.327	875.599	571.777
36.142	875.670	571.351
35.660	876.328	571.108
35.996	875.694	570.623
36.411	875.839	571.259
36.122	875.992	571.320
36.776	875.307	571.170
36.369	875.663	570.322
36.079	875.289	570.453
35.986	875.579	570.200
36.960	875.925	570.719
36.316	875.851	570.819
36.030	877.066	569.760
36.115	877.008	570.351
36.088	876.324	569.804
36.027	875.544	570.933
36.431	876.256	570.436
35.873	875.778	570.797
36.209	875.983	570.358
36.226	876.019	570.150
36.597	875.625	570.793
36.361	875.979	570.291
35.704	876.108	570.626
36.357	876.368	570.768
36.271	876.227	570.905
35.754	876.359	571.013
36.011	875.566	571.292
36.030	875.945	570.699
36.336	875.659	570.813
36.170	875.707	570.981
36.230	875.471	571.397
36.377	875.126	571.492
36.633	875.117	571.638
36.660	875.512	570.921
36.095	875.461	571.115
36.186	874.594	571.176
36.226	875.206	571.171
36.318	874.810	571.366
36.307	875.230	571.402
36.310	875.316	570.724
36.543	875.776	570.241
36.364	875.010	570.899
36.490	875.467	570.965
36.348	875.302	570.795
36.440	875.114	570.607
36.187	874.527	571.494
36.610	875.027	570.816
36.495	875.068	570.906
35.992	875.341	571.138
36.390	875.571	570.857
36.139	875.829	570.602
36.171	875.940	570.905
36.434	875.285	571.065
36.410	875.243	570.592
36.482	874.575	571.321
36.797	875.318	570.683
36.126	875.771	570.622
36.298	876.037	570.781
36.495	875.991	571.088
36.239	876.003	571.208
36.444	876.048	570.511
36.067	875.717	571.078
36.166	875.754	571.174
36.700	875.391	570.535
36.585	875.472	570.737
36.555	875.031	570.873
36.543	875.119	571.220
36.732	875.165	570.638
36.386	875.228	570.590
36.151	875.358	570.431
36.489	875.669	569.798
36.412	875.571	571.272
36.358	875.346	570.399
35.999	875.608	569.507
36.014	875.626	570.227
36.321	875.595	570.718
36.348	875.952	570.355
36.106	876.282	570.065
36.515	875.618	570.023
36.157	875.918	570.259
36.583	875.896	570.402
36.083	876.284	570.863
36.426	875.049	571.126
36.247	875.623	570.383
36.629	876.200	569.912
36.392	876.118	570.181
36.137	875.337	570.991
36.221	874.696	570.859
36.506	874.721	571.238
36.399	875.140	570.227
36.227	875.063	570.299
36.205	875.316	570.821
36.961	875.286	570.274
36.303	875.032	570.440
36.210	874.980	570.747
36.469	874.430	570.919
36.216	874.644	570.718
36.217	875.363	570.315
36.333	875.303	570.310
36.341	875.525	570.640
36.315	876.054	570.751
36.388	876.358	570.562
36.374	876.190	570.620
36.183	875.891	570.911
36.654	875.905	570.503
36.210	876.101	570.730
36.180	875.632	571.550
36.264	875.579	571.542
36.730	875.789	571.056
36.862	875.349	571.014
36.536	875.242	570.975
36.202	875.012	570.941
37.041	875.266	570.772
36.722	874.921	570.303
36.146	875.444	570.322
36.175	875.483	570.624
36.683	875.561	570.419
36.184	875.952	570.129
36.002	875.984	570.640
36.308	876.804	570.395
36.190	876.563	569.711
35.872	876.007	570.351
36.164	876.401	569.991
35.973	875.092	571.106
36.353	875.636	570.961
35.909	876.197	570.429
36.354	875.744	570.409
35.924	875.979	570.508
36.012	876.077	570.820
36.403	875.772	570.821
36.416	875.871	570.660
35.884	875.979	570.689
36.004	875.441	571.424
36.006	875.175	570.864
36.226	875.284	571.134
36.430	875.388	570.191
36.427	875.200	570.390
35.840	875.384	571.323
36.098	875.166	569.973
36.514	875.014	570.215
36.136	875.768	569.741
36.096	875.945	569.919
36.602	876.039	569.679
36.218	876.081	569.822
36.418	876.047	570.545
35.787	875.858	570.552
36.252	876.145	570.451
36.553	875.858	570.268
36.065	875.677	570.608
35.914	875.623	571.100
36.297	876.051	570.662
36.187	875.630	570.751
36.377	875.980	570.793
36.400	875.299	571.395
36.582	875.459	570.589
36.487	875.530	571.486
36.745	875.787	570.816
36.179	875.371	571.055
36.023	874.790	570.638
36.331	875.569	570.224
36.075	875.473	570.988
36.524	875.005	571.144
36.265	874.895	570.731
36.264	875.221	570.589
36.440	874.280	572.319
36.483	874.462	571.354
35.893	875.034	570.229
35.983	876.076	570.228
36.011	875.911	570.113
35.937	875.394	571.495
36.160	875.154	571.528
36.451	875.529	571.389
36.227	875.171	571.548
36.358	875.304	570.986
36.597	875.581	571.268
36.140	875.521	571.462
36.020	875.980	571.139
36.237	876.326	571.018
36.094	875.951	570.929
36.486	876.250	570.162
36.620	875.545	570.412
36.218	876.437	570.652
35.807	875.862	571.282
36.616	875.262	570.961
36.447	875.040	571.519
35.996	875.186	571.440
36.738	875.560	570.506
36.245	875.350	571.363
36.159	875.243	571.084
36.447	875.516	570.299
35.893	875.960	570.280
36.284	875.617	570.339
36.339	875.932	569.895
36.139	875.008	570.355
36.167	875.153	570.740
36.362	875.095	571.962
36.210	875.939	571.646
36.141	875.810	571.395
36.382	875.807	570.582
36.382	875.767	571.421
35.924	876.191	570.840
36.492	875.728	570.987
36.329	875.542	571.355
36.141	875.615	571.101
36.230	875.786	570.814
36.315	875.679	570.807
36.077	875.748	570.779
35.828	876.247	570.297
36.068	875.677	570.982
36.259	874.857	571.685
36.479	875.747	571.235
35.861	875.568	571.354
35.861	876.104	570.369
36.031	875.496	570.678
36.074	876.302	571.098
36.489	875.717	570.501
36.413	875.962	570.623
36.425	876.628	571.513
35.843	875.966	571.224
36.265	875.823	570.836
36.066	875.979	570.982
36.280	875.919	570.574
36.427	875.572	571.035
36.192	875.127	570.996
36.356	875.034	571.772
36.323	875.368	571.774
36.231	874.507	571.902
36.576	875.306	571.443
36.589	875.211	571.038
36.427	875.282	570.854
35.982	875.527	570.778
36.194	875.960	570.562
36.242	876.350	570.885
35.812	876.148	570.893
36.425	875.807	570.508
36.416	876.033	570.834
36.388	875.967	571.095
36.352	876.023	570.541
36.360	875.698	571.158
35.679	875.798	570.944
36.491	876.232	570.516
36.439	875.597	571.281
36.264	875.318	570.922
36.382	874.695	572.322
36.471	874.882	571.946
36.130	875.631	571.294
36.182	875.121	571.268
36.462	874.937	571.273
36.179	875.694	570.573
36.092	875.603	571.262
36.574	875.719	570.792
36.218	876.067	570.502
36.327	875.863	571.489
36.564	876.129	570.320
36.024	875.921	570.053
35.999	876.031	570.052
36.015	875.997	570.705
36.167	876.140	570.984
35.982	876.011	571.012
36.311	876.031	570.976
36.474	875.340	571.139
36.234	875.788	571.042
35.981	875.741	570.537
36.037	875.648	570.808
36.604	876.034	571.013
36.149	876.502	570.522
36.181	875.746	570.819
36.158	876.098	570.780
36.012	875.913	571.017
36.406	875.136	571.170
36.310	874.813	571.792
35.876	875.420	571.415
36.505	874.989	570.491
36.355	875.512	570.058
36.444	876.105	570.391
36.114	875.630	570.498
36.123	875.882	570.939
36.086	876.291	570.332
35.880	874.878	571.341
36.552	875.421	570.908
36.469	875.079	571.331
36.308	874.858	571.263
36.407	875.345	570.712
36.267	875.101	571.696
36.276	874.702	571.230
36.008	875.799	570.983
36.275	876.078	570.753
35.841	876.489	571.001
36.244	876.165	570.443
36.932	876.073	570.226
36.176	876.332	570.410
35.896	875.657	570.971
36.016	875.964	571.211
36.573	875.091	571.055
36.033	875.577	571.036
35.794	877.268	570.094
36.191	876.279	570.248
35.901	876.100	570.542
36.153	876.512	571.442
36.091	876.116	570.848
36.266	875.279	571.141
36.272	875.083	570.480
36.017	875.161	570.158
36.308	875.291	570.656
36.013	874.794	572.014
36.404	875.899	571.336
36.614	875.845	571.301
36.259	875.979	570.733
36.121	876.419	570.490
36.024	875.664	570.224
36.196	875.949	570.230
36.226	875.219	570.444
36.081	875.413	570.414
35.847	875.984	570.935
36.024	875.990	570.827
35.934	875.967	570.815
36.436	875.767	570.926
36.096	875.922	570.654
35.970	875.614	571.578
36.056	875.587	570.761
36.375	875.355	570.991
35.848	875.888	570.545
36.175	875.460	571.159
36.287	875.903	570.546
36.090	875.653	571.056
36.292	875.315	571.671
36.548	874.979	571.010
35.830	875.680	570.252
36.224	875.529	570.965
36.583	875.605	571.163
36.251	875.942	570.608
36.220	875.438	571.731
36.554	875.594	571.497
36.478	875.539	570.645
36.042	875.802	570.720
36.380	875.206	570.958
35.923	875.482	569.926
35.940	875.115	570.198
36.208	874.939	571.284
36.157	875.773	570.501
36.130	875.968	570.966
35.835	876.041	570.420
35.965	875.819	570.661
36.505	875.531	571.413
36.149	875.986	570.847
36.587	875.427	571.026
36.483	875.573	570.132
36.480	875.599	570.445
35.966	875.903	570.501
36.398	875.459	571.036
36.451	875.354	570.719
36.427	875.062	571.521
36.669	875.308	571.464
36.276	875.866	570.570
36.401	875.347	571.081
36.298	875.439	570.612
36.433	875.506	570.751
36.463	876.132	571.049
36.022	875.797	571.202
36.010	875.690	571.132
36.458	875.622	570.937
35.942	876.041	570.933
36.152	875.765	571.068
36.453	875.380	570.663
36.103	875.372	570.462
36.083	875.636	570.141
35.897	875.820	569.818
36.219	875.914	570.634
35.757	875.607	570.937
36.206	875.646	570.592
36.345	875.435	570.662
35.887	875.592	571.441
36.283	876.474	570.247
36.037	875.878	570.495
36.400	876.085	570.293
36.033	875.660	570.464
36.397	875.543	570.908
36.297	876.175	570.477
36.040	875.681	569.826
36.769	875.939	570.260
35.961	876.229	570.368
36.362	876.255	569.682
36.218	875.671	570.729
36.179	876.326	570.749
36.275	875.943	570.538
36.503	876.175	570.488
35.985	875.595	570.411
36.290	875.416	570.889
36.351	874.922	571.102
36.037	875.135	571.242
36.257	875.151	571.035
36.146	875.143	571.683
36.070	875.127	571.480
36.677	875.769	570.088
35.813	875.509	570.358
36.212	875.957	570.153
36.128	875.810	570.140
35.736	875.963	570.503
36.227	875.729	570.849
36.125	875.905	571.004
36.235	875.569	570.850
36.326	876.137	570.844
36.194	875.883	570.676
36.320	875.776	570.599
35.919	876.087	570.829
36.395	875.375	571.098
36.090	875.886	570.927
36.492	875.657	570.739
36.336	876.290	570.533
36.221	876.026	570.755
36.313	875.346	571.120
36.059	875.381	571.256
36.177	875.942	569.883
35.960	875.783	570.827
35.909	875.861	571.389
36.208	875.998	570.948
36.490	876.046	570.889
36.378	875.558	571.270
36.096	875.610	570.497
36.188	875.854	570.592
35.662	875.978	571.034
36.073	876.137	570.463
35.927	876.237	570.018
36.293	875.506	571.128
36.288	875.971	570.666
36.096	875.683	571.164
36.167	875.631	570.410
36.062	875.946	571.068
35.963	875.645	571.271
36.399	876.191	570.659
36.055	875.668	570.643
36.587	874.875	570.840
36.026	875.712	570.788
36.001	875.830	571.294
36.278	875.814	571.000
36.399	876.322	571.008
36.293	875.347	570.817
36.042	875.776	571.107
36.306	875.636	570.827
35.698	875.886	571.410
36.115	875.808	570.819
36.090	875.641	570.535
35.724	876.263	570.678
36.559	875.394	571.006
36.632	875.445	570.166
36.265	875.524	570.641
36.309	874.985	571.487
36.107	875.315	570.332
35.801	875.961	569.856
36.493	875.489	570.529
36.102	874.947	571.411
36.727	875.235	570.689
36.652	874.819	571.183
35.605	875.030	571.362
36.038	875.721	571.123
35.891	875.749	570.875
36.248	875.889	570.967
36.258	875.610	570.880
36.110	875.956	571.011
36.255	875.788	571.267
36.141	875.832	570.901
36.087	876.112	570.554
36.205	876.111	570.378
35.940	875.910	570.900
36.499	875.887	570.745
36.036	876.021	570.761
36.380	875.199	571.032
36.292	875.009	571.506
36.339	874.977	570.968
36.342	875.158	570.912
36.231	875.186	570.679
36.500	874.907	571.178
36.203	874.873	571.170
36.106	875.141	571.004
36.503	875.414	570.477
36.239	874.738	571.021
36.249	875.567	571.181
36.254	876.238	569.943
35.631	875.818	570.099
36.220	875.756	571.431
36.436	876.205	570.840
36.220	875.776	570.831
36.237	876.016	571.368
36.083	875.784	571.173
36.148	875.094	571.127
36.482	874.886	571.631
36.211	875.204	571.427
36.229	875.729	570.397
36.108	875.820	569.984
36.368	875.956	569.554
36.284	875.190	570.776
35.860	874.939	570.926
36.473	875.557	570.303
36.505	875.468	570.502
36.095	875.168	571.156
35.915	875.252	570.522
36.094	874.714	571.024
36.057	875.356	570.786
35.905	875.515	571.016
36.035	875.975	570.007
35.933	875.775	570.766
36.341	875.820	571.627
36.039	876.051	571.859
36.154	875.872	571.788
36.124	875.784	571.361
36.124	875.631	571.093
35.844	875.365	571.274
36.432	875.369	571.369
36.077	875.187	571.135
35.811	875.833	570.644
36.122	875.559	571.274
36.267	875.071	570.763
35.991	875.607	570.415
36.086	875.731	570.425
35.914	876.198	570.379
35.833	875.287	570.908
36.485	874.756	571.020
36.296	875.024	571.132
36.262	875.389	570.080
36.172	874.789	570.384
35.917	875.465	570.030
36.257	875.283	570.158
36.088	874.887	570.269
35.668	875.937	570.444
36.042	876.104	570.272
36.019	876.086	569.845
35.586	875.470	571.257
36.281	875.074	571.175
35.873	875.680	570.668
35.928	875.361	570.963
36.206	875.327	570.756
35.687	874.923	570.973
36.665	875.586	571.093
36.069	875.962	571.026
36.532	874.928	571.197
36.266	875.257	570.523
36.299	874.910	571.738
36.540	875.432	571.112
36.252	875.700	570.782
36.166	875.778	570.805
36.151	875.441	571.031
36.160	874.958	570.555
35.998	875.452	571.133
36.511	874.936	571.066
35.856	874.852	570.912
36.452	875.503	570.060
36.113	875.877	570.080
36.124	875.380	570.748
36.374	875.056	571.063
36.450	875.194	571.147
36.338	875.521	570.933
36.463	875.747	571.625
36.238	875.971	571.573
36.207	875.377	571.825
36.307	875.462	571.296
36.061	874.887	571.780
36.489	874.030	572.432
36.612	874.754	570.540
35.864	875.645	570.959
35.533	875.833	571.243
36.465	876.160	570.965
36.385	875.708	570.706
36.416	875.434	570.691
36.078	874.926	570.271
35.994	875.080	571.376
36.192	874.792	571.415
36.156	874.923	571.032
36.267	875.137	571.163
36.462	875.112	571.002
35.950	876.036	570.870
36.729	875.586	570.648
36.309	875.521	570.844
36.243	875.190	571.374
36.045	874.529	570.945
36.051	874.971	571.551
36.509	874.950	571.333
36.177	875.653	570.395
36.321	875.771	569.603
36.105	876.112	570.472
35.930	875.711	570.594
35.972	876.177	570.547
36.528	875.756	570.378
35.894	876.112	570.651
36.045	876.054	570.402
36.326	876.187	570.244
36.245	876.044	570.449
35.843	875.979	570.587
36.073	875.440	571.238
36.347	875.682	569.832
36.509	875.715	570.387
36.402	875.604	570.169
36.006	875.346	570.736
36.525	874.925	570.693
36.127	874.827	571.091
36.277	875.694	571.232
36.381	875.138	571.015
36.240	875.790	570.747
36.124	875.483	571.000
36.082	875.348	571.098
35.857	875.324	571.169
36.075	875.519	570.808
36.332	874.920	571.423
36.250	875.634	570.654
36.430	875.774	570.110
36.315	875.808	570.423
36.132	875.904	570.488
36.006	875.456	570.132
36.289	875.029	569.927
36.637	875.097	570.600
36.677	874.827	571.298
36.172	875.359	571.240
36.417	875.337	570.815
36.271	875.379	570.689
36.207	874.787	570.390
36.311	875.233	570.008
36.026	875.268	570.491
36.094	875.048	570.514
36.114	875.030	570.978
36.054	875.701	571.312
35.880	875.716	570.657
35.740	875.746	571.198
35.822	875.454	571.019
36.031	876.298	570.682
36.355	875.767	570.806
35.835	876.006	570.087
35.932	875.427	571.045
36.291	875.271	570.751
36.374	875.965	570.353
35.841	876.317	569.618
36.200	875.397	570.328
36.461	875.213	570.631
35.924	875.356	571.533
35.891	875.352	571.406
35.823	875.508	571.343
35.999	875.977	570.936
36.148	875.426	570.716
36.029	875.366	570.614
35.870	875.777	570.806
36.279	875.288	571.203
36.087	875.267	571.328
36.357	875.686	570.480
36.217	875.787	570.801
36.291	875.899	570.772
36.035	876.223	570.232
36.501	875.685	570.543
36.350	875.643	571.305
36.501	875.024	571.547
36.350	875.167	571.457
36.388	875.208	571.338
36.046	875.366	570.864
36.315	875.489	570.722
36.368	875.848	570.440
36.069	876.315	570.246
36.047	875.663	570.471
36.006	875.469	570.764
36.292	875.094	570.693
36.389	875.008	571.338
35.962	875.591	570.783
35.993	875.901	570.522
36.209	875.611	571.001
36.184	875.522	571.119
36.296	875.334	571.118
35.838	875.805	571.388
36.165	875.481	571.048
36.104	874.747	571.550
36.485	875.392	570.736
36.202	875.529	570.780
35.955	875.922	571.016
35.658	875.830	571.167
36.014	874.961	571.088
35.934	875.383	570.875
35.936	875.063	570.568
36.340	875.161	571.324
35.942	874.241	571.196
36.050	874.987	570.855
36.677	875.330	570.797
36.290	875.482	570.980
36.197	875.747	571.133
36.221	876.212	571.275
36.016	876.484	570.042
36.184	875.882	570.282
36.049	876.168	570.344
35.915	875.785	570.279
36.093	876.033	570.568
36.648	875.615	570.283
36.200	876.400	569.964
36.051	875.660	570.207
36.322	875.440	571.708
36.224	875.419	571.057
36.705	875.180	570.790
36.417	875.839	570.645
35.854	876.014	571.410
35.679	876.398	571.051
36.350	876.221	570.749
36.338	876.206	571.379
36.193	876.190	571.092
36.373	875.018	571.604
36.391	875.435	571.466
36.363	875.158	570.764
36.022	875.380	570.962
35.821	875.535	571.352
36.193	875.256	571.622
36.179	874.949	571.712
36.446	875.485	570.938
35.924	875.644	570.207
36.229	875.778	570.799
35.918	876.001	571.075
36.081	876.282	570.849
36.193	875.186	571.351
36.338	874.786	570.893
36.179	875.244	571.015
36.500	875.403	570.925
36.360	875.178	571.034
36.360	875.332	570.616
36.211	875.647	570.835
36.104	875.551	571.112
36.359	875.530	571.007
35.877	875.608	570.026
36.297	876.011	570.632
35.739	876.144	570.843
36.013	875.611	570.748
36.207	875.589	570.712
36.299	875.700	570.960
35.827	875.699	570.312
35.716	875.888	570.511
36.623	875.347	571.162
36.137	875.281	570.659
35.848	875.478	570.992
35.775	875.041	571.149
36.341	874.937	571.883
36.087	875.825	571.369
36.208	876.297	570.546
36.087	875.435	571.593
35.862	875.708	571.316
36.063	875.398	571.185
36.017	875.307	570.574
36.055	875.583	570.900
35.996	875.372	571.351
35.956	875.578	570.855
35.938	876.476	570.721
36.330	875.381	571.073
36.462	875.237	570.730
35.765	875.277	570.859
35.590	875.393	571.326
35.707	875.283	570.948
36.184	875.345	570.946
36.416	876.146	570.303
36.139	875.541	570.641
35.615	875.779	570.799
36.098	875.512	571.028
36.138	876.173	571.401
35.753	876.023	570.746
36.524	875.489	571.673
36.011	875.916	570.855
35.916	875.826	571.062
36.115	874.977	571.826
36.215	875.225	571.186
35.894	874.776	570.932
36.009	874.926	571.058
36.155	875.297	570.961
36.495	875.178	571.068
36.241	875.280	571.465
36.511	875.435	570.356
36.285	874.427	570.810
36.186	874.023	571.099
36.602	874.131	571.152
36.333	874.869	570.684
36.664	875.393	570.345
36.559	874.946	570.123
36.115	875.472	570.310
35.989	875.657	570.086
36.202	876.040	570.921
36.241	876.136	570.458
36.114	875.696	570.593
36.105	875.919	570.804
36.009	875.758	571.099
36.168	875.575	570.607
36.102	875.510	571.416
36.149	875.505	570.766
35.961	876.135	571.255
35.756	875.607	571.053
36.080	875.490	571.140
36.379	874.833	571.279
36.087	875.680	570.412
36.200	875.470	570.666
35.952	875.196	570.616
36.020	875.404	570.665
36.190	874.901	570.763
35.892	875.226	571.036
35.600	874.863	571.201
36.381	874.808	570.696
36.394	874.828	570.728
36.267	874.755	571.459
36.176	875.718	570.392
36.069	875.755	570.223
36.316	875.555	570.163
35.870	875.792	570.676
36.120	875.967	570.428
36.309	875.093	570.432
35.970	874.623	571.039
36.120	874.909	570.771
35.730	875.734	570.761
35.780	875.665	571.003
35.771	875.419	571.679
35.956	874.953	571.307
36.251	875.638	570.773
36.203	875.458	571.441
36.503	875.974	570.780
36.303	875.581	570.990
36.052	875.984	570.997
36.506	875.281	570.973
35.977	875.438	570.666
35.729	875.135	571.634
36.202	875.617	570.908
35.993	875.221	571.296
36.304	875.387	570.839
36.057	875.704	570.866
35.630	875.873	570.912
36.102	876.168	571.045
36.391	876.089	570.523
36.150	876.492	570.986
36.226	875.580	571.080
36.500	875.796	570.705
36.251	875.965	570.887
36.073	875.272	571.155
36.159	874.782	571.099
35.856	875.983	570.305
36.462	876.010	569.825
35.954	876.152	570.343
36.225	875.254	571.568
35.803	874.973	571.922
36.072	875.334	571.239
36.365	875.005	570.881
36.100	875.426	571.070
36.228	875.255	570.808
36.149	875.383	571.291
36.414	875.286	570.892
36.180	874.573	571.118
35.968	875.787	571.091
36.418	875.706	570.696
36.192	876.166	570.546
35.980	875.584	571.146
36.129	876.521	570.808
36.062	876.006	570.441
36.065	875.765	570.775
36.251	875.818	571.011
35.796	876.152	570.547
36.311	875.725	570.754
35.919	875.339	571.034
36.437	875.343	570.895
36.338	875.240	571.106
36.090	875.445	571.275
35.954	875.642	571.390
36.021	875.198	570.828
36.154	874.982	570.822
36.048	874.817	571.613
36.293	875.636	571.105
36.211	875.956	570.467
36.108	875.844	570.497
36.262	876.053	571.130
36.344	875.988	571.468
35.967	875.973	571.241
35.985	875.845	571.377
36.224	876.088	570.627
36.528	875.612	570.568
36.104	875.095	570.797
36.312	875.117	571.010
36.510	875.272	570.404
35.777	875.582	570.074
36.450	876.193	569.923
36.167	875.824	570.383
36.069	876.207	570.450
36.352	875.593	570.398
36.077	875.313	570.881
36.032	874.661	570.806
36.127	875.145	570.727
36.188	875.307	570.788
36.039	875.523	571.815
35.993	874.966	572.050
36.204	874.740	571.432
36.025	875.397	570.858
36.262	874.940	571.256
36.024	875.041	571.331
36.155	875.093	570.789
35.931	874.948	571.025
36.398	875.012	571.279
36.205	875.176	571.071
36.406	875.234	571.152
36.490	874.925	571.222
36.082	875.363	571.260
36.905	875.024	570.697
36.188	875.481	570.824
36.149	875.185	571.745
35.993	875.110	571.930
36.153	875.064	571.862
36.389	875.155	571.348
35.969	875.197	571.159
35.974	875.226	571.608
36.433	875.375	571.793
36.155	875.682	570.783
36.709	875.936	571.440
36.075	875.430	570.599
35.984	874.913	571.954
36.200	875.107	571.936
36.249	875.382	571.618
36.318	874.927	571.246
36.092	875.511	570.771
36.154	875.340	570.998
36.361	874.662	571.233
36.423	875.115	571.502
36.175	875.356	571.337
36.126	875.232	571.056
36.064	875.619	570.721
36.299	875.725	570.494
36.118	875.415	570.074
36.414	875.528	570.209
36.191	875.630	570.635
36.272	876.119	571.087
36.560	875.419	571.447
35.702	875.266	571.067
35.762	875.155	571.843
36.055	875.061	571.011
36.316	875.215	570.738
35.947	875.504	571.582
35.985	875.303	571.351
36.211	875.208	571.219
36.105	875.214	571.005
35.907	875.080	571.173
35.979	875.197	571.111
36.246	875.060	571.498
36.144	875.427	570.432
36.560	874.895	570.690
36.282	874.427	571.676
36.444	874.601	570.974
36.137	875.234	570.509
36.369	875.268	570.895
36.363	875.340	570.499
35.641	875.090	570.412
36.016	874.993	570.373
36.130	875.625	570.850
36.291	875.531	571.056
36.245	875.512	570.818
36.110	876.127	571.385
36.121	875.447	570.380
36.034	875.200	570.989
36.199	875.547	570.956
35.824	875.669	570.777
36.180	875.073	570.779
35.990	875.427	570.793
36.473	875.860	570.645
36.051	876.003	571.243
36.083	875.437	571.365
36.339	874.780	571.763
36.490	875.710	571.437
36.080	875.643	570.818
36.086	875.964	570.981
36.041	875.510	571.403
36.001	875.514	571.509
36.341	875.772	571.421
35.841	875.789	570.585
36.073	875.333	571.384
35.997	875.022	570.965
36.245	874.668	571.260
36.343	875.671	570.207
36.291	875.410	570.649
36.145	875.498	570.557
