36.225	875.899	571.789
35.514	876.534	572.707
36.017	877.269	572.176
35.507	876.987	572.754
35.400	876.537	573.628
35.869	875.693	574.052
35.842	877.243	572.520
36.007	877.341	572.559
36.030	876.580	573.156
36.035	875.799	573.842
36.225	873.629	574.528
36.499	872.916	574.598
36.199	872.359	574.189
36.627	871.535	573.965
36.391	872.606	573.976
36.430	872.265	574.020
36.400	872.002	574.842
36.160	873.197	574.031
36.465	873.353	573.570
36.577	874.451	572.685
36.050	875.969	571.662
35.902	876.346	572.124
36.957	877.026	570.714
37.225	878.392	570.110
36.045	878.701	569.868
36.357	879.979	569.898
36.111	880.914	569.318
35.518	882.090	569.900
35.622	882.173	570.663
36.210	881.085	570.446
36.398	880.076	569.494
36.359	879.612	569.077
37.033	880.646	568.072
36.664	881.539	567.481
36.936	883.038	566.078
37.509	884.161	564.874
37.135	883.435	565.139
36.959	883.463	564.979
36.880	881.830	566.182
36.911	881.986	565.601
36.808	882.401	566.104
36.349	882.787	566.282
36.535	882.886	567.458
36.235	882.265	568.335
36.496	883.115	567.916
35.463	883.578	568.066
35.700	883.636	568.606
35.716	884.282	569.639
35.830	883.924	570.114
35.689	884.451	569.493
35.593	884.298	569.577
35.001	885.061	569.853
34.703	884.681	570.831
35.010	884.840	571.826
35.537	884.446	573.653
36.626	883.626	574.036
35.899	882.617	574.538
35.950	881.759	575.308
36.251	880.456	575.080
36.515	877.708	575.057
36.013	875.940	574.750
35.942	874.927	574.939
36.379	873.804	574.860
36.206	873.273	575.250
36.472	873.008	575.160
35.825	873.950	574.550
36.462	875.070	574.576
36.662	875.333	573.797
35.939	875.100	574.394
36.638	874.821	573.976
36.700	874.359	573.995
36.279	873.992	573.357
36.684	873.931	573.132
36.580	873.893	572.990
36.241	874.309	573.445
36.763	874.330	573.384
36.831	874.642	572.699
35.964	876.374	572.571
36.240	876.874	571.821
35.946	878.083	571.293
34.664	879.651	570.749
35.390	880.988	570.528
36.204	881.838	570.499
36.388	880.815	569.459
36.955	881.369	568.896
36.578	881.204	568.359
36.315	881.998	568.128
36.611	882.440	567.942
36.897	881.762	566.857
37.610	883.100	565.259
37.186	882.711	564.151
36.862	882.693	564.638
36.781	882.554	565.591
36.787	882.591	566.322
36.697	882.383	566.542
36.508	881.927	566.690
37.919	883.281	565.678
37.505	883.343	564.882
37.270	882.497	564.819
37.118	882.213	563.583
37.361	881.932	563.258
37.316	881.969	562.878
37.519	881.794	562.125
37.100	880.952	561.547
37.519	880.073	561.378
37.462	879.024	561.038
37.465	877.765	561.826
37.987	877.994	561.567
37.864	876.978	562.421
37.200	875.295	562.234
37.009	874.373	560.935
36.530	872.610	560.058
37.014	872.341	559.901
35.657	871.486	560.505
36.622	870.800	561.206
35.753	871.646	560.823
35.279	872.593	561.116
36.229	872.758	561.071
36.221	872.385	561.685
35.342	870.712	562.590
34.575	870.706	564.407
34.891	871.138	564.505
34.566	870.604	565.549
35.123	871.223	566.740
35.365	871.745	568.292
35.396	871.837	568.992
35.387	873.008	570.494
36.561	873.784	570.782
36.448	873.412	573.192
35.674	874.663	573.207
36.273	876.269	571.866
36.519	877.013	570.667
36.798	877.132	570.078
36.379	879.258	569.420
36.200	880.365	568.964
35.822	880.984	569.082
35.328	880.892	570.622
35.238	879.984	572.480
34.028	880.108	572.448
35.288	879.581	572.761
32.639	879.292	572.675
32.270	878.387	572.930
31.595	877.517	572.654
31.391	877.333	573.188
31.667	876.750	572.362
31.408	876.649	572.846
31.924	878.056	572.940
34.266	879.234	572.083
34.992	879.873	571.848
35.852	879.609	571.971
34.627	879.793	572.312
34.883	880.812	572.070
35.024	881.005	572.825
34.542	882.370	572.665
35.434	882.713	572.951
36.162	882.536	573.696
36.704	882.241	573.051
36.424	881.408	572.832
35.907	880.301	572.545
35.985	877.738	573.492
36.072	875.001	573.799
36.489	873.273	573.557
36.574	871.785	573.528
37.213	872.739	573.116
36.231	872.682	572.693
36.364	871.850	573.050
36.215	871.571	572.820
36.199	870.219	572.552
36.839	869.997	571.610
36.441	869.882	571.313
36.571	869.258	571.191
36.737	869.958	570.164
36.640	869.742	570.559
36.568	871.639	570.337
36.644	872.332	571.432
36.157	872.195	572.627
36.710	872.205	572.805
36.685	873.126	573.240
36.527	874.783	572.242
35.686	875.151	573.128
36.443	874.908	573.394
35.831	875.609	572.846
35.613	876.900	572.396
35.970	877.738	570.979
36.245	879.166	570.860
35.734	879.619	570.663
35.635	879.433	571.202
35.499	878.986	571.381
36.658	879.309	570.479
36.442	879.051	569.218
36.602	879.289	569.481
36.591	877.790	569.504
37.054	878.605	568.563
37.380	878.961	567.180
37.749	878.999	565.890
37.291	878.774	564.721
37.757	879.251	564.962
37.535	880.031	564.038
37.185	880.327	563.880
37.177	880.297	564.784
36.885	879.981	565.845
37.483	881.459	565.110
37.325	880.710	565.273
37.362	881.519	564.795
37.518	882.827	564.800
37.540	882.338	564.591
37.812	883.053	564.198
37.755	883.407	563.240
36.948	883.294	563.498
36.249	882.784	564.616
36.970	883.163	566.155
36.659	882.971	566.782
36.836	883.163	566.945
36.792	883.174	566.882
37.155	884.660	565.598
36.077	883.558	566.674
35.758	883.029	567.733
35.891	881.143	569.389
36.001	879.019	569.130
35.981	877.463	570.436
36.278	876.769	571.195
35.807	877.163	570.882
36.427	877.679	570.297
36.832	877.335	570.104
36.930	877.615	570.229
36.197	878.407	569.720
36.275	878.820	569.529
36.334	878.530	570.273
35.722	877.626	571.039
35.964	877.988	570.640
35.190	879.254	570.806
35.418	880.546	570.317
35.869	882.126	569.302
35.347	881.769	569.683
35.214	882.708	570.429
35.693	882.172	570.664
36.061	881.388	570.628
36.393	882.053	569.773
36.340	883.303	568.934
35.657	884.641	568.671
36.263	885.020	568.203
35.348	885.420	569.005
36.014	886.033	569.433
35.643	884.901	569.265
36.092	884.853	570.087
36.095	884.284	569.573
36.271	883.397	569.126
36.217	881.982	569.140
36.609	882.194	567.896
36.181	880.827	568.219
36.524	880.153	567.707
37.787	879.490	567.383
37.597	879.212	566.189
37.091	878.963	566.718
36.708	878.557	567.628
36.788	879.486	567.782
36.713	879.230	567.935
36.449	878.563	567.836
36.861	879.096	567.596
36.483	879.017	569.034
36.764	878.637	568.835
36.232	879.412	568.741
35.920	879.306	569.466
36.063	877.872	570.440
36.271	877.968	570.034
36.650	877.562	569.735
36.417	876.895	571.572
36.796	877.281	570.316
37.145	877.987	568.630
36.810	878.474	568.131
37.386	877.630	567.984
37.220	878.741	567.630
36.559	879.774	568.771
35.924	880.599	568.802
36.039	880.819	569.378
36.124	879.862	569.633
36.723	880.476	568.641
36.174	879.443	569.843
36.422	879.586	569.494
36.483	879.830	569.713
35.654	879.215	571.198
35.680	878.314	572.113
35.856	877.961	571.252
35.844	878.122	571.404
35.491	879.023	570.810
35.430	879.097	571.412
35.317	879.806	571.309
36.057	879.014	571.835
36.038	878.631	572.219
35.381	878.728	572.897
35.547	879.505	572.423
35.027	879.490	572.379
35.266	879.086	571.951
35.603	879.164	571.549
35.690	879.338	572.606
35.518	879.643	572.269
36.331	880.207	571.737
35.810	880.227	570.743
35.734	880.372	570.502
35.189	880.827	570.493
35.083	880.870	571.284
33.604	880.065	571.892
34.133	879.228	573.139
34.766	879.402	573.314
35.683	880.094	573.008
35.272	880.065	573.095
35.624	878.883	573.711
35.717	877.720	574.265
36.253	877.250	573.292
36.142	876.128	573.849
36.306	875.051	574.139
36.543	873.583	574.206
36.240	872.285	574.397
36.027	872.822	574.435
35.823	872.854	574.558
36.209	874.109	573.712
36.493	873.409	573.744
36.979	873.980	572.987
36.349	875.772	571.868
36.832	877.037	570.347
35.705	879.078	570.421
35.595	878.116	571.482
36.164	877.104	572.263
35.670	876.330	573.140
36.168	875.999	573.069
36.222	875.685	573.111
36.445	876.106	573.412
36.391	876.143	571.553
36.071	876.037	571.343
35.922	876.327	572.183
34.164	877.318	571.313
33.080	876.860	571.533
33.480	876.283	571.332
34.098	876.620	571.922
34.756	877.225	572.439
35.139	876.779	573.796
35.541	876.442	574.303
34.670	876.325	573.548
35.306	877.727	572.182
35.219	878.708	572.382
35.034	877.860	573.744
35.621	876.993	574.496
35.500	876.614	574.075
35.520	876.421	574.591
35.389	876.241	574.588
34.034	877.354	573.221
32.340	876.592	572.949
33.475	875.936	572.389
33.193	875.067	571.807
34.049	874.835	572.606
36.232	873.876	574.608
36.585	873.145	574.907
36.980	873.772	573.711
36.651	874.022	573.499
36.548	872.836	573.916
36.793	872.024	574.624
36.409	872.538	574.848
36.301	872.510	575.905
35.783	873.703	576.074
35.390	874.285	575.906
35.739	874.080	576.343
36.095	874.151	576.116
35.077	874.580	575.459
34.978	874.701	575.015
34.565	875.038	575.925
35.774	874.444	574.672
36.585	874.576	573.701
36.663	875.799	573.493
36.578	874.966	572.234
36.817	873.059	572.064
36.924	873.331	570.318
37.085	872.315	570.322
36.755	871.638	569.736
36.654	871.517	570.231
36.870	871.194	571.117
36.683	871.699	570.989
36.889	872.753	570.704
36.494	873.695	571.384
36.076	873.297	571.980
35.783	873.120	573.337
33.574	874.425	572.666
35.924	874.808	573.658
35.562	876.093	573.407
33.930	875.785	573.461
36.005	875.111	573.654
36.009	874.405	574.950
35.832	873.870	575.896
35.305	872.772	576.744
34.412	871.961	577.656
36.487	872.084	577.156
36.191	872.088	576.878
36.101	871.666	577.211
36.747	871.777	577.109
37.200	872.149	576.315
36.760	873.279	574.816
36.340	874.073	574.870
34.583	874.958	574.018
36.112	874.423	573.823
36.361	873.375	574.178
36.599	872.742	574.019
36.460	872.696	573.891
36.415	873.561	573.161
36.373	874.578	572.056
36.366	875.333	571.940
36.157	874.167	573.484
35.914	873.830	573.496
36.239	874.394	572.483
36.499	872.973	572.355
36.335	873.083	572.377
36.425	872.896	571.728
36.905	873.973	571.279
36.922	874.601	569.320
37.136	875.275	569.172
37.558	874.307	569.457
36.553	872.969	570.608
36.857	873.464	570.212
37.386	874.283	568.461
37.098	874.027	567.433
36.898	875.033	567.162
36.832	876.201	567.542
36.656	876.661	569.035
36.102	878.462	569.577
36.423	879.364	568.942
36.599	878.240	570.244
36.614	878.801	569.584
36.596	879.691	569.014
36.358	880.530	568.746
36.735	880.573	568.788
36.503	880.961	568.647
37.025	882.004	567.927
36.658	882.405	567.414
36.978	881.325	566.876
36.711	880.162	567.898
36.509	879.252	568.582
36.952	879.521	568.189
36.447	879.763	568.524
35.904	879.807	569.421
36.902	878.917	570.134
36.283	878.017	569.951
36.944	876.346	569.459
36.911	874.027	569.404
36.918	873.388	569.685
37.201	872.395	570.276
37.009	872.180	570.567
37.493	872.642	570.586
36.484	872.500	571.787
37.338	873.904	571.273
36.917	874.820	570.488
36.555	876.056	569.505
37.100	876.206	570.379
36.222	877.872	570.170
36.724	878.885	569.176
36.392	880.080	568.664
36.123	880.291	569.260
36.505	879.753	568.907
36.218	879.062	569.666
36.751	878.515	569.559
36.416	878.892	569.655
36.331	878.645	569.138
36.931	878.207	568.869
36.561	877.534	569.124
36.496	878.228	569.072
36.443	876.828	569.907
36.691	877.030	569.174
37.256	877.144	568.031
37.825	877.757	565.837
37.719	878.383	565.386
37.082	877.947	565.640
36.804	879.318	567.239
36.646	879.079	568.456
36.778	879.426	567.494
36.413	878.619	568.203
36.292	878.671	568.941
36.135	879.728	569.595
35.655	881.855	569.638
36.254	882.482	569.923
36.246	882.829	569.258
35.336	881.504	569.670
35.656	881.380	571.199
35.517	881.170	570.602
35.726	881.508	570.487
34.890	881.004	570.497
34.920	879.918	572.333
34.968	880.328	570.980
34.958	880.280	571.421
35.701	880.945	570.071
35.923	881.777	570.067
35.995	881.243	570.652
35.327	881.318	571.816
34.132	880.776	572.694
35.724	880.108	572.925
35.849	879.486	573.379
34.188	879.978	571.845
33.937	881.542	571.014
34.321	882.287	572.388
35.331	881.457	572.675
34.979	880.975	572.508
35.029	881.326	572.892
35.592	881.553	572.543
35.069	883.609	572.219
35.503	883.182	572.549
35.579	882.567	573.063
35.609	882.429	574.067
36.048	881.848	574.127
36.265	881.687	573.765
36.077	882.300	574.336
35.907	882.077	573.325
35.897	881.888	573.190
36.094	882.206	572.658
35.908	882.257	573.453
34.806	883.092	572.615
33.033	883.661	573.563
33.199	884.557	573.084
33.394	885.999	571.463
34.535	888.162	570.631
35.539	887.773	570.631
36.544	888.652	569.776
36.474	887.576	570.425
36.278	887.577	570.375
35.935	886.756	570.584
35.752	886.720	570.575
35.906	885.971	571.401
36.272	886.494	570.244
35.420	886.620	570.587
35.777	886.742	571.194
36.169	885.651	572.149
35.901	885.229	572.052
35.966	884.420	572.177
35.763	884.639	571.909
36.361	884.152	572.183
35.996	883.453	572.336
35.580	882.272	572.734
35.949	883.127	571.964
35.673	884.701	571.329
35.747	886.734	570.868
36.467	887.522	569.480
35.904	887.302	570.036
37.082	887.089	568.920
36.851	887.944	568.294
36.355	888.394	567.395
36.362	888.337	567.006
36.572	888.071	566.058
36.305	889.564	564.740
35.895	889.295	565.318
36.350	888.359	565.124
36.022	886.291	566.265
36.125	884.909	567.386
35.975	884.159	567.926
36.921	883.445	567.294
36.829	883.133	567.159
36.847	883.284	566.275
37.239	884.655	565.658
37.162	885.235	565.777
37.131	885.775	565.244
37.035	885.983	564.828
36.881	886.507	564.451
36.104	887.025	564.830
35.443	886.459	565.869
36.563	885.512	566.076
36.330	885.343	565.737
36.613	884.692	565.614
36.492	883.531	566.209
36.770	883.493	565.941
37.238	883.821	565.443
37.317	884.511	565.364
36.227	884.028	566.457
36.073	882.894	566.562
36.266	882.202	568.013
36.900	881.634	567.749
36.776	880.974	567.314
37.288	880.656	566.609
37.003	880.587	566.413
37.042	881.026	566.599
36.580	881.312	567.256
36.862	880.176	567.980
36.261	879.219	568.917
36.850	877.924	569.442
35.717	877.307	570.195
36.149	876.825	570.520
36.817	877.226	571.113
36.372	876.762	570.668
36.451	875.587	571.000
36.713	874.710	571.290
37.154	874.902	570.524
37.258	875.182	570.696
36.995	875.334	569.893
37.022	874.407	570.459
36.661	875.506	570.279
35.950	877.283	570.846
36.045	879.397	570.146
35.857	878.510	570.247
35.643	877.910	571.492
36.370	876.868	571.781
35.860	875.321	572.694
36.957	874.529	572.740
36.700	875.639	571.594
36.550	874.115	572.056
37.099	874.587	570.521
37.330	875.713	570.256
36.727	876.943	570.045
36.318	877.466	570.376
36.273	877.625	570.737
36.052	879.009	569.999
36.019	879.042	570.686
35.940	879.828	570.181
35.750	880.246	569.912
36.523	880.323	568.950
36.546	879.472	568.328
36.585	877.615	568.042
36.027	876.629	567.505
36.868	876.496	567.571
36.836	875.071	567.814
37.448	875.460	566.892
37.618	875.759	566.762
37.854	877.674	566.351
37.660	879.927	565.156
37.494	881.867	564.811
36.933	882.409	566.563
35.712	882.391	568.752
36.198	882.009	569.161
35.630	882.673	569.530
34.957	883.920	570.850
34.307	885.117	571.714
33.347	885.387	571.963
33.898	885.658	572.305
35.142	886.178	572.378
35.720	886.289	571.690
35.978	886.624	571.330
36.522	887.439	570.551
36.399	888.121	569.422
35.737	887.073	570.655
36.088	886.329	571.674
35.739	886.632	571.244
35.794	886.557	571.601
35.513	886.908	572.857
36.068	886.451	573.537
36.221	885.977	572.588
36.327	886.236	571.623
36.523	886.568	571.155
36.148	886.097	570.913
36.233	886.060	570.180
36.250	886.960	568.575
36.079	886.100	569.380
36.196	885.226	568.440
35.970	884.256	568.913
36.010	883.486	569.149
35.405	881.597	569.902
35.758	880.991	569.491
36.254	880.115	569.424
35.956	879.845	569.639
36.172	878.357	571.154
35.700	875.830	571.369
36.069	873.908	572.125
36.407	872.326	572.173
36.736	872.520	571.260
37.585	874.582	568.938
37.798	876.138	567.200
37.821	877.091	565.808
37.939	877.899	564.942
37.450	878.763	564.498
38.082	879.362	564.209
37.161	879.659	564.397
37.021	879.369	565.655
37.512	878.850	566.063
37.582	879.537	565.740
36.987	879.220	565.951
36.765	877.030	566.443
37.622	876.700	566.155
37.415	877.542	565.927
37.479	878.411	565.965
37.037	878.098	566.677
37.149	877.749	567.043
36.562	877.223	568.965
36.558	876.541	569.714
36.786	875.170	570.775
36.109	874.281	572.028
36.594	875.100	571.474
36.695	876.353	570.336
35.950	876.853	571.118
36.750	878.469	569.823
36.179	878.929	570.012
36.694	879.419	569.683
35.989	880.017	569.864
36.121	879.192	571.283
34.786	878.930	572.013
36.499	877.656	571.874
36.765	877.956	570.631
36.420	878.017	569.943
36.960	878.928	569.302
35.820	879.113	570.279
35.637	879.295	571.130
36.142	879.217	571.153
36.067	880.392	570.001
35.893	880.243	570.144
35.607	880.880	570.449
35.006	881.776	569.771
34.999	882.169	570.545
34.988	881.780	571.974
34.702	880.452	573.016
34.568	879.070	573.501
35.285	878.844	573.796
35.420	877.790	574.437
36.157	876.874	574.123
36.196	876.945	572.970
36.296	875.485	573.344
36.308	875.347	573.171
35.951	876.316	572.788
36.505	876.989	573.080
34.776	877.526	573.574
34.007	877.138	574.068
33.664	877.157	574.258
33.268	876.289	573.393
31.787	875.632	572.462
32.813	875.604	571.371
32.034	875.114	570.206
31.507	874.315	570.196
32.176	872.768	570.045
31.708	873.375	570.136
32.624	873.449	570.372
31.671	873.708	569.026
32.412	874.546	568.582
32.673	874.836	569.443
35.317	874.895	570.647
33.703	874.310	572.409
35.663	875.523	572.536
36.317	875.393	573.081
36.425	875.234	572.953
36.259	875.464	572.928
36.508	877.319	570.483
37.557	878.365	568.898
37.417	878.980	567.871
37.541	879.978	567.512
36.631	880.775	568.503
36.857	881.767	568.554
36.657	883.127	567.830
36.382	883.168	567.681
36.976	884.116	566.872
36.168	885.207	567.129
36.291	885.624	567.022
36.242	885.553	567.701
35.345	885.310	568.894
35.809	884.430	569.882
34.957	884.143	571.191
34.671	883.443	572.265
33.742	882.082	571.836
32.582	881.943	571.908
34.617	880.958	572.367
34.272	880.961	572.485
33.645	880.811	571.577
32.738	880.435	571.383
32.797	879.551	570.213
31.648	879.683	570.189
32.440	880.031	570.296
32.988	880.385	569.885
33.537	881.019	569.490
35.674	881.448	569.233
35.064	882.146	568.813
34.816	883.383	568.528
35.665	885.098	568.310
35.437	885.912	568.447
34.588	886.912	568.867
35.348	886.591	570.589
36.327	886.590	569.475
35.808	885.388	568.862
36.071	884.056	568.888
35.853	883.772	568.557
35.980	883.367	568.879
35.978	882.646	568.970
36.509	882.319	568.725
35.511	882.092	570.182
36.232	881.810	570.495
35.629	881.605	569.975
36.044	880.963	570.090
35.502	880.268	571.895
35.727	878.820	572.642
35.084	877.788	573.685
34.553	877.050	575.026
34.012	877.483	574.561
35.687	876.160	575.177
36.018	874.449	575.605
35.068	874.081	576.405
34.841	873.656	576.901
34.779	872.904	576.934
35.958	871.865	577.533
36.225	872.116	577.093
36.186	872.982	576.065
35.037	873.836	575.221
35.608	874.610	574.596
34.929	875.315	575.142
35.005	875.801	574.019
34.597	876.246	574.048
35.677	878.165	572.736
36.059	879.835	570.498
36.578	880.488	569.609
36.259	881.244	569.507
36.155	881.871	569.875
35.657	882.156	570.245
34.751	883.830	569.311
35.172	885.703	569.273
35.604	886.673	569.404
35.221	886.777	570.181
36.022	887.437	570.733
36.515	887.393	570.131
36.625	887.564	569.360
36.196	887.706	569.339
35.625	889.020	569.729
35.556	890.280	569.727
36.111	889.749	570.425
36.996	890.297	567.470
36.135	890.715	566.053
35.887	891.540	566.021
35.730	891.416	565.575
36.309	892.091	564.964
35.507	891.713	564.895
36.232	893.804	562.716
36.142	895.537	561.864
35.341	895.234	561.863
35.527	893.880	562.119
35.623	894.481	561.186
35.483	894.194	560.868
35.163	894.094	561.258
35.830	893.480	560.577
35.296	892.086	561.093
36.103	891.836	560.124
36.464	890.972	559.949
35.732	890.605	560.510
35.491	891.876	561.388
35.087	891.450	561.482
35.987	889.983	560.787
35.893	888.743	561.687
35.571	886.769	563.599
36.057	886.109	565.321
36.162	884.306	567.185
36.188	884.191	567.634
36.557	884.023	567.977
36.321	884.048	568.565
36.414	884.442	568.792
36.283	883.905	569.871
35.856	884.221	569.664
36.281	885.392	569.069
36.674	887.150	567.377
36.512	888.377	566.299
36.115	887.860	566.589
35.741	887.796	568.270
36.170	887.107	568.743
35.425	886.912	569.880
35.803	886.857	570.522
37.114	886.715	570.069
36.288	887.210	569.655
35.959	887.412	570.033
36.141	886.669	570.002
36.590	886.747	569.875
35.994	885.447	569.703
36.474	884.243	569.248
35.912	884.025	568.914
35.765	884.783	569.457
35.743	885.712	569.219
36.188	885.751	569.919
35.613	886.778	570.754
36.105	886.572	571.546
35.679	887.055	572.920
36.165	885.933	573.651
36.133	884.882	574.887
36.014	883.708	575.370
36.120	881.948	575.735
36.378	880.641	575.941
36.414	880.622	576.804
36.414	878.747	576.959
36.924	878.119	576.575
36.564	879.549	573.633
36.648	881.506	571.225
36.241	880.689	571.018
35.529	881.247	570.894
36.057	881.008	569.872
34.765	882.135	569.993
35.628	882.183	570.483
34.924	882.885	569.495
35.644	883.640	570.079
36.160	883.468	570.273
36.253	881.657	570.429
35.595	880.441	570.458
36.214	879.400	570.775
35.744	879.289	571.274
36.070	880.257	569.844
35.915	880.929	569.549
36.779	882.317	568.205
36.542	882.308	568.200
36.042	881.341	568.569
35.934	880.421	570.007
36.125	879.659	570.415
35.625	879.008	571.345
36.198	878.391	570.967
36.349	876.021	572.259
36.188	875.785	572.406
35.693	876.283	572.728
35.603	876.755	573.413
35.138	877.878	572.488
34.704	878.005	572.573
33.684	877.480	572.670
35.472	878.729	571.912
35.587	879.698	571.279
36.007	880.142	570.112
34.979	880.347	570.921
35.653	880.173	571.417
35.611	880.310	571.310
35.895	880.728	570.607
35.941	882.393	570.151
36.726	883.248	568.380
36.433	882.862	568.125
36.018	882.231	568.797
36.214	880.912	569.117
36.200	881.110	569.187
35.388	880.532	570.214
35.044	879.958	571.537
35.241	879.791	572.587
34.670	879.102	574.232
35.008	878.774	574.450
35.519	879.065	574.209
35.712	879.797	572.458
35.119	879.063	572.833
34.837	878.159	574.034
34.653	878.184	574.646
35.201	877.179	574.716
33.566	877.084	574.228
31.760	875.493	574.134
31.596	874.905	572.968
31.096	874.211	574.391
32.035	873.161	573.616
31.148	873.131	574.464
31.464	873.100	574.395
30.884	874.183	572.223
31.554	873.854	572.895
31.275	873.716	573.016
32.025	874.577	571.499
31.659	875.705	570.966
33.139	875.957	571.205
34.001	877.218	570.752
33.988	877.442	570.698
32.813	877.999	569.664
32.131	878.047	570.295
31.560	878.573	569.760
32.011	878.848	571.394
31.643	879.745	570.877
32.954	879.970	571.806
35.430	880.690	571.393
35.634	882.532	570.601
35.589	883.947	571.009
36.127	884.576	570.514
35.910	884.321	571.619
36.521	884.169	571.123
36.302	884.454	570.924
36.644	883.931	571.830
36.614	884.092	571.299
36.042	884.312	571.599
36.484	882.738	572.790
36.136	882.723	573.281
36.011	883.091	572.398
36.156	881.899	572.361
35.490	880.864	573.441
35.667	880.124	573.348
34.700	879.786	573.235
34.812	879.380	573.186
35.196	879.855	572.573
35.642	879.246	573.175
34.756	878.563	572.998
34.833	877.912	573.843
35.167	878.998	573.268
35.924	879.437	571.903
34.891	879.102	572.007
35.130	879.012	572.060
35.965	878.124	572.030
35.797	877.488	571.758
35.867	876.479	572.735
35.594	875.636	573.995
33.185	875.504	572.263
32.267	875.800	571.411
32.096	876.790	570.749
32.436	876.819	570.591
33.036	877.130	570.657
33.231	877.291	570.540
32.243	876.945	570.128
32.639	876.882	570.601
32.324	876.045	570.482
31.540	875.371	570.976
31.980	874.020	570.822
32.576	873.530	571.533
32.025	874.017	571.508
32.145	873.598	571.858
31.697	873.583	571.745
30.993	873.247	573.240
30.925	872.375	573.262
31.296	870.201	572.355
31.080	870.934	571.520
31.240	870.874	571.628
31.591	870.835	572.501
32.240	871.810	571.958
32.727	872.701	571.646
33.972	874.461	570.725
34.061	874.920	570.979
33.347	875.768	570.883
33.424	876.815	570.595
34.608	878.493	570.544
34.159	878.758	570.740
33.793	880.181	570.540
33.291	880.946	569.522
35.520	882.556	568.578
36.636	884.834	567.312
37.239	884.648	565.880
36.440	885.295	566.660
36.096	884.876	567.983
35.844	883.800	568.682
36.895	884.081	568.731
35.983	883.270	568.924
36.308	883.391	568.118
36.588	882.305	568.283
36.082	882.199	568.274
36.150	881.258	568.230
36.752	880.436	568.603
36.479	881.417	568.436
36.177	881.740	568.288
36.986	881.858	567.923
36.606	882.075	567.943
36.102	881.513	568.894
36.710	881.747	568.836
36.121	881.780	569.838
35.826	881.807	570.532
35.894	880.956	571.657
35.221	881.711	571.259
34.639	882.705	570.936
34.848	883.649	570.921
34.419	885.456	571.104
34.095	884.725	571.634
34.703	884.530	571.883
35.872	884.752	573.380
35.864	883.597	573.365
34.993	884.066	573.089
35.333	883.191	573.406
36.157	883.896	572.839
36.137	884.896	572.596
35.417	886.525	572.264
35.962	886.681	573.249
35.703	886.666	573.395
36.117	886.309	572.414
36.099	885.892	571.397
35.783	885.676	571.443
35.362	885.738	572.276
36.393	885.735	572.492
35.759	885.878	572.376
36.220	886.213	571.855
36.049	885.812	571.710
36.110	886.335	571.742
36.449	885.946	571.961
36.347	885.737	571.926
35.431	885.827	572.495
35.819	885.559	572.332
36.070	886.575	571.427
35.864	886.875	571.690
36.241	885.956	572.053
35.861	884.953	573.009
36.254	884.777	573.450
36.124	885.368	571.927
35.979	886.436	570.784
35.642	886.125	570.148
35.606	885.484	570.465
36.568	884.811	569.846
36.225	885.411	570.207
35.557	885.164	570.533
35.974	885.459	571.131
36.009	885.656	570.525
35.850	885.103	572.197
36.207	885.107	571.539
36.130	885.362	571.627
35.965	884.660	572.742
36.770	883.602	572.876
35.908	883.729	572.727
35.903	882.926	572.952
36.588	882.611	572.085
36.256	882.358	572.669
36.376	881.998	572.166
35.736	882.118	572.321
35.362	882.044	572.604
35.174	882.168	572.995
34.902	882.286	573.451
35.291	882.534	572.426
35.799	882.828	572.531
35.734	882.800	573.275
36.226	883.356	572.962
36.027	882.333	573.620
36.469	881.913	573.500
36.181	881.962	574.255
36.812	881.917	572.990
36.841	882.370	571.685
36.454	883.067	570.050
36.388	883.293	568.897
36.434	883.283	567.926
35.880	882.868	569.140
35.952	882.891	569.739
36.053	881.760	570.334
36.130	880.818	569.194
36.004	879.496	569.555
36.385	877.925	570.500
36.758	876.646	571.724
36.312	875.748	572.279
36.434	874.539	573.272
36.918	874.141	572.840
36.704	874.636	572.712
36.843	875.371	572.832
36.663	875.695	572.863
36.274	877.788	571.900
36.310	879.306	570.938
35.867	879.847	570.218
35.788	879.711	570.614
35.741	880.166	570.880
36.250	880.689	570.212
36.161	880.566	570.985
35.805	880.812	570.380
34.845	879.366	571.339
35.172	878.379	571.773
35.783	876.968	572.548
36.566	877.294	572.596
36.920	875.857	572.993
36.373	874.469	572.550
36.775	873.449	570.868
37.280	872.811	569.094
37.467	872.481	568.674
37.194	873.800	568.459
37.949	875.224	566.955
37.746	876.558	565.685
37.219	877.305	566.567
38.118	877.595	565.466
38.086	878.552	564.085
37.948	880.514	562.840
37.515	880.724	563.789
37.305	879.991	565.677
36.739	879.660	567.202
36.588	879.760	567.536
37.336	879.893	567.630
36.979	881.155	567.970
36.508	882.022	568.334
36.086	881.505	569.147
35.451	881.524	570.079
35.390	883.024	569.433
35.856	884.823	568.206
35.550	886.723	568.166
35.040	887.193	569.016
35.822	886.942	569.372
36.253	885.806	570.259
35.842	885.631	571.299
35.501	885.820	571.476
35.137	884.888	572.420
34.333	885.212	573.096
34.821	885.574	572.998
34.480	886.197	572.911
35.074	885.216	573.784
34.294	884.692	574.751
35.609	884.308	575.297
36.269	882.891	575.875
36.308	881.954	576.229
35.740	880.685	576.659
35.790	878.863	578.263
36.116	879.200	577.262
36.316	878.540	577.240
36.223	878.223	577.336
35.901	876.274	577.391
35.944	875.349	575.822
36.326	873.873	575.075
36.075	873.464	575.645
36.156	872.787	575.636
36.638	872.653	575.022
36.647	872.970	574.417
36.438	872.845	574.146
36.456	873.947	573.755
33.259	874.665	572.068
33.187	874.512	572.412
32.919	873.916	571.747
34.273	874.419	571.518
34.116	873.989	572.800
35.657	873.544	574.588
36.445	873.489	575.034
36.547	872.092	575.523
35.607	872.225	575.437
35.818	872.771	575.107
34.000	872.848	575.273
34.735	872.491	576.217
34.303	871.656	576.761
35.182	870.908	576.680
34.927	870.699	576.985
34.907	870.431	577.373
35.459	868.564	577.738
36.212	868.466	577.840
34.934	868.719	578.286
35.961	869.388	577.829
34.829	869.582	578.296
35.578	870.663	578.177
34.559	871.415	577.303
36.366	872.208	575.889
36.259	872.726	574.884
36.888	873.240	574.317
36.343	873.842	573.342
36.927	872.858	573.429
36.617	873.274	572.276
37.307	874.019	570.350
36.720	874.411	571.012
36.017	874.671	572.200
36.332	875.592	572.543
36.521	877.073	572.018
36.278	877.181	571.834
36.072	878.177	570.737
36.497	878.800	569.686
36.602	879.349	570.180
36.125	879.104	570.207
36.491	878.588	570.196
36.466	877.392	571.265
36.688	876.571	570.722
36.577	876.250	571.373
36.581	874.925	571.660
37.179	874.572	571.054
37.191	874.314	571.219
36.915	873.845	571.570
37.045	874.024	572.455
36.283	873.736	572.321
36.682	873.636	572.426
36.712	874.245	572.210
37.059	873.566	572.617
36.161	874.174	572.741
36.512	872.681	573.742
37.032	873.295	572.708
36.867	872.851	571.604
37.298	873.583	570.597
37.118	873.520	570.663
37.030	873.823	570.395
37.451	874.917	568.978
36.685	876.033	568.978
36.640	877.304	569.350
36.340	877.805	569.273
36.343	878.370	569.933
36.293	879.596	569.576
35.113	881.104	569.196
36.459	882.615	568.659
35.969	884.080	567.783
36.470	884.308	567.763
36.270	884.170	568.174
36.050	883.872	568.886
35.912	884.524	569.390
35.633	885.360	569.446
35.969	885.452	568.839
35.813	884.949	569.370
35.961	884.598	569.336
35.951	884.887	569.327
36.025	884.842	569.574
36.306	885.115	569.844
36.553	885.205	568.682
36.879	885.605	567.437
37.037	885.565	565.245
36.577	885.067	565.879
36.904	885.313	565.095
37.356	885.202	565.040
37.056	885.754	564.296
36.831	887.340	563.333
36.282	886.380	563.891
36.514	886.772	564.942
36.282	885.770	566.267
35.741	884.810	567.246
35.287	884.109	568.777
35.294	882.205	570.867
35.999	881.974	570.527
36.510	882.279	570.173
36.717	881.974	568.713
36.123	882.451	569.227
36.373	882.396	568.894
36.095	881.794	568.811
36.378	881.769	568.891
36.677	881.629	568.940
36.558	881.901	568.930
36.216	881.367	569.247
36.327	881.703	569.213
36.203	882.961	569.000
33.400	884.142	569.168
33.598	885.816	568.947
35.322	886.357	569.214
33.912	887.178	568.489
34.570	887.071	569.889
35.234	888.170	570.251
35.247	887.806	570.271
35.032	888.024	570.716
35.443	887.541	571.513
35.590	886.581	573.083
36.150	886.091	573.692
36.524	885.833	573.738
36.570	885.337	573.708
36.315	884.432	573.602
36.453	883.204	573.875
36.148	883.061	573.299
35.580	883.393	572.436
36.401	883.615	571.779
35.308	884.243	572.693
35.470	884.935	572.853
35.009	884.855	573.527
35.019	885.335	574.184
35.637	884.566	575.043
36.052	883.524	575.876
36.393	882.864	575.820
36.543	880.890	576.715
36.418	879.802	577.102
36.657	880.984	575.525
36.570	881.054	576.021
35.185	880.342	576.497
34.534	881.154	574.461
34.374	880.858	573.871
34.037	881.697	573.824
33.333	882.210	573.349
33.402	882.171	572.323
35.128	881.669	572.940
35.300	882.309	574.172
36.349	880.602	575.027
35.888	882.070	574.366
36.386	882.005	573.656
36.625	882.247	573.757
36.988	883.001	572.203
36.677	883.510	570.464
36.579	883.993	569.081
36.540	884.040	568.781
36.508	883.428	568.492
36.657	883.539	567.906
35.637	883.548	568.882
35.909	883.540	569.549
36.218	884.600	569.989
36.213	884.564	570.658
36.004	884.931	571.245
35.536	883.175	572.165
36.102	881.945	573.474
36.516	881.397	572.314
35.263	881.395	572.008
36.085	880.414	572.427
36.013	879.779	571.793
35.413	879.803	572.335
35.431	880.018	572.079
34.511	880.256	572.389
35.156	880.836	571.502
33.788	880.207	572.206
33.668	878.422	572.738
34.619	876.396	574.059
34.993	875.031	574.892
35.678	874.898	575.642
35.688	874.218	576.517
33.833	873.472	576.528
32.717	872.707	575.683
32.354	872.703	574.340
33.275	872.369	573.425
32.982	871.070	573.413
32.015	870.859	572.558
31.940	870.391	572.279
31.086	869.698	573.034
30.855	869.275	573.039
30.893	869.676	573.881
30.645	870.620	572.010
32.067	872.193	570.966
31.829	872.385	570.506
30.328	872.564	570.151
30.822	872.189	569.406
30.958	873.544	570.322
30.726	875.029	570.257
31.731	874.779	569.975
31.977	873.915	569.679
31.469	873.838	570.579
31.873	873.268	570.543
30.923	872.959	570.605
32.063	873.274	570.771
32.504	873.101	570.577
31.267	872.355	570.211
31.704	872.345	570.020
31.530	871.381	569.800
32.614	871.523	570.252
33.534	872.421	570.328
33.250	873.007	569.711
33.035	872.746	570.760
32.725	873.036	570.870
34.324	872.382	572.026
34.017	871.767	573.471
34.793	872.028	573.958
35.210	871.476	574.615
35.336	872.504	575.290
34.563	872.642	575.047
33.993	872.567	575.729
35.202	873.076	575.743
34.213	874.167	573.895
33.483	874.058	573.098
32.251	872.442	573.473
31.194	871.829	572.812
30.691	872.366	571.283
31.869	872.122	570.535
32.165	872.338	570.717
31.385	872.274	569.717
31.832	872.314	569.837
34.489	872.210	570.863
36.000	873.784	571.221
36.130	874.144	571.574
36.551	874.643	572.494
36.101	876.979	571.507
36.258	876.959	571.427
36.233	875.410	571.590
36.731	873.875	571.977
36.860	872.899	571.993
36.660	873.645	570.704
36.754	874.169	570.160
37.068	874.782	569.558
37.272	876.168	568.880
37.864	876.924	568.005
36.514	876.891	568.924
37.136	876.667	569.198
36.574	877.631	569.339
36.507	877.897	569.998
36.314	876.539	570.898
36.051	875.791	571.648
36.206	874.209	572.495
35.919	872.776	573.333
36.482	873.305	572.815
36.572	873.094	573.572
36.622	872.853	573.552
36.199	872.382	573.480
36.814	871.262	572.565
36.863	871.131	573.166
36.790	871.287	572.030
36.863	871.266	571.526
36.379	871.171	572.254
36.280	870.690	572.889
36.791	871.140	572.827
36.412	870.770	572.261
36.361	869.450	573.049
36.418	868.553	572.626
36.779	867.946	573.637
37.300	869.875	572.556
36.601	870.975	571.668
36.541	871.565	570.564
36.643	871.354	569.804
36.814	871.834	568.672
37.444	871.925	568.025
37.019	871.870	568.060
36.425	871.320	568.571
36.933	872.238	568.867
36.861	873.344	569.299
36.269	872.596	570.159
36.495	873.315	570.174
37.134	873.584	570.832
36.642	875.071	570.457
36.882	875.960	569.179
37.413	877.225	567.275
36.803	876.847	568.448
37.306	876.731	568.019
37.099	876.419	568.385
37.006	876.811	567.863
36.778	876.946	568.602
37.200	876.271	568.987
36.977	874.640	570.703
37.220	875.389	570.338
36.671	876.919	568.294
37.367	878.755	567.193
37.100	879.821	566.104
37.337	881.300	565.590
37.222	880.692	566.467
36.662	881.197	566.905
36.739	881.848	566.922
37.243	882.750	566.308
37.110	883.347	566.243
36.518	883.283	566.884
35.739	883.202	568.050
35.895	883.083	568.612
35.445	883.074	570.373
35.591	882.269	570.237
35.724	881.122	571.353
35.832	879.261	571.372
35.492	878.181	572.172
36.258	876.805	571.664
36.204	876.772	572.659
36.335	875.770	573.665
35.838	874.834	574.328
36.198	874.527	574.477
35.708	875.226	574.800
35.513	874.861	575.664
36.079	875.555	574.924
35.973	875.437	574.792
35.914	874.942	574.856
35.847	875.844	574.973
36.279	875.554	574.289
35.964	876.480	573.708
35.918	876.514	572.564
35.500	876.479	573.295
36.377	875.125	572.915
36.428	875.137	573.236
35.573	876.758	571.993
37.018	877.326	570.415
37.191	877.816	569.744
36.741	878.652	569.784
35.786	879.718	570.105
35.431	881.539	569.773
35.328	882.483	570.309
34.644	883.270	569.751
36.234	884.269	568.972
36.396	883.979	569.034
35.744	883.615	568.896
36.198	883.095	569.922
36.595	882.086	571.003
35.896	880.455	572.512
36.444	880.882	571.672
36.363	880.152	571.661
36.327	879.500	571.068
36.562	879.923	570.391
36.639	879.969	569.319
36.552	879.436	568.846
37.243	879.371	568.902
36.718	878.878	568.749
36.654	878.854	568.773
36.506	879.726	568.506
36.833	880.017	568.480
36.798	879.764	567.446
36.817	879.774	567.160
35.666	880.300	567.624
36.281	879.288	569.160
37.011	880.056	568.626
36.173	881.170	569.393
36.540	882.017	568.223
37.109	882.607	566.790
36.671	883.576	566.398
36.585	883.025	566.871
36.486	884.152	566.884
36.418	885.026	566.906
36.060	884.206	568.236
36.272	884.820	567.801
35.518	885.655	567.845
35.958	886.779	568.515
35.703	887.852	569.931
36.108	888.023	569.312
35.437	889.168	568.804
35.410	889.685	569.998
35.530	890.108	570.266
36.105	889.698	569.620
35.709	891.085	568.943
35.337	891.256	570.283
36.149	890.744	570.218
36.400	889.895	570.386
35.846	890.621	568.811
36.441	890.274	568.886
35.872	889.227	568.796
36.798	888.479	568.014
36.808	887.362	567.135
36.487	885.343	566.841
35.962	884.403	568.304
36.490	883.708	568.332
36.788	884.405	566.994
36.702	883.545	567.770
36.263	884.059	568.027
36.510	883.421	567.944
36.038	883.303	567.752
35.631	884.459	568.419
35.873	885.443	567.761
35.630	885.773	567.765
35.960	885.995	568.682
35.907	885.719	570.422
35.115	885.612	571.259
34.543	886.354	571.836
34.519	886.474	572.459
34.272	886.199	572.093
35.539	886.347	572.947
36.085	887.277	571.888
35.795	887.920	572.052
36.294	887.785	571.324
36.036	888.350	570.640
36.619	886.907	571.053
36.498	886.160	570.948
36.073	886.279	570.177
35.802	884.785	570.599
36.275	884.110	570.217
36.223	882.941	568.834
35.639	882.068	569.850
36.062	880.867	570.007
36.230	880.056	569.361
36.279	879.867	569.571
36.609	880.042	569.622
36.660	880.183	568.717
36.829	879.609	568.710
36.847	879.975	568.933
37.031	880.160	568.345
36.443	880.328	568.904
36.063	881.355	568.812
35.649	881.338	569.687
35.366	880.611	571.552
35.110	880.466	572.117
35.621	879.924	572.030
35.179	879.480	572.258
33.828	878.803	572.142
33.669	878.354	572.384
32.961	877.878	571.626
32.347	877.828	572.617
31.588	877.150	572.865
32.364	875.380	573.246
33.220	875.531	571.285
32.892	875.755	571.468
31.963	876.628	569.467
30.997	877.371	569.706
31.490	876.968	570.812
31.723	876.541	570.972
31.594	876.546	570.049
31.588	876.222	570.078
32.572	874.138	570.228
32.755	873.890	570.212
32.347	873.601	569.758
32.777	873.533	570.480
33.530	874.344	569.698
32.866	874.525	568.742
32.497	875.427	568.658
34.341	875.036	569.937
33.802	876.176	569.655
34.187	876.341	570.264
35.769	876.729	570.708
36.225	878.955	569.644
36.175	880.348	569.449
36.137	881.457	569.338
35.955	880.368	569.946
35.780	880.865	570.358
35.486	881.855	570.530
36.099	882.510	570.661
36.313	883.746	570.035
36.303	885.011	569.036
36.653	885.225	568.480
36.434	884.985	567.871
36.153	883.503	568.100
35.900	883.206	568.432
35.504	883.282	569.281
36.221	881.880	569.447
36.160	882.079	569.196
36.166	881.853	568.853
36.785	882.354	568.198
37.244	882.292	567.334
36.015	882.206	567.878
35.589	880.738	568.755
35.969	880.464	569.266
36.313	879.414	569.847
36.874	879.805	569.980
36.288	880.336	570.212
36.344	881.515	568.443
35.487	882.786	569.267
35.778	883.599	569.981
36.276	884.892	569.742
36.334	884.874	570.169
36.309	886.356	569.306
35.978	885.330	569.385
35.950	884.467	569.258
35.626	884.870	569.057
35.407	885.780	569.790
35.805	886.746	569.377
36.061	886.747	570.251
36.539	887.211	569.574
36.281	886.348	570.063
35.886	886.760	569.412
36.065	886.974	569.731
36.537	887.411	569.456
35.829	886.968	569.998
36.049	886.886	570.271
35.384	886.796	570.835
35.487	885.921	571.740
35.733	885.411	572.641
35.569	884.526	573.626
36.004	884.370	574.504
35.612	883.964	574.919
36.099	883.113	575.154
37.062	883.167	573.782
36.726	883.320	572.240
36.324	882.925	571.532
36.580	883.812	571.806
35.850	885.255	571.173
36.044	886.040	570.625
36.643	887.096	569.480
36.538	886.925	568.119
36.249	886.201	568.648
35.869	885.827	568.858
36.608	885.589	568.617
36.841	885.455	567.216
36.682	883.865	566.060
37.058	883.943	565.931
36.201	882.537	566.349
36.790	882.335	567.214
36.543	881.980	567.290
36.769	882.025	566.586
36.468	882.081	568.130
37.021	882.763	567.281
36.857	883.648	567.374
36.669	883.732	567.056
36.532	883.955	567.712
36.296	883.629	567.944
36.637	884.621	566.445
36.752	884.658	566.451
37.469	885.910	565.044
36.804	885.100	565.129
36.819	884.175	565.817
36.975	882.634	566.236
37.044	882.255	566.558
37.246	880.970	566.906
36.829	880.235	566.468
37.404	879.593	565.388
37.541	879.528	564.798
37.339	879.464	565.628
37.037	878.928	566.741
37.247	877.939	568.006
37.555	878.134	567.307
37.615	879.096	565.813
37.485	879.375	565.763
37.426	879.930	566.321
37.184	880.021	566.653
37.061	880.726	566.849
37.109	881.333	566.386
37.181	881.302	566.235
37.277	881.877	566.150
36.303	882.036	567.457
36.432	881.664	567.544
36.668	881.055	568.483
36.119	881.417	568.799
35.798	881.351	569.117
36.259	882.298	568.834
36.096	882.451	569.105
36.389	882.187	568.730
36.216	881.722	569.519
36.179	881.598	569.846
35.960	880.257	571.367
35.837	878.755	571.830
36.352	877.776	571.684
36.635	878.937	569.893
36.161	879.185	569.951
35.677	878.830	570.723
35.658	877.691	572.346
35.358	877.766	572.768
35.312	879.319	572.575
35.263	880.639	571.347
34.673	881.361	571.076
35.927	881.111	571.194
35.901	880.963	570.933
35.523	881.956	570.712
35.935	881.954	570.811
35.736	882.136	571.369
35.549	880.903	571.456
35.697	880.759	570.285
35.339	880.355	571.013
35.104	880.399	571.083
34.923	879.878	571.565
35.381	880.982	571.267
35.971	881.070	570.976
35.639	880.090	572.012
35.294	880.797	571.734
35.774	881.437	571.320
35.821	880.932	571.062
35.859	880.059	571.369
35.453	880.196	571.496
35.238	879.748	572.389
35.380	880.824	571.585
35.977	881.993	570.532
35.849	882.170	570.811
35.985	882.985	570.258
36.252	883.099	569.157
36.272	883.668	569.320
36.066	885.031	568.057
36.246	884.780	567.816
36.089	883.911	567.865
36.171	883.481	568.526
36.010	882.377	569.324
36.366	881.248	568.737
36.641	880.853	568.840
36.377	880.816	569.065
36.470	881.283	568.815
36.732	882.610	567.460
36.410	883.287	567.398
36.335	883.867	567.685
36.268	883.483	568.928
36.492	882.125	569.118
36.464	881.418	567.955
36.972	881.695	567.358
37.084	880.946	566.970
37.012	881.476	567.173
37.177	881.097	566.836
37.001	882.284	566.833
36.716	882.992	566.748
36.164	882.832	568.532
36.297	882.613	569.451
36.350	883.286	569.297
36.335	882.228	569.229
36.518	882.365	567.534
36.264	882.052	568.444
36.833	881.347	568.328
36.880	881.425	567.956
36.924	879.825	567.470
37.048	879.174	567.906
37.141	877.252	569.411
36.302	875.381	570.463
36.662	874.096	570.836
37.112	874.955	569.987
37.639	875.918	568.473
37.571	875.899	568.388
37.097	876.856	568.453
37.228	877.570	567.231
37.398	878.299	566.571
37.022	877.638	567.316
36.627	878.235	567.035
37.102	878.105	567.507
37.267	878.675	567.786
36.631	878.612	568.564
37.467	879.153	568.270
37.403	878.925	568.481
37.177	879.658	566.880
37.757	881.219	565.857
36.971	881.459	566.671
37.602	882.104	565.729
37.288	882.459	566.246
37.701	882.303	565.077
37.499	883.277	564.362
37.182	882.874	564.455
37.018	884.055	564.502
36.837	882.956	564.749
36.665	883.206	566.020
36.993	882.976	566.030
36.377	881.841	567.650
36.373	881.926	568.389
35.894	882.634	568.718
35.665	882.385	570.199
35.902	881.464	570.062
35.703	881.697	569.407
36.237	881.979	568.865
35.637	882.053	569.063
35.034	883.021	569.459
35.345	883.180	569.758
35.675	882.416	571.217
35.320	882.740	570.680
35.231	884.397	571.723
36.174	883.606	572.074
36.068	883.958	572.363
36.421	883.411	572.362
36.803	882.304	571.258
36.331	881.066	570.674
36.111	881.289	570.142
35.497	881.795	570.384
36.388	882.073	569.511
35.248	882.611	570.293
35.642	883.356	571.583
36.538	884.075	570.174
36.014	885.627	568.953
35.803	886.834	568.312
35.580	887.060	568.971
35.343	886.844	570.071
35.429	888.216	570.219
34.717	889.485	569.894
34.172	890.487	569.798
34.683	891.488	569.973
34.047	890.782	571.152
34.165	889.841	571.847
34.785	888.484	573.185
34.577	887.446	574.321
35.758	886.321	574.626
35.720	886.636	574.852
35.154	886.892	575.066
35.590	886.944	575.075
36.197	886.406	575.238
35.920	886.570	574.806
35.356	886.921	574.219
35.394	886.333	574.758
35.794	885.836	575.139
35.817	886.216	575.096
35.351	887.043	574.607
36.109	889.340	573.194
35.919	889.993	572.573
36.524	889.844	572.872
36.439	889.778	573.286
35.952	888.613	574.047
36.445	888.319	574.538
35.304	886.872	575.534
35.733	886.602	575.865
35.868	885.703	575.930
36.565	885.971	575.016
36.657	885.088	574.044
36.504	885.177	572.646
36.447	884.714	572.002
36.535	884.131	571.440
35.943	882.845	570.639
36.194	882.138	569.997
36.358	880.702	569.755
36.169	880.916	569.806
35.714	881.419	570.446
36.068	880.837	569.618
35.886	880.740	570.275
36.126	880.604	570.513
35.791	880.218	571.895
35.600	880.333	571.348
35.648	879.761	571.383
36.236	879.663	570.911
35.985	879.137	571.161
36.223	878.378	571.086
36.088	877.491	571.143
35.872	877.254	571.287
36.431	877.001	570.909
36.763	876.772	571.145
36.613	876.389	570.616
36.786	876.007	571.352
37.174	876.268	570.204
37.615	876.588	568.521
37.001	877.358	568.396
36.725	876.373	569.355
36.761	876.411	569.993
37.136	876.876	569.823
37.380	878.644	568.107
36.902	879.326	568.331
37.444	880.161	567.658
36.449	881.064	568.272
36.195	881.846	568.079
36.926	881.373	566.955
37.304	881.332	566.985
37.124	882.083	566.492
36.287	881.160	567.076
36.669	880.308	567.880
37.215	881.040	567.533
36.536	882.044	567.254
37.309	882.744	566.176
36.508	882.835	566.282
37.173	882.509	565.555
37.267	882.744	564.899
37.390	883.416	564.128
37.396	882.973	564.588
36.931	883.659	565.094
36.710	883.381	565.943
36.801	881.727	566.689
37.294	881.934	566.615
37.231	881.580	565.994
37.373	881.800	565.736
35.960	880.772	566.221
36.397	879.915	566.234
36.351	879.209	566.769
36.961	878.636	568.514
36.598	877.686	569.337
36.361	876.266	570.410
36.853	875.693	570.179
36.812	876.351	569.603
37.058	876.092	569.040
37.086	876.678	568.523
37.211	876.092	569.467
36.995	874.711	569.721
37.123	874.729	569.936
37.077	875.831	569.310
37.339	875.315	570.317
36.737	874.955	570.710
37.273	875.772	570.869
36.642	876.886	569.887
36.492	878.790	570.061
35.891	880.056	569.510
36.080	880.328	570.684
35.363	881.101	570.835
35.737	880.469	571.912
36.019	880.433	571.546
35.734	879.689	571.693
36.338	880.313	570.600
36.266	880.601	569.863
36.029	880.717	571.303
35.318	880.898	571.794
34.655	881.690	571.060
34.756	881.514	572.557
35.849	880.721	573.893
36.276	880.556	574.315
36.052	880.699	573.122
35.493	879.785	573.497
35.842	879.213	573.166
36.133	877.812	572.658
36.411	877.518	572.835
36.532	877.471	572.987
36.401	876.636	572.991
36.492	877.626	572.107
36.513	878.781	571.367
35.786	878.661	571.809
35.645	878.134	572.223
35.399	876.788	573.497
34.756	876.324	573.180
35.585	876.230	574.158
34.705	876.237	574.269
35.400	875.855	574.963
36.263	875.537	574.601
35.833	875.720	574.941
34.760	875.793	574.920
35.674	875.309	575.577
36.308	873.743	576.553
36.844	874.406	575.181
36.958	873.713	573.341
36.781	874.216	570.463
37.279	873.578	568.862
37.152	873.997	569.505
37.451	875.009	568.438
36.937	875.739	568.384
36.723	876.250	568.887
37.435	876.123	568.407
37.700	876.608	567.335
37.349	877.983	566.179
37.493	877.614	566.126
37.217	879.040	565.881
37.413	879.519	566.448
37.257	880.094	565.844
36.718	880.513	566.628
37.568	881.293	566.365
37.215	882.083	566.023
36.600	882.139	566.871
36.715	882.680	566.989
35.761	883.795	568.337
36.072	882.722	569.312
36.319	882.268	569.830
35.477	881.941	570.899
35.802	881.180	570.773
35.732	880.796	570.710
35.874	881.124	571.057
35.857	881.940	570.770
35.808	883.101	570.914
35.425	884.307	570.994
35.358	884.142	570.829
34.675	884.065	571.249
36.087	883.911	571.241
35.998	883.329	571.662
35.399	884.147	571.712
36.710	886.216	570.327
35.653	887.074	569.516
34.826	886.734	570.982
35.500	886.203	572.473
36.177	885.240	572.382
36.024	883.319	572.315
36.060	881.586	572.179
36.359	881.868	571.905
35.089	882.541	572.280
35.814	883.431	572.430
36.235	883.004	572.016
36.361	882.970	571.984
34.995	883.272	572.385
34.588	883.230	572.331
34.498	883.195	571.554
35.817	884.050	572.326
34.366	884.157	572.182
34.495	883.617	573.383
34.136	884.103	574.210
33.742	882.666	574.851
34.335	882.715	574.942
34.598	883.547	574.885
36.252	883.093	575.106
36.314	882.211	574.580
36.283	881.691	574.754
36.099	880.772	575.947
36.693	879.827	576.735
36.925	878.437	577.353
36.672	877.691	576.671
37.278	878.406	575.101
36.422	876.901	573.521
36.346	877.037	571.679
36.500	875.487	571.588
36.713	875.238	570.870
36.557	873.595	572.039
36.987	874.014	572.292
37.426	874.476	571.427
37.124	873.976	571.286
37.367	875.366	569.473
37.221	875.777	569.304
37.132	877.399	568.283
37.168	878.462	567.975
36.840	878.503	568.825
35.563	880.109	569.503
35.913	880.836	570.300
36.567	882.102	568.977
36.645	883.138	568.144
36.613	881.780	568.339
36.759	881.858	567.963
36.225	881.738	568.642
36.066	882.177	569.082
36.496	882.964	568.620
36.370	882.450	568.704
36.125	882.242	568.390
35.957	882.584	567.770
35.976	883.622	568.278
36.536	884.774	567.785
37.009	886.480	566.606
37.175	886.754	565.565
37.091	887.352	564.869
36.519	887.166	565.619
35.839	887.193	567.084
35.867	887.512	567.659
36.155	888.291	568.265
36.101	889.069	567.812
36.236	888.989	568.453
36.103	887.418	569.210
36.222	886.578	568.889
36.776	886.070	567.769
36.627	884.943	566.452
35.826	883.477	566.470
36.676	882.111	566.725
36.416	881.448	567.690
37.165	881.139	566.904
36.066	879.369	567.384
36.893	878.136	567.676
37.145	878.771	567.420
37.026	880.222	567.308
36.722	880.431	567.532
36.985	880.505	567.806
36.885	881.761	567.008
36.901	881.434	567.474
37.177	880.716	567.691
36.842	880.054	567.761
37.000	879.746	568.195
36.726	880.064	568.517
36.310	881.441	568.132
35.277	881.866	569.319
35.342	882.630	569.964
35.090	884.353	570.280
35.696	884.644	570.338
35.945	885.312	569.644
35.652	885.545	570.595
36.153	885.723	570.448
35.814	884.303	570.543
36.104	882.694	572.360
36.045	882.326	572.050
34.925	882.713	572.853
35.847	882.986	573.116
34.711	883.580	572.878
34.356	884.845	573.057
36.003	884.551	572.991
35.778	884.361	573.026
36.852	882.879	573.158
36.327	882.640	572.867
36.316	883.474	572.205
36.917	883.232	570.828
36.966	882.376	569.720
36.490	882.187	568.845
36.417	882.779	568.429
36.322	882.254	568.189
35.501	881.391	569.342
36.178	881.394	568.361
36.109	880.970	569.129
36.159	880.311	569.703
36.402	880.958	568.455
36.545	881.885	568.180
36.528	882.786	568.086
36.051	883.148	568.833
35.953	883.141	568.693
35.820	882.279	569.964
35.836	883.271	568.681
35.956	883.811	568.749
36.545	883.509	569.446
36.825	883.571	568.167
36.175	884.778	567.638
35.938	885.658	568.833
36.316	886.150	568.745
36.186	885.664	568.876
35.753	886.279	568.859
36.054	886.405	568.012
35.994	886.398	568.055
35.708	885.630	569.144
35.753	885.895	569.708
35.587	886.038	570.075
36.340	885.366	570.353
36.016	884.278	569.862
36.391	884.873	568.273
36.758	884.721	566.685
36.707	884.010	566.436
37.479	884.791	565.030
36.549	884.226	565.711
36.267	883.453	566.549
36.969	883.295	567.392
36.132	883.693	567.676
35.731	884.594	568.362
36.483	884.404	568.137
36.440	884.520	567.145
36.493	885.142	567.247
35.487	884.842	568.271
35.507	884.523	568.904
36.754	885.335	568.181
36.543	885.344	567.510
36.144	885.332	567.967
35.780	885.256	568.736
35.884	884.928	569.432
35.760	884.157	568.875
36.287	883.593	569.194
36.177	883.227	569.448
36.189	882.256	569.062
35.748	881.005	570.156
35.942	880.358	570.915
35.442	879.861	571.865
35.431	881.120	571.834
33.462	881.143	571.157
33.412	881.003	570.758
34.120	881.509	571.022
34.614	881.694	571.892
34.030	882.850	571.803
35.379	883.077	572.569
35.730	883.025	573.136
35.422	883.531	572.953
35.600	884.867	571.870
36.317	884.357	572.100
36.257	883.286	572.825
36.236	882.428	572.976
35.292	881.927	573.337
35.999	882.167	572.306
36.800	882.317	570.932
36.122	881.787	570.647
35.897	880.903	571.117
35.426	880.027	571.660
34.825	879.878	572.545
35.324	878.973	573.124
34.609	879.325	573.491
34.906	879.562	572.643
35.656	880.510	572.105
36.464	881.179	571.501
35.478	880.730	572.383
34.786	881.315	571.506
34.706	881.841	571.680
35.727	882.549	571.026
36.137	882.367	571.266
36.281	881.562	570.837
35.925	881.076	571.055
36.080	880.224	570.923
35.798	880.644	570.182
36.212	881.490	569.295
36.182	881.681	568.940
34.911	882.849	568.058
34.629	884.793	567.458
33.880	885.482	567.553
33.753	886.088	569.492
34.812	885.704	570.730
35.796	886.323	570.836
36.352	886.418	570.475
36.301	885.201	570.161
36.731	883.955	570.170
36.273	884.236	569.543
36.472	883.437	569.293
37.107	883.261	567.500
37.124	882.695	566.210
37.092	883.213	566.026
36.068	883.889	566.930
35.959	883.191	567.803
35.785	882.505	568.974
35.944	881.584	570.586
35.824	880.534	571.430
35.573	880.272	571.502
35.936	879.133	571.903
36.256	877.863	572.336
36.094	879.251	571.030
36.214	878.969	570.481
36.134	879.967	570.028
36.026	879.346	570.960
36.482	879.167	570.181
36.367	880.038	569.060
36.581	880.185	568.814
36.201	880.400	568.853
36.360	878.951	569.523
35.613	878.789	570.201
35.117	879.352	571.566
35.515	879.981	572.016
36.447	880.378	570.613
36.457	879.515	569.947
36.070	879.472	570.766
36.402	878.886	571.070
36.059	878.919	570.635
35.649	878.788	572.001
35.497	879.099	571.844
35.400	878.941	573.290
34.082	878.568	573.026
35.092	879.080	572.877
32.878	879.112	571.634
32.319	879.229	571.153
31.692	878.000	572.023
31.082	877.894	572.753
31.740	877.095	573.335
32.528	877.375	571.813
32.470	877.074	571.262
32.533	876.227	569.827
32.338	874.481	570.203
32.865	874.286	569.932
33.071	874.979	569.660
34.354	876.006	569.639
35.894	877.487	569.936
35.922	878.529	570.986
36.417	878.186	571.188
35.974	877.930	571.865
35.895	879.394	570.501
35.635	879.427	571.484
35.113	880.007	570.959
35.842	878.768	572.203
35.039	877.526	572.271
35.865	876.796	572.818
36.148	876.215	573.444
36.628	874.863	573.194
35.416	873.671	572.820
34.990	872.740	574.149
33.753	872.063	574.733
34.091	871.805	575.697
34.242	871.066	577.183
34.387	870.395	577.219
35.179	868.400	576.823
34.887	868.321	577.639
35.509	868.586	577.530
36.114	868.820	577.941
36.316	869.131	577.849
36.865	870.005	576.682
37.083	871.170	575.333
36.179	871.855	575.390
35.591	871.795	576.006
35.519	871.358	576.641
36.581	870.988	576.691
36.507	871.156	576.844
36.073	870.835	577.047
36.481	871.750	576.211
36.313	871.625	576.116
36.641	871.196	576.597
36.362	870.533	577.062
36.235	870.168	576.654
36.683	869.591	577.263
36.895	871.169	576.639
36.746	872.507	574.940
36.511	873.250	574.454
37.075	872.969	573.914
36.657	872.677	574.287
36.402	871.429	574.564
36.527	870.476	575.189
36.292	870.126	575.151
36.089	870.607	575.932
36.274	870.790	575.958
35.209	870.230	575.862
35.877	869.743	576.190
35.268	870.639	575.898
34.591	871.169	576.317
35.957	870.684	576.677
35.035	870.555	577.555
35.715	871.638	577.883
36.083	871.658	577.950
34.848	872.777	577.562
36.316	872.693	577.262
36.817	873.493	575.235
36.583	872.883	574.484
36.983	872.808	573.986
36.874	872.805	573.795
36.368	872.911	574.078
34.966	873.270	574.217
32.678	872.795	572.998
32.648	872.943	572.457
31.789	872.962	571.107
31.113	871.820	572.314
30.607	872.368	574.626
31.811	871.891	575.613
31.164	872.457	574.108
31.335	871.528	574.621
31.444	870.931	574.068
32.122	870.898	573.064
32.236	870.541	571.661
32.327	870.331	572.169
31.242	868.925	570.586
30.796	868.551	571.106
31.206	867.752	570.285
31.677	868.055	569.134
31.124	866.807	567.382
31.126	866.830	568.006
30.562	866.798	568.448
30.778	867.307	570.214
30.631	867.972	570.264
31.084	868.226	571.036
30.556	869.164	571.029
31.396	868.794	569.216
31.411	868.847	569.285
30.986	868.505	570.251
31.210	869.203	569.873
30.464	869.294	570.207
30.722	869.260	571.516
31.837	869.051	569.724
31.125	869.263	569.385
30.996	869.550	568.882
31.267	871.436	568.527
31.736	870.719	567.780
31.921	870.735	567.885
30.962	871.788	566.625
30.554	872.468	567.078
31.777	872.222	568.022
31.445	872.123	568.117
32.288	872.488	567.085
32.608	871.199	567.118
32.005	870.523	567.808
32.181	870.577	568.308
32.818	871.863	567.983
32.635	872.939	567.060
32.244	872.824	567.072
31.243	872.543	566.195
32.183	872.940	566.959
30.987	872.706	567.065
31.307	873.155	566.257
30.509	873.041	566.087
31.134	873.018	566.296
30.783	872.395	566.210
31.136	871.975	566.197
31.022	871.729	565.606
31.323	872.330	566.063
31.266	872.719	565.644
31.242	872.825	566.810
31.431	872.200	565.462
32.480	872.233	565.039
32.388	872.324	564.216
30.982	872.175	563.281
30.775	872.386	563.433
31.209	872.285	562.220
30.399	872.190	563.663
31.166	871.620	562.968
30.710	871.772	562.816
30.724	871.947	564.606
30.811	871.632	565.132
31.255	871.711	564.922
31.188	872.584	566.975
30.666	872.515	566.904
31.999	873.144	567.506
32.897	872.866	568.160
32.577	873.993	568.163
32.571	873.922	569.511
33.432	874.287	569.514
31.977	873.394	568.515
31.025	872.725	570.116
30.706	872.676	569.271
31.368	873.355	569.112
31.005	874.250	570.327
31.098	874.493	569.882
31.714	875.284	569.967
30.625	875.033	572.678
31.699	875.613	572.015
31.350	876.516	571.938
32.491	877.979	571.615
31.819	878.096	571.909
32.424	877.952	571.113
32.536	878.253	570.250
31.864	879.006	569.681
32.141	879.708	570.322
31.675	880.390	569.913
32.969	880.088	570.231
33.916	879.458	571.170
34.627	878.193	572.432
35.565	877.199	573.135
35.688	876.612	573.695
36.845	877.833	572.583
36.408	878.824	571.093
35.465	879.456	570.887
35.941	879.613	571.290
35.999	879.769	571.661
35.957	879.292	572.029
36.673	880.294	569.278
36.087	880.538	569.404
36.294	881.622	569.052
36.265	880.789	569.526
36.208	879.569	570.035
36.241	879.128	569.492
36.682	878.429	569.094
37.184	878.058	568.759
37.414	878.667	567.908
37.019	879.539	566.882
36.908	879.849	567.101
36.538	880.992	567.161
37.011	881.484	566.817
37.123	881.835	566.713
36.860	881.857	567.215
36.340	881.122	567.904
36.681	880.510	567.416
37.355	881.117	566.566
36.822	882.219	566.852
36.051	881.843	567.553
36.249	882.495	567.891
34.661	882.259	568.401
36.425	882.859	568.613
35.649	883.903	569.108
36.284	883.870	568.944
35.820	883.543	569.375
35.218	885.061	568.817
35.278	885.611	568.598
35.713	886.896	568.538
35.833	887.941	568.714
36.423	888.162	568.751
36.041	887.495	569.284
36.406	885.387	570.104
36.388	885.771	569.381
36.532	885.816	567.912
37.028	884.065	567.041
36.003	882.530	565.044
36.728	881.977	565.111
36.491	881.181	565.971
37.350	880.068	566.717
36.995	878.770	567.112
36.898	878.532	567.351
36.923	878.316	567.528
36.942	879.241	567.801
36.430	880.178	568.614
36.703	881.767	567.760
37.177	883.114	566.780
37.405	883.148	565.997
37.261	883.611	565.794
37.045	884.056	566.158
36.271	883.813	566.985
36.535	883.431	567.099
36.117	882.129	567.975
37.274	882.680	567.086
36.528	882.103	567.393
36.653	881.099	567.091
36.336	879.508	567.366
36.386	878.268	565.351
37.024	876.050	564.614
36.997	874.868	564.717
36.734	873.557	565.022
37.062	873.499	564.893
37.009	872.010	565.291
36.779	872.542	564.771
36.465	873.575	564.617
36.694	875.216	565.844
37.232	876.192	565.851
37.590	876.441	565.807
37.620	876.275	565.639
36.956	876.527	567.022
36.421	878.660	567.562
36.602	880.035	568.082
36.011	881.246	568.298
36.531	882.244	567.219
36.888	882.121	566.445
37.704	883.295	564.287
37.926	884.237	562.643
36.977	884.979	562.842
36.495	884.696	564.570
36.185	886.941	565.330
35.940	886.638	565.953
36.246	886.192	566.759
35.958	885.483	566.904
36.299	885.071	567.784
36.284	885.053	568.007
36.237	884.439	568.343
36.238	883.866	568.088
35.729	883.380	569.403
35.060	883.050	570.228
35.015	882.494	571.096
35.428	881.911	571.294
35.616	881.094	571.405
36.234	879.613	571.611
36.205	880.194	570.958
36.437	880.172	569.627
36.703	880.546	568.471
36.394	880.995	567.907
36.406	880.351	569.077
36.146	878.204	569.367
35.579	876.463	570.170
36.273	875.951	571.442
36.409	877.140	570.760
36.499	874.904	571.993
36.212	874.390	573.089
36.362	874.377	573.163
36.661	874.462	572.770
37.349	875.111	571.395
36.889	875.911	570.267
36.214	877.084	571.269
36.107	877.070	571.207
36.297	877.445	571.080
36.639	876.707	570.782
36.580	876.509	570.354
36.474	875.166	570.585
36.522	873.069	571.703
36.449	872.499	571.539
36.697	871.233	571.954
36.610	871.115	572.069
36.616	870.040	573.017
36.299	869.982	573.999
36.765	870.806	572.930
36.905	871.931	571.777
36.680	872.449	571.812
36.755	871.193	572.143
37.087	870.529	571.903
37.238	871.269	571.743
36.787	871.048	572.235
36.855	870.977	572.409
36.839	871.302	572.684
36.778	871.464	572.791
36.370	870.167	574.042
36.768	869.484	573.629
36.351	868.949	574.520
36.593	868.542	574.728
36.889	869.490	575.207
36.637	868.704	574.543
36.915	869.196	574.614
36.716	868.774	574.367
36.793	869.505	574.001
36.775	869.966	574.996
36.587	870.633	574.718
36.770	873.172	574.172
36.657	873.905	573.578
36.727	874.166	573.560
35.725	875.255	573.934
35.955	875.156	573.365
34.360	875.850	571.993
33.952	877.590	570.453
34.157	878.587	569.970
34.362	879.247	570.437
35.837	880.092	571.044
35.756	879.860	571.479
35.428	880.132	571.148
35.755	881.305	570.486
35.793	881.581	569.919
35.493	882.007	570.147
36.400	882.448	569.201
36.718	881.895	568.270
36.189	881.330	568.801
35.886	880.296	569.733
35.932	879.016	571.525
36.505	879.184	571.136
36.334	878.557	570.372
35.790	878.895	570.526
36.363	878.239	571.315
35.679	877.930	571.614
36.725	879.475	570.898
35.943	879.728	570.524
35.602	881.063	569.915
35.752	882.161	568.980
35.890	883.501	568.732
35.421	885.448	568.648
35.869	886.468	567.563
36.062	886.493	568.115
35.266	887.369	568.376
35.669	888.709	568.271
36.196	887.870	569.571
36.086	886.813	569.297
36.340	887.193	568.983
35.654	888.065	569.193
35.931	888.061	570.512
36.215	887.495	571.826
35.922	887.802	571.385
36.193	887.184	571.701
36.190	886.316	572.082
36.127	885.597	571.238
35.760	885.938	571.079
35.276	884.984	571.827
35.740	884.233	572.682
36.483	883.119	573.602
36.549	881.840	574.599
36.370	881.211	575.319
36.425	880.871	574.386
35.752	881.422	573.499
34.489	881.119	572.719
33.743	880.991	572.805
35.432	881.217	572.690
35.631	882.668	572.448
35.905	882.324	572.294
35.288	882.338	572.100
35.740	881.737	572.623
36.190	881.145	573.418
36.146	879.117	572.573
35.812	877.766	573.270
36.267	877.904	572.490
35.592	878.027	572.406
35.282	877.572	572.679
35.317	877.284	574.148
35.266	877.431	573.562
35.285	877.872	573.424
34.377	878.887	572.122
33.516	879.421	571.433
32.903	878.323	570.919
31.876	877.663	572.441
31.921	878.488	571.763
32.500	877.439	571.885
32.078	877.768	571.693
33.011	878.038	571.327
32.136	877.874	571.390
32.334	877.594	571.352
32.177	877.214	570.913
33.876	876.503	570.675
34.636	877.146	571.780
35.216	877.250	573.147
35.648	878.729	571.404
35.239	880.354	570.417
35.807	881.004	569.333
35.642	882.287	569.563
36.453	881.968	569.297
36.931	882.280	567.616
36.385	881.118	567.599
37.098	882.033	567.398
36.746	882.914	566.332
36.551	882.052	566.528
36.711	880.688	566.385
36.552	880.292	566.249
36.578	878.976	566.814
37.204	878.237	566.477
37.414	876.737	566.609
36.274	875.665	568.646
36.807	875.295	569.619
37.305	875.001	569.194
36.907	873.856	569.992
37.329	873.960	570.075
36.915	873.543	570.349
36.906	875.111	570.442
37.106	875.856	569.260
37.215	876.675	568.936
37.166	877.525	568.699
36.768	878.098	569.100
36.349	879.024	568.491
36.830	880.044	568.069
36.779	881.095	567.875
36.453	881.157	568.353
36.003	880.983	568.783
35.038	881.115	570.672
35.259	880.685	571.803
33.965	880.511	572.074
33.885	880.064	571.865
33.906	879.866	572.175
33.696	879.729	571.755
33.445	880.229	571.526
33.401	879.696	571.043
33.056	880.254	570.482
32.025	880.587	568.661
32.932	881.229	569.845
33.375	881.056	569.539
32.980	880.839	569.092
33.774	881.699	568.882
35.569	882.826	569.441
35.339	883.068	569.827
35.940	883.638	569.240
36.536	883.865	569.620
36.292	884.418	569.834
36.673	883.626	570.214
36.270	884.299	569.267
36.389	883.868	568.478
36.845	883.384	567.818
36.490	882.783	568.552
36.792	882.725	568.493
36.684	883.327	567.932
36.771	882.761	566.867
37.068	883.085	566.335
37.015	882.186	565.404
37.135	881.515	565.447
36.741	880.976	565.667
37.050	879.786	567.531
36.870	878.976	568.764
36.894	879.108	569.076
36.895	880.057	568.065
36.393	880.360	569.228
36.925	880.960	568.697
36.244	882.424	568.457
36.186	881.635	569.161
37.097	881.882	568.742
36.581	882.720	567.855
36.665	882.760	568.018
35.882	883.173	568.436
36.194	883.173	568.788
36.539	882.145	570.182
35.456	882.502	569.913
36.003	883.949	569.151
36.286	883.284	569.662
35.138	882.682	571.151
34.947	882.867	571.955
35.254	884.590	571.380
34.870	885.382	571.602
35.350	885.053	572.832
34.512	886.123	573.180
33.361	885.707	572.616
33.677	885.901	572.682
34.615	885.758	573.375
34.295	885.984	572.849
35.130	885.368	573.806
34.820	886.782	573.649
35.329	888.066	574.554
36.726	887.736	574.691
36.425	888.409	573.458
35.656	889.369	572.609
35.864	890.066	572.372
35.593	891.110	571.495
35.925	892.763	570.419
35.805	893.052	570.238
35.540	891.347	571.566
36.061	891.718	572.024
36.011	893.103	570.743
35.743	892.691	571.106
35.978	891.791	572.209
35.733	892.465	572.150
36.383	891.619	571.639
36.856	892.514	569.999
36.295	891.126	570.036
36.754	889.446	569.649
36.438	888.160	569.357
36.813	887.929	568.171
36.718	888.330	567.430
35.756	887.764	567.833
35.665	886.940	569.301
36.304	885.875	569.728
35.624	885.543	570.582
35.818	885.474	571.543
36.174	884.741	572.244
35.890	884.542	572.040
35.956	884.343	572.615
36.007	884.608	573.118
35.260	886.642	572.154
36.239	886.717	571.561
35.170	887.809	571.503
35.756	889.296	570.886
35.479	888.863	571.535
35.269	889.424	571.975
35.633	888.560	571.994
35.616	889.440	571.553
33.093	889.096	570.201
32.519	888.328	569.807
31.789	887.924	570.055
32.742	888.180	569.629
33.504	888.785	570.279
34.766	888.472	570.968
35.122	887.270	571.695
35.285	887.438	572.270
35.752	887.301	572.761
35.946	887.022	573.956
36.365	887.805	573.295
36.225	888.914	571.742
35.590	889.385	571.847
35.601	889.194	571.834
35.973	889.333	572.421
35.833	889.319	572.403
34.066	888.974	573.006
32.561	889.076	572.239
34.590	889.621	571.596
35.370	889.845	572.596
36.664	889.549	572.725
36.533	890.280	571.974
36.383	888.896	571.763
36.328	887.813	570.765
36.260	888.552	568.938
37.007	888.262	568.908
36.314	886.638	568.378
35.950	885.069	568.397
36.603	883.378	567.459
36.830	882.834	567.001
36.779	883.693	567.802
36.949	883.406	567.337
36.108	882.592	567.991
36.103	882.019	569.112
35.997	881.672	569.095
36.018	881.164	570.009
35.432	880.217	570.568
36.245	878.257	571.766
36.673	878.093	571.053
35.525	878.862	571.490
34.565	878.753	572.001
34.330	878.886	572.652
35.459	879.656	572.304
35.310	880.748	571.165
35.699	879.907	572.721
35.725	879.509	572.948
35.940	880.750	572.025
35.368	881.629	571.635
35.527	881.791	572.651
36.305	881.716	573.649
35.961	880.773	574.414
36.481	879.584	574.318
35.831	879.023	574.491
36.075	877.894	574.751
35.611	878.487	574.660
35.857	880.075	572.184
35.403	880.992	570.883
35.682	881.282	571.684
35.841	881.082	570.936
35.593	881.485	570.926
36.108	881.150	570.897
36.162	881.623	569.651
36.161	881.642	569.205
36.376	882.310	569.000
36.171	881.677	568.952
36.020	882.504	568.810
35.872	882.823	569.223
36.126	884.043	568.939
35.972	884.032	568.670
35.960	883.452	569.717
36.334	882.269	570.027
36.042	882.608	570.022
36.071	882.354	569.628
36.336	882.333	569.792
35.425	881.921	570.277
35.897	882.275	570.658
35.779	881.651	570.229
36.040	880.509	570.369
36.208	880.051	570.595
36.095	879.977	570.477
36.411	879.589	570.807
36.354	879.384	570.357
36.330	879.228	569.488
36.565	879.369	568.784
36.481	879.741	568.855
35.777	880.203	569.752
35.877	881.152	569.444
34.584	881.700	568.790
34.178	881.817	569.617
35.706	881.782	569.913
36.208	881.788	569.822
35.709	882.819	570.254
36.488	883.497	569.252
36.211	884.189	568.806
35.944	884.543	569.325
36.248	884.652	568.766
36.533	884.730	568.883
36.553	884.499	569.634
36.509	883.974	570.206
36.103	883.630	569.661
35.699	885.077	569.998
35.221	885.213	570.742
35.970	884.982	571.956
35.532	884.883	572.734
35.579	885.876	572.736
35.916	886.016	573.336
36.650	886.272	572.658
35.822	886.868	573.093
35.366	886.720	573.069
36.070	887.559	573.151
34.599	888.430	573.305
35.945	887.564	573.526
36.164	887.964	574.263
36.502	887.923	574.105
36.106	887.965	573.526
36.167	886.894	574.583
36.469	885.975	575.376
35.665	885.859	574.797
36.948	886.329	573.843
36.191	885.602	573.385
36.629	884.930	572.619
36.060	885.592	572.436
36.092	885.441	573.200
36.369	885.544	571.644
35.549	885.604	572.325
36.027	885.162	572.566
36.063	883.825	573.405
36.144	883.334	572.961
35.799	882.215	573.671
36.871	881.589	573.733
36.958	881.443	573.118
36.331	880.990	571.320
36.329	880.464	571.643
35.124	879.698	572.806
34.851	878.233	573.053
36.513	876.097	573.511
36.233	875.276	573.427
36.257	874.672	572.972
36.631	875.141	573.517
36.690	874.765	573.352
36.029	874.194	573.670
36.317	873.336	573.967
35.874	873.311	574.311
36.565	874.412	573.647
37.176	874.402	572.606
36.942	874.787	570.568
37.311	875.632	569.488
36.278	876.023	570.313
36.111	875.744	571.514
36.337	876.989	571.438
36.265	877.617	570.189
36.200	878.023	570.778
36.154	876.376	572.035
36.599	875.392	572.152
36.287	876.382	570.804
36.448	876.124	572.061
36.560	875.346	571.891
36.301	875.854	571.417
36.136	877.313	571.200
36.133	877.195	571.506
35.222	876.202	573.141
34.914	877.840	571.318
35.571	879.011	570.622
36.451	878.559	570.791
36.771	879.206	569.833
37.439	879.081	568.498
36.874	880.394	567.991
36.454	881.392	567.517
37.004	883.243	566.462
36.963	884.140	566.090
36.782	884.035	566.562
36.403	885.392	566.643
33.775	885.698	568.016
35.015	887.045	569.302
35.686	885.478	571.291
35.806	885.666	571.438
36.563	886.018	570.335
35.578	886.082	569.966
34.944	886.389	570.979
35.309	887.097	570.797
35.186	886.978	571.465
35.498	886.508	572.027
36.264	886.096	572.567
36.173	887.137	572.221
35.718	887.235	572.437
35.195	886.264	572.194
35.381	886.852	572.356
36.291	886.087	572.669
36.213	885.904	572.934
36.211	885.052	571.181
36.168	883.497	570.320
35.954	882.945	570.115
36.274	882.734	570.426
36.057	882.591	570.748
36.009	882.291	570.989
36.201	880.417	570.187
36.163	880.830	569.647
36.010	881.302	569.465
36.102	880.129	569.862
36.740	881.668	568.878
37.084	882.017	567.610
37.259	883.415	566.318
36.543	883.178	566.467
36.559	883.364	567.033
36.034	883.488	567.525
35.598	883.599	567.908
35.824	884.853	568.558
35.632	884.946	568.945
35.356	885.184	569.408
35.616	883.904	570.427
35.174	883.439	570.776
35.621	882.160	571.823
36.298	880.323	572.712
35.400	879.035	572.066
36.016	879.093	571.519
36.065	877.814	571.654
36.074	875.931	572.275
37.010	876.239	571.529
37.128	876.298	570.669
36.831	878.058	570.092
36.426	879.396	569.391
35.910	880.326	568.918
35.786	880.741	569.246
35.746	881.674	570.332
35.669	882.552	569.636
35.416	883.579	570.018
35.599	884.401	570.450
35.822	883.878	569.918
36.278	884.815	568.866
35.580	884.388	569.232
35.242	883.357	569.870
35.983	880.861	571.556
36.226	880.181	570.889
35.789	879.206	571.932
35.313	879.261	572.139
35.050	878.479	572.438
35.050	878.028	572.958
35.725	877.056	573.897
35.711	874.804	574.477
36.215	873.262	574.729
36.642	873.577	573.596
36.595	875.395	572.034
36.062	875.828	572.566
36.380	876.582	571.520
34.671	879.046	570.221
33.069	880.251	568.996
32.743	880.218	568.581
32.609	879.933	569.359
31.861	879.595	569.182
31.698	880.192	569.718
32.721	880.023	569.297
32.166	880.145	569.342
31.295	880.630	569.282
32.993	880.867	569.373
33.016	881.698	568.613
34.266	881.603	570.004
33.892	882.071	571.049
35.097	881.828	571.646
34.226	881.048	572.528
35.219	880.926	573.353
35.480	880.502	572.855
35.481	880.930	572.651
34.477	880.523	573.307
34.711	880.751	572.777
32.588	880.108	573.821
33.921	879.551	574.491
33.475	879.999	573.326
32.210	878.872	571.894
31.661	877.860	572.166
32.571	877.223	571.124
31.396	876.251	570.852
31.894	876.115	571.218
33.081	876.405	570.262
33.587	876.261	569.296
33.313	875.718	569.296
33.358	876.723	569.175
33.898	876.865	569.430
32.892	877.251	569.399
31.539	876.170	570.037
31.586	874.514	570.439
32.069	874.361	569.974
31.342	873.935	569.169
32.535	873.251	569.576
31.374	873.338	569.208
30.727	872.072	569.164
30.584	872.162	568.427
31.413	871.944	568.024
30.801	871.868	568.093
31.190	871.551	568.021
30.586	872.175	567.586
32.196	872.385	568.061
33.024	872.594	567.240
32.416	873.784	566.931
31.755	874.561	566.590
31.294	873.794	566.668
31.693	873.842	565.954
31.481	873.935	565.706
31.170	873.345	566.472
31.415	872.411	565.953
31.598	872.051	565.502
32.226	872.081	565.817
31.126	871.353	566.537
33.323	871.603	566.124
32.784	872.389	564.734
32.255	872.959	563.971
32.449	873.069	564.297
34.068	872.892	565.600
35.152	873.420	566.846
35.831	874.931	567.563
35.921	876.521	568.075
36.011	878.861	567.889
36.029	880.526	568.496
34.711	881.192	569.125
36.090	880.348	570.195
36.081	880.680	570.125
36.111	881.283	569.772
35.827	882.213	569.116
35.680	882.139	569.164
35.917	880.669	570.058
36.277	880.079	570.267
36.010	879.158	570.496
36.590	878.972	569.743
36.169	878.974	570.246
36.085	878.390	570.475
36.432	879.097	569.719
36.358	880.501	569.541
35.922	881.870	570.184
36.634	881.910	569.367
36.015	883.329	568.369
35.969	883.277	568.510
35.954	884.096	567.749
36.213	884.636	567.833
36.288	886.203	567.350
36.298	887.441	566.376
36.458	886.898	565.194
36.783	888.536	563.922
37.146	888.940	562.330
36.738	889.053	560.776
36.123	886.895	561.750
36.695	885.543	563.297
36.256	885.268	564.251
36.957	885.627	564.339
35.800	886.094	565.533
35.614	885.108	567.434
36.181	884.485	567.878
35.842	883.977	568.412
35.835	884.020	567.745
35.925	882.929	568.525
36.290	881.669	569.840
36.077	882.348	568.778
36.047	882.067	569.205
36.782	881.683	568.363
36.754	882.761	567.222
36.425	883.411	566.966
36.603	882.591	567.173
36.494	882.870	567.354
36.166	882.917	567.950
36.133	883.060	568.593
36.066	883.341	568.424
37.114	883.857	566.632
36.793	885.609	566.270
36.483	885.158	566.631
36.552	884.914	567.698
36.178	884.817	568.890
36.208	885.565	568.396
35.750	886.930	568.242
35.698	886.586	568.393
35.529	887.306	568.257
35.189	886.581	568.984
36.185	887.523	569.029
36.377	886.137	570.250
36.329	885.710	569.278
37.023	886.117	567.979
36.435	885.779	567.778
36.353	884.960	568.680
36.658	884.184	568.043
36.804	884.563	566.875
37.432	885.621	565.357
37.164	887.367	562.895
37.162	885.319	563.335
37.309	884.446	563.118
37.298	883.657	563.316
37.157	883.968	563.988
36.868	883.024	564.039
37.136	882.947	564.629
36.755	882.017	565.849
37.243	881.455	565.685
37.276	881.657	565.953
37.140	882.039	565.950
36.505	880.666	567.275
37.037	879.274	567.382
37.241	879.880	566.616
37.726	881.210	566.374
37.359	883.253	565.063
37.346	883.288	565.068
37.228	883.453	564.564
37.400	883.644	564.590
37.038	882.797	565.553
37.169	883.060	565.712
37.031	883.458	565.387
36.699	883.351	565.648
36.580	883.078	566.205
37.016	882.226	566.181
37.411	881.757	565.647
36.898	882.056	566.167
36.728	882.449	567.262
36.579	882.032	568.080
36.082	881.930	567.976
35.457	881.405	569.073
36.196	879.624	570.204
36.631	878.996	570.162
36.487	879.346	569.565
35.838	879.947	570.114
36.046	880.483	569.687
35.637	879.292	571.309
36.838	878.854	569.874
36.852	878.701	570.001
37.000	879.517	568.770
36.920	880.534	567.708
37.696	882.537	566.317
36.975	883.215	566.609
37.342	884.211	565.918
37.155	884.783	565.166
37.014	884.558	564.435
37.540	886.028	562.662
37.232	886.156	562.313
37.167	885.098	562.335
37.133	884.813	561.680
36.741	884.296	563.711
36.428	883.558	565.039
35.932	883.218	565.825
35.670	882.211	567.351
36.531	880.570	568.276
36.691	880.404	568.412
36.417	880.240	568.247
36.413	879.803	568.470
36.236	879.940	568.944
36.097	879.522	569.789
36.359	879.583	569.480
36.033	878.544	569.953
36.103	878.613	570.316
35.690	880.756	569.748
36.231	881.527	569.323
36.366	882.081	569.226
36.813	883.009	568.520
36.503	883.839	569.092
35.907	882.756	569.894
36.396	882.947	569.446
36.365	882.030	569.241
36.372	881.929	568.225
36.613	881.884	568.988
36.509	881.484	568.699
36.777	882.763	568.045
36.468	883.336	568.011
35.408	883.384	569.142
34.858	883.170	569.015
33.766	883.887	569.205
35.040	884.109	570.432
35.402	883.662	570.847
36.201	883.363	572.399
36.163	883.894	571.681
35.971	883.554	572.019
35.313	884.435	572.942
35.942	885.788	571.738
36.167	887.467	570.007
36.347	888.821	569.008
36.036	890.577	567.828
36.208	891.580	566.991
36.137	893.245	565.746
36.195	894.293	565.805
36.233	895.393	564.127
35.814	894.441	563.308
34.618	893.962	563.345
34.514	894.442	563.348
34.794	894.985	561.590
32.983	894.572	561.970
33.034	894.908	562.491
31.608	893.014	562.128
30.864	891.243	562.139
30.537	890.549	563.145
31.102	889.501	562.745
31.406	889.361	561.451
34.071	888.299	562.598
35.243	887.162	564.375
35.342	885.280	565.841
35.795	883.600	567.506
35.983	883.125	569.072
35.565	883.008	569.178
34.247	882.310	569.478
34.236	880.555	571.060
33.989	881.332	571.343
32.246	880.655	571.912
32.605	880.782	572.474
32.191	881.339	572.067
32.089	881.373	572.229
31.712	881.033	572.086
32.121	880.864	571.692
32.633	881.485	571.572
32.753	881.416	571.953
33.752	881.706	571.010
34.313	882.901	570.941
36.055	884.720	569.861
35.801	885.373	570.848
35.827	884.482	571.788
35.810	883.617	571.389
36.076	883.939	572.199
36.260	885.182	571.074
36.160	885.700	571.086
36.044	885.854	571.291
35.899	886.781	570.945
36.602	887.593	570.064
36.480	888.280	569.581
36.453	888.088	569.724
36.380	887.329	569.581
36.042	886.518	570.328
36.242	886.673	570.527
35.952	886.857	570.199
35.867	886.085	571.070
35.810	885.271	571.454
35.754	884.360	571.712
35.086	882.971	573.282
35.976	881.599	573.582
36.312	881.930	573.677
36.793	882.463	572.240
35.935	882.415	571.203
36.429	882.233	571.095
36.063	881.858	570.507
36.175	882.094	570.367
35.991	882.374	570.075
35.571	882.513	569.887
36.261	883.081	570.219
36.400	883.015	569.547
36.199	882.850	570.234
36.460	883.556	569.622
36.195	884.945	568.569
36.519	885.258	568.572
36.262	885.621	568.073
35.591	885.927	568.964
35.543	885.576	569.476
35.587	884.621	569.691
35.661	884.360	571.103
36.242	884.326	570.854
36.548	883.388	571.240
36.541	882.085	571.416
35.859	881.260	571.106
35.903	880.450	571.750
35.886	880.195	571.226
35.231	881.253	570.744
35.500	880.588	571.685
35.563	880.540	572.166
35.373	881.369	571.562
35.234	881.326	572.584
36.197	881.460	571.671
35.882	881.318	571.324
36.122	880.924	570.479
35.613	880.684	570.538
35.850	880.896	570.793
36.502	882.235	569.610
35.923	883.409	569.387
35.509	883.638	568.690
35.398	884.503	569.031
35.346	885.100	569.870
35.032	885.598	570.296
35.244	885.904	570.881
36.317	885.491	571.402
36.672	885.127	570.598
35.969	884.478	570.451
36.454	883.936	569.251
36.164	884.504	569.077
36.428	884.970	568.498
36.594	884.334	567.646
35.541	883.539	568.514
35.037	883.425	569.984
35.964	882.498	570.401
35.940	881.471	570.043
36.293	881.053	569.017
36.128	879.281	568.629
36.631	878.705	568.325
36.430	877.409	568.664
36.418	876.143	569.565
36.832	876.781	570.526
36.018	877.421	570.353
35.224	878.408	571.217
35.567	879.806	570.522
35.718	881.593	569.611
35.524	883.216	569.424
36.094	882.547	568.864
35.950	883.169	568.975
36.260	883.091	568.678
36.414	882.106	569.368
36.219	881.145	570.006
36.142	880.002	570.265
36.132	879.432	569.599
36.531	879.597	568.821
35.391	879.021	570.317
36.111	878.578	570.054
36.404	877.472	570.460
35.548	877.107	570.669
36.155	876.461	572.235
35.571	876.681	572.820
36.429	876.908	572.531
35.686	878.412	571.389
34.333	878.971	570.653
35.302	880.180	570.786
34.650	880.901	570.870
35.402	881.365	571.559
35.578	880.559	571.368
36.153	881.082	570.667
35.259	882.373	569.885
35.440	883.510	569.544
35.344	884.979	569.725
35.829	885.513	569.861
35.294	885.597	571.032
35.300	886.531	571.379
35.578	886.424	571.506
35.468	886.005	572.450
35.239	886.431	572.186
36.007	885.938	571.863
