35.852	879.817	570.287
36.138	879.281	570.340
35.755	877.902	570.444
35.568	879.377	570.183
35.739	879.238	570.831
35.523	878.535	571.958
35.573	878.903	572.151
35.136	879.049	571.536
35.350	880.104	571.511
35.513	880.685	571.355
36.155	880.412	570.644
36.536	879.947	569.844
36.495	880.844	569.385
35.969	880.965	569.153
35.524	880.126	570.681
35.524	879.582	571.224
35.669	880.302	571.396
36.453	880.553	569.723
35.841	881.038	570.312
35.456	880.869	570.124
35.563	881.005	570.610
35.558	880.112	571.577
35.548	880.632	571.166
36.086	881.011	570.522
36.326	881.744	569.924
36.013	881.230	570.704
36.020	880.261	571.090
36.203	880.593	570.337
35.992	881.057	569.929
35.862	880.849	569.875
36.573	880.937	569.346
36.294	880.991	569.054
35.630	880.958	569.708
36.069	881.076	569.693
36.082	881.026	569.750
36.261	881.496	569.637
35.868	881.517	569.670
36.162	881.356	569.838
36.003	881.035	569.430
35.807	880.258	569.473
35.586	879.785	569.420
36.039	880.234	569.408
36.150	880.401	568.996
35.837	880.451	570.254
35.520	881.581	570.399
35.317	881.953	570.409
35.169	881.856	571.150
35.847	881.126	570.879
36.342	880.258	570.852
35.945	880.934	569.594
36.289	881.378	568.796
36.552	881.312	568.022
36.557	881.379	567.899
36.002	880.986	568.796
35.958	881.197	570.324
35.460	880.648	570.956
36.206	880.913	570.210
35.723	880.837	569.999
35.780	880.241	570.987
36.114	879.348	571.175
35.875	879.064	570.932
35.680	880.573	570.250
35.586	881.675	569.676
35.439	881.922	570.424
35.481	881.300	570.165
36.242	881.538	570.012
36.172	880.749	570.243
35.769	880.196	570.254
35.730	879.028	571.360
35.531	878.857	572.003
35.425	880.273	571.409
35.926	880.737	570.299
35.951	880.239	569.798
35.862	878.959	570.312
36.066	878.016	570.167
35.964	877.655	570.201
36.282	877.539	570.701
36.291	878.378	570.766
36.045	878.433	570.990
35.773	877.561	571.309
35.849	878.425	571.499
35.168	878.500	571.714
35.626	880.202	571.069
35.910	880.285	570.768
35.701	880.791	569.820
35.420	880.837	570.759
36.145	881.448	569.937
36.120	880.517	569.666
36.019	880.431	569.159
36.204	880.539	568.612
35.832	881.096	570.011
35.790	880.649	569.842
35.987	881.250	569.248
36.498	881.161	568.892
36.017	881.166	568.889
36.588	881.145	567.996
36.313	881.133	567.920
36.008	880.931	568.326
35.714	881.764	569.501
35.345	881.016	571.420
35.372	880.292	570.864
35.881	880.663	569.617
35.767	880.187	569.932
35.566	879.515	570.568
34.876	878.869	571.971
35.969	880.220	571.211
35.794	879.455	570.704
35.756	879.630	570.663
35.860	880.746	570.817
35.740	881.492	570.026
35.675	881.016	569.939
35.598	880.404	570.225
36.315	879.864	570.011
35.379	880.124	570.672
35.715	880.790	570.554
35.820	880.766	570.543
35.681	881.102	571.338
35.628	880.936	570.874
35.530	881.031	570.592
36.563	880.742	569.640
36.087	881.818	569.720
36.143	881.349	569.931
36.077	880.737	569.342
36.320	880.566	569.620
36.320	880.796	569.267
35.853	880.481	570.324
35.917	880.227	570.143
35.810	879.246	570.531
36.178	879.100	570.456
36.021	879.035	570.918
35.421	879.480	571.284
35.730	880.135	570.484
36.302	880.312	569.855
36.004	880.234	570.387
35.869	880.275	570.366
35.990	880.268	569.566
35.464	879.927	571.208
35.749	879.937	570.733
35.820	880.723	570.872
35.952	880.797	571.011
34.796	880.535	571.844
35.703	880.909	570.373
35.691	879.972	570.279
36.503	879.015	570.686
35.861	878.696	570.968
35.499	879.591	571.808
35.791	880.079	571.396
35.625	879.595	570.977
35.956	879.006	571.491
35.749	879.410	571.007
35.775	879.614	570.891
35.622	880.805	570.704
36.168	882.284	569.889
35.567	882.289	570.328
35.822	880.710	571.024
35.114	880.661	571.494
35.284	880.820	571.774
35.793	882.571	571.589
36.037	881.874	572.353
36.213	881.188	571.857
35.944	879.583	572.343
35.488	879.550	571.406
35.372	879.286	571.482
35.793	878.112	571.335
35.511	878.135	571.053
35.629	878.359	572.157
35.292	879.314	572.330
36.314	879.768	571.140
35.351	881.638	570.748
35.749	882.313	570.498
35.687	882.438	570.181
35.580	880.781	570.309
35.954	881.101	570.028
35.377	879.880	570.191
35.836	880.053	570.616
35.576	880.705	570.628
35.782	880.052	571.192
36.106	881.273	570.592
35.857	882.054	569.850
35.620	881.602	570.058
35.819	881.564	570.176
35.791	881.359	570.802
35.956	880.978	570.287
35.464	880.322	571.003
35.675	878.498	572.163
35.619	876.552	573.105
36.158	877.256	572.506
36.274	877.550	572.125
35.994	878.289	571.488
35.998	878.616	571.144
35.673	878.246	572.245
36.480	879.793	570.735
35.676	880.740	570.328
35.944	881.329	569.375
35.139	881.587	570.342
35.146	881.430	571.372
35.324	881.642	570.969
35.724	882.128	571.349
35.995	881.361	570.665
35.780	881.113	571.254
35.288	881.010	571.531
35.434	881.074	571.250
35.443	881.028	570.519
35.831	881.284	570.753
35.410	882.173	570.574
35.651	880.670	571.370
35.923	880.344	570.907
35.571	879.531	571.307
35.361	879.690	571.308
35.716	880.739	570.402
35.923	881.192	570.120
35.378	880.968	571.195
35.534	881.189	571.430
35.353	881.718	570.780
35.253	881.991	571.313
35.883	881.692	571.303
35.666	881.725	570.957
35.519	880.679	570.949
36.137	880.131	570.486
35.896	880.211	570.104
35.236	880.791	570.868
35.772	880.595	570.930
35.463	880.597	571.358
35.432	880.446	571.029
35.336	879.592	571.597
36.010	879.916	571.520
35.863	880.326	571.691
35.953	879.900	570.610
35.672	880.235	570.121
35.545	880.960	570.076
35.922	881.493	569.764
36.091	881.300	569.558
35.565	880.426	570.477
35.812	880.049	570.869
35.048	879.166	571.567
35.523	877.789	572.949
35.881	878.425	571.531
35.901	877.158	571.582
35.616	877.976	572.375
36.247	879.583	570.516
36.583	879.738	570.241
35.561	879.329	570.897
35.735	879.991	570.883
35.564	879.866	571.046
35.401	879.146	571.680
36.001	878.365	570.684
36.258	878.392	570.578
35.984	878.631	570.023
36.567	878.604	569.842
35.698	878.905	570.907
35.882	879.072	570.649
36.222	880.370	570.630
36.070	881.035	570.631
35.768	881.287	570.636
35.890	880.625	570.262
35.632	881.376	570.031
35.957	881.645	570.392
35.811	881.358	570.898
35.518	881.217	571.299
35.467	880.449	571.067
35.520	879.735	571.151
35.252	878.826	571.480
35.696	880.284	571.190
35.565	880.294	571.303
35.165	879.801	572.039
35.650	880.189	571.141
35.974	879.854	570.653
35.675	879.602	571.091
35.458	880.253	571.443
34.773	879.799	572.385
35.083	880.599	571.946
35.113	881.602	571.662
35.730	882.213	571.429
36.388	882.205	569.341
36.078	881.882	569.323
35.631	881.304	569.474
35.693	881.636	569.716
35.718	882.305	570.121
36.203	881.162	570.676
35.513	880.628	571.482
34.592	880.710	572.332
35.268	880.306	572.158
35.657	880.367	570.821
35.704	879.621	571.288
35.602	879.543	570.998
35.761	880.213	571.286
35.447	879.927	570.854
36.057	880.242	570.754
35.345	879.122	570.181
36.063	879.765	570.367
35.516	880.734	570.565
36.071	881.396	570.287
36.098	879.936	570.370
35.641	879.985	570.675
35.551	880.430	571.337
35.634	880.317	571.413
36.029	880.751	570.766
35.970	882.036	569.835
36.016	881.600	569.952
35.861	882.274	569.715
35.760	880.687	570.096
35.735	881.163	569.266
36.379	880.494	569.139
35.454	879.838	570.288
35.504	879.490	571.419
35.593	878.833	570.855
35.796	878.912	570.964
36.086	878.624	572.059
35.948	879.654	571.859
35.797	879.945	571.107
35.647	879.732	571.409
35.512	879.971	571.126
35.524	880.449	571.237
36.321	881.152	569.921
35.946	880.184	570.620
35.690	879.791	571.235
35.776	879.667	571.109
35.379	880.086	571.697
35.197	878.896	573.116
34.659	878.523	574.241
35.460	879.378	572.976
35.644	879.176	572.462
35.512	879.402	572.526
36.167	878.603	572.370
35.517	878.664	571.941
35.942	878.835	571.533
35.992	880.094	571.057
35.448	879.550	571.833
35.331	878.271	571.871
35.823	878.194	571.794
36.253	878.097	571.058
36.017	878.349	570.614
35.388	877.932	572.272
35.380	878.799	571.646
35.766	880.002	572.008
35.632	880.353	571.885
35.906	880.642	571.108
34.966	882.461	570.288
35.217	882.045	570.900
35.711	881.882	571.317
34.642	881.984	571.807
35.706	881.913	571.323
35.452	881.069	571.694
35.617	880.102	572.196
36.081	878.611	571.281
36.226	878.267	571.232
35.918	878.947	571.004
35.586	879.952	571.503
35.420	879.942	571.951
35.477	880.106	571.956
35.150	879.281	572.591
35.871	879.081	571.819
35.705	879.888	571.389
35.991	880.501	570.389
35.326	880.834	570.464
35.738	880.651	570.480
35.766	881.363	570.344
35.467	880.668	570.697
35.362	879.710	571.334
35.422	880.652	571.410
35.888	881.387	570.947
35.404	880.883	570.511
35.783	881.467	569.783
35.588	880.308	570.190
35.784	880.400	569.894
35.429	879.147	570.287
35.864	878.908	570.896
36.275	880.352	570.571
35.958	879.503	571.194
35.102	879.704	571.928
35.861	881.226	570.435
35.623	880.914	570.734
35.911	880.725	571.251
35.260	880.514	571.511
35.920	880.470	571.051
36.277	880.291	570.167
35.332	879.896	570.397
35.942	880.367	570.354
36.076	880.141	569.866
36.221	880.499	569.843
35.833	880.391	570.055
35.797	880.447	570.389
36.040	880.319	570.276
35.519	879.636	570.613
35.343	879.913	570.822
35.788	879.802	570.866
35.271	880.607	571.547
35.522	880.868	572.476
35.005	880.691	571.982
35.759	879.938	571.751
35.626	880.660	571.143
35.861	880.686	570.384
35.925	880.644	569.949
36.192	880.611	569.677
36.038	880.858	569.177
36.012	880.463	568.722
36.403	879.797	569.627
36.011	880.068	570.857
35.833	880.410	570.626
35.625	879.696	571.341
35.054	879.842	571.216
36.128	879.619	570.831
35.900	880.224	570.806
35.809	881.347	570.919
35.908	881.140	570.702
35.620	880.417	570.194
35.271	880.736	570.572
35.583	880.370	570.897
35.265	880.505	571.111
35.572	880.293	571.268
35.319	879.360	571.681
36.136	878.629	571.051
35.986	878.445	570.203
36.214	877.855	570.390
35.768	878.992	571.035
35.786	879.952	570.905
35.812	880.342	570.911
36.276	879.680	570.425
36.453	880.912	569.901
35.153	880.479	571.013
35.512	879.987	571.368
35.273	880.618	571.393
35.296	880.969	571.160
36.164	881.616	569.424
36.009	880.989	569.167
35.660	880.145	570.044
35.643	879.476	570.117
35.924	879.903	570.455
35.658	880.863	570.062
36.306	881.982	568.842
36.270	882.347	568.561
36.390	881.434	568.981
36.361	880.763	568.583
35.715	880.040	570.147
35.603	879.917	570.990
36.066	880.931	570.024
35.774	881.082	570.075
35.358	880.344	570.999
35.888	881.270	570.145
36.441	881.596	569.106
35.980	881.968	569.344
35.629	881.645	569.928
35.525	881.598	570.066
36.078	880.459	571.190
35.648	879.554	571.370
35.643	880.116	570.777
35.754	880.516	570.045
36.061	881.385	569.592
35.839	881.831	570.148
35.492	881.216	570.980
36.218	881.260	570.279
35.217	879.440	571.567
35.692	880.710	571.184
35.114	881.340	571.708
35.728	880.588	571.410
35.528	881.557	570.331
35.613	880.797	570.481
35.938	880.819	570.046
35.708	881.145	570.211
35.760	881.024	570.282
36.073	881.030	569.638
36.514	880.801	569.942
35.881	881.129	569.236
36.277	881.877	568.658
35.441	881.887	569.477
35.471	881.450	570.095
36.228	881.257	569.320
36.117	880.841	569.114
36.055	881.183	569.456
36.095	881.810	569.139
35.798	882.009	569.231
35.295	881.252	569.479
35.989	880.955	569.867
36.024	881.277	569.451
36.764	881.916	568.578
35.834	881.867	569.632
36.050	881.426	569.745
35.694	881.073	570.043
36.146	881.159	569.205
36.053	880.819	569.546
35.666	880.426	570.062
35.811	879.479	570.104
35.889	879.078	570.489
36.067	880.067	569.781
35.848	880.886	570.229
35.606	880.097	570.862
35.442	879.134	571.262
36.256	879.330	570.325
35.418	878.427	571.096
36.173	878.554	570.031
36.062	879.344	570.109
35.328	878.968	570.940
34.838	879.034	571.993
35.400	878.838	572.412
35.768	879.277	571.919
35.347	879.218	572.225
35.547	880.010	572.537
35.564	880.141	572.701
35.397	880.459	572.436
35.762	878.877	571.544
36.020	878.676	571.214
35.992	878.764	570.556
35.715	878.194	571.132
35.721	878.014	571.355
35.670	879.282	570.553
35.359	879.132	571.058
36.101	878.928	570.164
36.453	879.496	569.515
35.980	878.658	569.873
35.896	878.557	569.855
35.758	877.981	571.145
36.435	878.272	570.430
36.441	877.835	570.660
35.989	879.322	570.975
36.307	878.528	571.373
36.019	879.139	570.672
36.145	878.933	570.969
35.611	879.139	571.355
35.797	879.929	570.436
35.653	880.689	571.048
35.509	880.353	571.470
35.574	879.608	571.250
35.804	878.368	570.844
36.199	877.959	570.924
35.807	878.185	571.086
35.614	878.460	571.193
36.145	878.468	570.798
36.053	878.655	570.630
35.765	878.640	570.443
35.889	879.033	570.912
35.899	880.325	570.761
35.514	879.784	570.936
35.843	879.860	570.481
35.801	879.824	570.195
35.962	879.328	570.777
35.517	879.180	571.448
36.045	879.601	570.374
35.807	879.796	570.411
35.616	879.337	570.788
35.436	879.025	571.140
36.319	879.367	570.755
36.152	879.530	569.583
35.868	880.150	569.771
35.781	880.165	569.701
35.723	881.031	570.217
35.856	881.328	570.348
36.126	880.453	570.623
35.689	880.416	571.135
35.263	880.042	571.081
36.314	880.528	570.225
36.100	879.544	570.496
35.214	879.322	571.220
35.645	878.913	571.541
35.682	878.959	571.855
35.613	879.107	572.240
34.849	878.763	572.930
35.331	879.643	573.367
36.401	881.901	570.710
36.359	882.274	569.956
35.724	881.331	570.245
35.593	880.471	570.614
36.211	880.090	570.629
36.199	880.464	569.913
35.580	880.126	570.262
35.482	879.483	570.872
35.328	879.413	571.149
35.834	880.813	570.594
35.439	880.780	571.553
35.882	881.174	571.578
35.133	881.056	571.239
35.176	880.376	571.198
35.299	880.151	571.734
35.235	879.448	572.189
36.025	879.877	571.348
35.741	879.895	570.941
35.972	879.860	570.811
35.870	880.352	571.009
35.941	879.541	571.441
35.354	879.665	571.692
35.368	881.029	571.486
35.731	881.132	570.979
35.798	881.219	570.869
35.293	880.412	571.611
36.025	881.097	571.002
35.635	879.822	571.615
35.303	879.609	572.417
35.039	878.408	572.835
35.406	877.731	572.769
35.334	877.963	572.177
35.885	878.234	571.753
35.946	879.207	571.875
36.439	879.530	570.323
36.270	880.545	568.907
35.867	880.724	570.086
35.785	881.098	570.406
35.970	881.301	569.945
35.373	881.964	569.925
35.950	881.002	570.402
35.940	881.036	569.812
35.664	880.172	570.215
35.796	879.382	570.799
35.938	879.272	570.450
36.067	878.681	570.284
36.627	879.961	569.198
35.921	879.986	569.556
35.935	879.093	570.638
35.919	879.540	570.695
35.677	880.527	571.287
35.952	881.512	569.917
35.593	881.042	570.591
35.478	879.589	571.463
35.185	878.562	571.964
35.450	878.679	572.161
35.573	878.388	572.547
35.827	878.301	572.267
36.354	878.451	570.972
36.083	877.643	570.449
36.114	879.169	570.081
35.541	879.074	571.176
35.700	879.918	571.211
35.405	880.816	570.375
35.311	881.264	570.682
35.705	880.422	571.282
35.265	880.087	570.676
36.053	880.448	569.836
35.777	879.911	570.075
36.047	880.420	569.804
35.378	880.061	570.279
35.728	880.284	570.370
35.599	880.626	569.380
35.354	880.304	570.181
35.559	880.318	570.385
35.719	880.068	570.603
35.732	880.788	570.354
35.480	881.499	570.421
35.520	880.703	570.547
35.088	881.205	571.241
35.787	880.996	570.805
35.488	879.899	570.961
35.942	879.152	571.479
35.715	879.552	570.767
35.773	879.790	571.010
35.988	879.859	570.563
36.090	879.486	570.737
35.966	878.252	570.384
35.928	877.901	570.372
35.207	879.096	570.646
36.156	878.930	570.799
35.981	878.694	571.202
35.484	878.614	571.591
35.917	878.680	572.030
35.297	879.731	571.525
35.643	880.232	570.911
35.945	879.671	570.729
35.866	880.337	570.633
36.002	880.107	570.943
36.438	880.541	570.075
36.224	882.474	569.960
35.667	882.264	570.435
34.982	881.805	571.748
35.699	881.807	571.554
36.129	881.687	570.647
36.250	881.940	569.534
35.883	882.051	569.629
35.928	881.295	569.262
35.822	880.702	569.348
35.907	880.500	569.749
35.852	880.764	569.874
35.424	881.795	569.836
36.346	880.788	570.278
35.814	879.496	571.231
35.277	877.957	571.649
36.328	879.109	570.947
36.040	879.623	570.464
35.993	879.270	570.691
35.673	877.699	571.361
36.068	877.873	570.625
36.383	877.854	571.197
36.041	877.900	571.211
35.986	877.744	571.484
35.915	879.204	570.123
36.175	879.048	570.358
36.027	878.942	570.730
35.527	879.040	570.804
36.119	879.589	570.238
35.834	879.977	570.157
35.387	879.988	570.788
35.494	879.559	571.371
35.864	879.754	571.005
35.349	880.303	571.517
36.029	880.281	570.484
36.128	880.002	570.548
34.955	879.039	571.881
36.165	880.477	571.091
35.472	880.808	571.574
35.711	880.708	571.080
35.639	881.391	570.113
35.950	880.570	569.826
35.497	880.771	570.692
35.743	880.175	570.931
35.422	879.916	571.425
35.446	879.770	572.175
35.600	879.892	571.304
35.574	880.235	570.904
35.539	880.471	571.065
35.279	880.571	570.809
35.950	879.619	570.545
35.777	878.926	571.437
35.590	878.052	571.175
35.666	877.492	571.413
36.189	877.294	570.562
35.681	877.593	571.331
36.155	879.444	569.905
35.750	878.817	571.193
35.312	879.052	572.248
35.725	877.740	572.466
35.988	877.673	571.867
35.902	878.855	571.799
35.557	880.020	571.340
35.360	880.160	571.664
35.678	879.829	571.698
35.477	879.919	571.431
35.876	880.666	570.117
35.715	880.114	570.057
35.974	878.710	570.477
35.675	878.194	570.633
36.011	878.141	570.788
35.152	879.078	571.581
35.491	879.378	571.781
35.810	879.584	571.258
36.200	880.286	570.000
35.723	879.974	569.781
36.012	879.424	570.121
36.209	879.469	569.696
36.055	879.311	570.197
35.318	880.128	570.615
35.731	880.759	570.535
35.652	881.938	569.888
35.907	882.582	570.605
35.521	882.704	570.931
35.642	882.677	571.520
35.828	883.228	571.208
35.934	882.563	570.890
35.800	882.285	571.379
35.370	880.638	571.366
35.388	880.715	571.669
35.536	880.190	571.590
35.730	879.417	571.567
35.420	879.227	571.667
35.036	879.354	572.114
35.681	880.386	570.481
34.884	880.943	570.931
34.719	881.508	571.425
34.940	880.623	572.729
35.762	879.996	572.301
35.621	879.426	571.003
34.976	878.758	571.616
35.594	879.949	571.201
36.031	879.741	571.169
35.418	880.005	571.666
34.872	879.539	573.088
35.562	879.438	573.044
36.050	879.912	571.726
35.761	879.850	571.488
36.296	880.830	569.901
35.912	880.614	570.295
36.031	880.757	570.591
35.787	881.264	570.464
35.630	881.295	570.156
35.440	880.085	570.882
35.831	880.786	570.243
35.719	880.665	570.519
35.986	879.416	571.387
35.791	878.233	571.836
36.080	877.862	571.494
36.014	876.571	571.613
35.964	876.437	571.966
35.897	876.242	572.235
35.768	877.997	571.259
35.557	879.744	571.072
35.260	879.510	571.590
34.914	879.285	572.810
35.454	880.012	572.145
35.492	880.320	571.443
35.799	879.526	571.164
35.156	879.824	571.275
35.196	879.032	572.502
35.147	879.052	572.780
35.550	880.485	571.251
35.670	880.541	570.538
35.492	881.044	570.964
35.297	881.275	571.654
35.685	881.164	571.342
35.901	880.651	570.525
35.549	879.809	571.207
35.765	879.909	570.925
35.628	879.889	570.910
35.510	879.906	569.910
35.328	879.701	570.742
36.050	879.825	570.743
35.606	879.203	571.553
35.612	879.204	571.788
35.305	879.993	571.038
35.846	879.856	571.579
36.123	880.007	571.224
35.716	879.967	571.026
35.380	879.465	571.133
35.933	880.184	570.199
35.652	879.954	570.107
35.878	879.932	570.513
36.037	879.476	570.399
36.074	879.717	570.086
35.992	880.562	570.047
35.787	880.500	570.183
35.711	880.137	570.292
35.898	879.525	570.777
35.615	879.536	571.651
35.636	880.124	572.140
35.584	880.156	572.234
35.891	880.135	571.165
35.649	879.563	571.047
35.716	879.174	571.689
35.148	878.691	572.438
35.715	878.803	571.680
35.282	878.801	572.226
35.994	878.401	571.152
35.992	877.750	570.389
35.678	878.543	570.507
35.447	878.401	571.658
34.774	878.896	572.341
35.868	878.981	571.730
35.267	879.697	571.719
35.985	879.604	571.094
35.403	879.109	571.470
35.990	879.078	570.609
35.850	880.064	570.784
35.815	880.102	570.232
34.990	879.595	571.439
35.573	878.165	571.965
35.926	878.597	571.801
35.627	879.123	571.116
35.621	878.923	570.724
35.188	878.016	571.740
35.653	876.765	572.360
36.090	876.436	572.924
36.092	876.486	572.382
36.030	876.657	572.320
35.558	876.977	572.297
35.843	877.202	571.992
35.558	877.131	572.800
35.910	878.464	572.345
35.366	877.338	572.236
35.875	878.292	571.932
35.900	877.571	572.924
35.922	878.042	572.114
36.541	879.417	571.439
35.865	880.057	570.737
35.609	879.501	570.975
35.571	879.857	571.320
35.582	880.075	571.095
35.588	879.807	571.091
35.467	879.895	571.544
35.487	879.526	571.819
35.797	880.343	571.255
36.022	880.482	570.179
35.997	879.116	569.954
35.729	877.980	570.130
34.637	877.598	572.484
35.091	878.134	572.597
35.831	879.103	572.707
35.723	879.758	572.105
35.305	879.957	571.821
35.705	880.015	571.561
35.812	880.172	570.840
35.368	879.308	570.596
35.446	879.389	571.534
35.185	878.828	572.907
35.550	879.826	572.721
34.972	879.656	573.193
35.636	880.303	572.029
36.056	880.949	570.823
35.137	880.304	571.480
35.950	880.244	570.333
35.652	879.977	570.664
35.589	880.212	571.158
35.681	880.241	570.461
36.381	880.758	569.068
35.545	880.077	570.262
35.794	879.849	570.921
35.250	880.798	571.013
35.803	881.902	570.599
35.939	883.215	569.357
35.587	881.817	569.370
36.078	881.526	568.707
35.992	881.843	569.318
35.600	881.615	569.072
35.459	881.659	569.293
35.319	882.242	569.788
35.893	882.020	570.188
36.190	881.780	570.238
36.459	882.311	569.823
35.503	881.238	570.481
35.152	881.082	571.411
35.324	881.363	571.201
35.566	881.832	570.522
36.256	881.790	570.599
35.391	880.338	571.157
35.532	879.495	571.142
35.699	879.219	571.239
36.100	878.857	570.832
36.270	878.557	570.406
36.241	878.723	570.573
35.639	878.725	571.812
35.968	879.863	571.424
36.293	880.594	570.281
35.359	880.173	570.518
35.646	879.301	571.287
35.128	878.350	571.875
35.445	878.375	572.149
35.929	878.748	571.945
35.561	879.928	571.375
35.627	880.773	570.348
35.790	880.599	570.807
35.932	880.648	571.231
35.828	881.095	570.438
35.768	880.975	570.268
35.977	880.843	570.244
35.828	880.779	570.262
35.743	880.250	571.042
35.499	878.940	571.003
35.406	878.988	571.167
35.737	879.707	570.784
35.976	880.260	570.191
35.601	879.339	570.717
35.746	878.701	571.365
35.739	880.358	570.043
35.916	879.773	569.969
35.504	879.826	570.680
36.183	880.684	569.891
35.994	880.307	570.091
35.861	880.295	570.232
35.638	880.526	570.572
35.543	880.882	571.098
35.398	881.032	570.814
35.430	879.986	571.690
35.508	878.198	571.960
35.929	878.687	571.430
35.067	879.503	571.152
35.459	880.085	571.012
35.242	880.632	571.197
35.157	881.299	571.123
35.450	879.830	571.509
35.986	879.276	571.603
36.443	879.470	570.192
36.540	879.013	569.131
36.091	878.734	569.916
35.225	879.773	571.201
35.589	879.441	571.196
35.659	879.787	570.648
35.557	880.953	570.360
35.637	881.834	570.721
35.251	881.455	570.253
35.829	881.122	569.629
35.413	880.813	570.756
35.610	880.114	570.987
36.029	880.609	570.233
35.557	880.886	571.043
35.106	881.038	571.765
34.719	880.537	572.759
35.710	880.702	573.079
35.010	881.137	573.158
35.245	882.324	572.326
35.533	882.788	571.650
36.165	882.930	571.121
35.793	883.001	571.418
35.640	881.546	571.666
35.474	881.250	571.592
35.288	880.382	571.865
35.742	880.369	570.887
35.826	879.571	570.410
35.568	879.454	570.379
36.224	878.875	569.979
35.868	879.281	570.234
35.946	878.453	570.223
35.631	877.640	569.793
35.703	878.604	570.058
36.124	880.212	570.160
36.027	881.160	569.413
35.091	880.812	570.614
35.806	881.534	570.951
35.885	881.337	570.195
35.835	880.226	569.764
35.870	879.467	570.787
35.552	877.971	571.667
35.454	877.804	572.321
36.029	878.475	571.013
36.091	877.039	571.643
36.238	877.172	571.670
36.833	877.843	569.934
35.968	879.631	569.143
35.496	881.746	568.624
35.890	882.132	569.610
36.045	881.397	569.854
35.812	880.940	569.940
36.040	880.905	570.462
35.641	881.089	570.402
35.852	879.836	571.347
35.412	881.045	571.032
35.653	880.119	571.355
35.146	879.737	571.274
35.435	879.654	571.154
35.647	879.598	571.776
35.781	880.903	571.269
35.791	881.185	570.608
35.775	880.187	570.599
35.672	879.447	571.057
35.620	878.735	571.733
35.741	879.021	571.710
35.824	878.722	571.622
35.682	878.734	571.556
35.371	879.218	571.769
35.731	879.806	571.059
35.550	878.359	571.655
36.290	878.241	570.800
35.998	878.240	570.974
35.898	880.094	570.801
35.700	880.790	570.496
35.664	880.698	570.342
36.014	880.061	570.568
35.622	879.635	571.216
35.553	879.506	571.521
35.891	880.060	571.557
35.967	880.445	571.069
35.857	879.795	570.728
36.345	880.437	569.911
36.162	880.053	569.180
35.877	879.291	569.419
36.096	878.915	568.845
35.818	877.967	569.945
36.155	878.161	569.492
35.686	879.840	569.790
36.014	880.121	570.095
36.006	880.801	570.126
35.741	880.514	570.518
35.366	880.423	570.785
35.513	880.384	570.859
36.173	880.297	569.454
36.291	879.890	568.999
35.935	880.275	570.086
35.421	880.051	570.122
35.294	880.380	570.529
36.009	879.783	570.030
36.053	879.533	569.988
35.747	880.154	571.273
35.481	879.428	571.155
35.256	878.337	571.750
35.665	877.466	572.438
36.095	875.535	572.674
35.544	877.153	572.160
36.187	876.668	572.676
35.605	878.874	571.881
35.615	879.763	571.468
36.020	880.345	570.851
36.198	880.644	569.565
35.755	880.163	570.864
35.558	879.879	571.817
35.640	879.320	571.611
35.006	878.474	571.586
35.868	878.185	571.763
36.027	877.184	572.037
35.782	877.225	571.862
35.730	877.498	572.204
35.997	877.630	571.401
36.152	877.761	570.534
36.102	878.455	570.844
36.282	878.637	570.568
35.913	878.161	571.406
36.003	877.266	571.545
36.045	878.328	571.347
36.262	878.104	570.491
36.180	879.387	569.790
35.433	879.779	570.422
35.728	879.854	570.653
35.704	880.590	570.377
35.927	879.550	570.659
35.578	879.919	571.120
35.882	878.480	571.662
35.534	877.799	571.969
36.058	879.586	570.757
35.048	879.737	571.885
35.869	880.113	571.268
35.540	879.202	570.912
35.946	879.090	570.794
34.953	879.310	571.827
35.652	879.402	571.669
35.420	878.609	572.401
35.239	877.884	572.810
35.326	878.355	573.068
35.245	878.216	573.159
35.328	879.153	572.256
35.573	880.199	572.117
35.417	881.078	571.945
35.635	881.639	571.651
35.445	881.820	571.714
35.665	880.957	572.600
35.660	880.650	572.456
35.268	880.346	571.720
35.202	880.083	572.167
35.297	880.429	571.737
35.492	881.211	571.598
35.227	881.170	571.993
35.360	880.122	572.123
35.230	878.970	572.570
35.525	879.066	572.128
35.418	878.342	572.791
35.854	878.930	572.275
35.271	879.989	571.432
35.428	880.016	571.834
35.696	879.383	571.555
35.493	880.361	571.470
35.825	879.807	571.714
35.129	880.214	572.333
35.469	880.256	571.962
35.198	880.676	571.371
35.453	881.432	571.586
35.158	881.610	571.924
35.671	882.113	572.490
35.881	880.893	572.183
35.407	878.986	573.024
35.286	879.022	572.808
35.758	879.053	572.116
36.110	879.963	570.948
35.247	879.973	571.605
35.165	881.083	571.003
35.440	881.544	571.263
35.596	881.762	571.006
35.994	880.553	571.831
35.458	880.454	571.684
35.665	879.909	571.819
35.790	880.637	571.549
35.627	880.859	571.133
35.721	881.012	570.827
35.821	881.339	570.410
36.061	880.995	570.174
35.725	880.799	569.447
35.948	881.062	569.276
35.355	880.228	570.172
35.631	880.610	570.339
35.529	880.428	570.344
35.200	879.268	571.622
35.639	880.317	571.100
35.144	880.647	571.460
35.663	881.589	570.646
36.045	881.001	569.718
36.253	880.977	568.787
35.928	880.359	570.194
35.665	880.552	570.344
35.771	880.846	570.215
35.600	879.697	571.394
35.236	878.537	571.901
35.694	878.669	571.380
35.375	878.530	571.587
35.134	878.576	572.813
35.690	879.884	571.716
35.330	879.984	571.634
36.123	879.522	570.993
35.944	879.744	569.992
35.640	880.582	570.221
35.836	879.749	570.531
35.570	878.626	571.690
35.481	878.797	571.533
36.057	879.086	571.089
36.433	878.672	570.397
35.978	878.680	570.491
35.982	879.416	570.016
36.052	880.467	569.821
35.612	880.762	570.400
36.022	881.614	569.741
35.781	881.708	569.759
35.636	881.742	570.849
35.815	881.861	570.843
35.733	882.388	570.943
35.334	881.356	571.411
35.528	880.662	570.715
35.973	880.876	570.329
35.864	880.992	569.175
35.174	881.757	569.463
35.461	882.236	569.823
35.192	881.434	571.125
35.519	879.860	571.624
35.145	880.156	572.543
35.844	879.969	571.888
35.698	879.961	571.195
35.266	879.664	571.127
35.853	879.452	570.865
35.667	879.775	570.558
35.707	879.052	570.951
35.664	878.287	570.473
36.041	878.402	570.512
36.007	877.099	571.418
36.195	877.239	571.161
36.095	877.437	571.236
35.840	877.215	572.131
35.467	876.174	572.544
36.235	877.376	572.109
36.252	877.986	570.813
35.881	878.874	571.234
35.887	879.340	570.654
35.715	878.738	571.456
35.669	880.892	570.723
35.206	881.708	570.603
35.660	882.333	570.745
35.540	881.177	570.787
35.621	879.723	571.268
35.220	880.526	571.279
35.838	880.378	571.361
35.136	879.694	572.078
35.953	880.108	571.154
35.984	880.154	569.898
35.714	880.368	570.180
35.960	880.837	569.545
35.242	881.903	570.051
35.990	882.454	568.893
35.409	881.548	569.587
35.776	881.255	570.436
35.457	880.920	570.311
35.971	881.638	569.359
35.615	882.199	569.760
36.027	882.012	569.900
35.699	882.230	569.961
35.776	881.449	569.907
34.901	881.369	570.286
35.625	880.585	570.719
35.659	879.374	571.586
35.795	878.803	570.420
35.528	877.730	571.366
36.034	877.770	571.195
36.006	878.212	571.047
34.970	878.416	572.210
35.430	877.969	572.014
35.542	878.878	571.921
35.085	878.506	572.537
35.376	878.786	573.455
35.519	877.683	573.101
35.990	878.236	571.849
35.549	878.801	572.182
35.305	879.330	571.584
35.488	878.987	571.750
35.680	879.460	571.285
35.799	879.244	570.850
35.896	878.493	570.337
35.868	877.205	570.650
35.843	876.134	571.220
36.055	877.381	571.242
36.253	877.474	571.255
36.255	878.663	570.431
35.517	879.383	570.582
35.869	879.293	570.113
35.707	879.937	569.694
35.451	880.626	569.743
35.981	881.703	569.381
35.838	881.041	569.949
35.640	880.184	570.832
35.848	879.546	571.063
35.520	880.040	571.044
35.961	879.620	570.681
35.565	879.252	571.652
35.499	879.177	571.932
36.127	879.194	571.325
35.958	880.029	570.279
35.887	880.570	570.093
36.259	880.302	569.696
35.922	881.126	569.272
35.691	881.518	568.892
35.537	881.696	569.384
36.086	881.765	569.685
35.561	881.518	570.341
35.134	881.233	571.498
35.535	881.422	570.705
35.496	881.329	570.922
34.808	880.977	571.463
35.261	881.570	570.852
36.209	881.545	569.670
35.870	880.559	570.248
35.808	880.763	569.717
36.165	880.590	570.368
35.625	879.769	570.864
35.197	879.924	571.980
35.412	879.587	572.124
35.413	878.715	572.016
35.572	878.826	572.045
35.482	878.535	571.695
35.824	878.626	572.000
35.158	878.462	572.546
35.774	878.129	571.913
36.001	879.532	571.514
35.419	880.576	571.684
34.960	880.075	571.970
35.057	880.205	572.248
35.238	880.272	571.902
35.555	881.359	571.394
35.962	881.145	570.936
35.479	880.686	571.346
35.569	881.281	570.925
35.697	881.226	569.784
35.859	879.833	571.105
35.713	880.061	571.036
35.235	879.295	571.276
35.670	879.186	571.216
35.514	877.836	571.152
36.307	878.224	571.072
35.537	878.775	570.593
35.644	878.831	571.788
35.294	878.970	571.505
35.360	879.464	572.916
35.205	878.782	573.404
35.592	878.527	572.191
35.503	878.531	571.963
36.029	878.444	571.408
36.011	878.277	570.757
35.948	879.434	570.390
35.651	879.370	571.036
35.644	878.760	571.199
35.411	880.620	570.921
35.461	880.369	571.131
36.049	880.631	570.164
35.444	880.817	570.616
35.705	881.098	570.769
35.957	880.759	569.760
35.121	879.676	571.197
35.638	880.109	570.979
35.601	879.851	570.545
35.703	878.676	571.045
35.961	877.977	571.300
35.270	877.953	571.392
35.526	878.292	572.167
35.497	877.617	572.659
35.594	878.052	572.915
35.615	878.814	572.271
35.244	878.228	572.291
35.614	878.424	571.998
35.690	878.698	571.636
35.662	878.844	571.805
35.294	879.297	572.150
35.637	879.189	572.132
34.926	879.273	572.989
35.371	879.287	573.549
35.142	880.104	572.929
35.575	881.316	571.735
35.370	881.243	571.598
35.666	881.275	571.484
35.738	881.251	571.571
35.983	881.348	571.423
35.975	882.035	570.194
35.853	881.452	569.619
35.375	880.315	570.640
35.400	880.060	570.406
35.763	879.747	570.674
35.558	879.632	571.342
35.437	879.475	571.604
36.124	879.120	571.383
35.082	879.569	572.010
35.526	880.138	571.692
35.979	878.819	572.339
35.830	878.454	571.619
35.726	877.108	571.571
36.130	876.927	571.414
36.042	877.725	570.998
35.864	878.049	571.286
35.366	878.721	571.263
35.269	880.230	571.632
35.098	880.825	572.181
35.066	881.274	572.197
35.137	881.082	571.810
35.164	880.526	571.693
35.464	880.641	572.078
35.334	879.718	572.828
35.543	879.969	572.571
34.755	880.891	572.577
35.426	880.167	573.278
35.685	879.708	572.751
35.669	880.731	572.103
35.749	879.840	571.635
35.807	880.129	571.030
35.558	881.182	570.367
35.791	881.437	570.149
36.112	880.867	570.191
35.645	879.863	571.041
35.452	879.501	571.966
35.437	879.199	571.129
35.715	879.176	570.413
35.618	879.210	570.849
35.951	879.636	570.403
35.649	879.100	570.670
35.970	878.647	570.699
36.260	879.186	569.316
35.876	878.331	569.670
35.695	878.804	570.118
36.114	879.818	570.024
35.063	880.637	570.820
35.071	882.192	571.170
35.687	881.820	570.984
35.560	881.652	570.503
35.939	881.294	570.465
35.660	880.952	570.710
35.457	881.158	570.738
36.106	880.707	570.711
35.527	880.094	570.949
36.127	879.884	570.582
36.048	880.430	570.437
35.892	880.397	569.825
35.773	880.435	570.196
35.554	880.573	570.248
35.096	880.740	570.847
34.846	880.706	572.145
35.520	881.070	571.467
35.205	881.065	571.468
35.762	880.354	571.919
34.869	880.255	573.230
35.749	880.052	572.385
35.456	880.499	571.261
35.598	880.108	571.379
35.516	879.150	571.734
35.808	878.007	571.608
35.989	876.568	572.552
35.685	876.247	572.819
35.295	877.131	572.703
35.065	877.852	573.662
35.356	878.639	573.701
35.934	879.636	573.022
35.935	880.360	571.648
34.993	880.707	572.148
34.530	880.694	572.581
35.334	880.248	573.780
35.766	879.499	572.960
35.594	881.282	572.511
35.995	881.734	571.076
36.130	882.204	570.441
35.843	882.009	568.890
35.666	881.698	569.307
36.036	881.658	569.764
35.610	881.870	570.128
35.673	880.983	571.337
35.842	880.656	570.975
35.223	880.687	572.028
35.361	880.464	572.321
35.516	881.173	570.797
36.388	880.764	570.428
35.208	880.819	570.637
35.756	880.638	570.750
36.122	881.646	569.774
36.200	881.007	570.170
35.275	879.610	570.793
35.279	879.261	571.699
34.960	877.800	572.704
35.279	877.591	573.564
36.283	879.165	571.858
35.674	878.854	572.446
35.578	879.957	570.449
35.653	880.529	570.190
36.014	880.300	570.673
36.129	880.181	570.929
35.835	880.233	570.729
35.991	880.763	570.390
35.553	881.092	570.957
35.526	880.927	571.370
35.315	880.899	571.348
35.255	880.596	571.789
35.274	881.545	571.684
35.379	881.151	572.860
35.641	880.761	573.218
35.476	881.763	572.960
36.373	882.474	572.157
36.419	881.916	571.071
36.106	881.325	569.889
35.637	880.717	569.775
35.693	881.733	569.377
35.906	881.973	569.401
36.029	880.316	570.036
36.097	879.240	570.273
36.293	878.779	570.045
35.824	878.813	570.083
35.832	879.181	570.251
35.990	879.461	570.381
35.989	879.945	569.677
36.343	881.062	569.674
35.345	881.380	570.297
35.036	881.316	571.343
35.761	880.183	572.362
35.482	879.731	572.014
34.946	879.290	572.059
35.378	879.394	572.031
35.704	879.997	571.499
35.730	879.356	571.488
35.483	878.729	571.590
35.726	879.155	570.668
35.757	879.539	571.107
35.127	878.938	572.118
35.581	878.075	571.728
35.958	877.878	571.258
35.880	879.175	570.917
35.376	880.205	570.712
35.395	880.198	571.201
35.527	879.566	570.972
35.568	879.755	571.281
35.549	879.484	571.509
36.054	879.301	571.549
35.809	879.547	572.094
35.631	880.401	571.100
35.532	879.709	571.056
35.770	879.237	571.486
35.744	878.603	571.120
35.667	879.287	570.868
35.453	879.660	570.219
35.581	880.084	570.742
35.952	879.728	571.058
35.818	880.665	570.516
35.582	880.201	571.632
35.406	879.416	571.493
35.974	878.816	571.420
35.971	879.021	570.701
35.616	879.653	571.459
35.820	879.492	570.978
35.637	878.317	570.865
35.730	878.144	571.583
35.775	878.386	571.725
36.027	878.302	571.765
35.747	879.017	571.338
35.259	880.934	571.157
35.614	880.846	571.273
35.627	880.797	570.298
35.724	881.049	570.405
35.196	880.684	571.211
35.522	879.372	571.271
35.313	879.100	571.452
35.767	879.389	571.419
35.797	881.058	570.608
35.885	881.377	570.145
35.887	880.850	570.377
36.064	881.345	569.491
35.564	880.678	570.172
35.604	880.967	570.627
35.969	880.735	570.500
35.311	879.577	571.950
35.791	879.816	571.065
36.090	879.695	570.307
35.928	879.739	570.399
35.502	879.731	571.275
35.676	880.153	570.371
36.187	880.284	569.169
35.763	881.032	569.443
35.805	881.821	569.447
35.297	880.856	569.646
36.057	880.810	569.398
35.561	880.602	569.601
35.331	879.651	570.604
36.083	878.971	571.970
35.490	879.070	571.552
36.355	879.233	570.905
35.933	879.345	570.431
35.904	878.904	570.075
35.843	878.358	570.009
35.875	877.935	570.290
35.909	878.406	569.937
36.061	879.654	569.672
35.663	879.650	569.894
35.407	879.995	570.558
35.617	879.388	570.786
35.969	878.076	571.633
35.934	878.971	571.574
35.504	879.902	571.906
35.614	879.727	571.706
35.143	878.451	572.565
35.974	877.649	573.111
35.691	878.443	572.466
35.255	878.334	572.234
35.551	879.019	571.449
35.094	879.074	572.052
35.449	878.587	572.468
35.132	877.347	572.731
35.367	877.297	573.018
35.647	875.782	573.895
35.829	876.466	573.391
36.079	876.189	572.115
35.953	876.388	571.302
36.651	877.833	570.504
35.852	879.179	570.810
35.459	879.367	571.304
35.484	879.638	570.746
35.939	880.866	570.513
35.461	881.069	570.678
35.608	880.766	570.592
35.812	880.483	570.626
35.998	880.135	570.122
35.553	880.209	570.602
35.392	880.716	570.958
35.083	879.263	572.595
35.451	877.868	572.559
35.411	877.190	572.582
35.777	876.234	573.044
35.808	877.472	571.936
36.301	878.306	570.824
35.641	879.165	571.474
35.802	878.957	571.612
36.102	879.821	571.270
35.425	879.163	571.805
35.429	879.215	571.770
35.776	878.531	572.593
35.825	879.438	572.086
35.766	878.437	572.481
36.367	878.092	571.382
36.399	878.904	569.638
35.627	879.593	570.320
35.354	881.179	570.261
35.464	881.054	570.674
35.123	881.434	571.338
35.315	881.203	572.008
35.334	880.883	571.527
35.857	881.143	571.703
35.765	879.549	571.410
35.768	879.454	570.936
35.784	879.542	570.600
35.597	880.410	571.459
35.232	880.348	571.275
35.912	880.088	569.867
35.982	878.987	570.437
35.333	879.121	570.465
35.917	879.754	569.851
35.859	879.838	570.990
35.759	880.741	570.225
35.070	880.507	571.276
35.646	879.939	571.305
36.389	879.851	570.894
35.742	879.470	571.109
35.868	879.865	570.489
36.514	879.925	569.343
36.196	879.595	569.546
35.983	879.755	569.649
35.514	879.709	570.567
34.956	879.865	571.814
35.670	879.361	571.874
35.720	878.178	571.332
36.580	877.664	571.020
36.334	878.981	570.400
36.275	879.508	569.706
36.032	879.434	569.417
36.238	879.277	569.078
35.472	879.614	570.146
35.613	879.577	571.150
35.448	879.750	571.751
35.478	879.907	571.617
35.497	879.537	571.766
35.191	880.665	571.849
35.404	879.945	572.313
35.480	878.961	571.352
35.802	879.151	571.074
35.469	878.612	571.535
35.666	878.081	572.826
35.808	878.476	571.995
36.058	878.892	570.975
35.713	878.519	570.984
35.686	880.093	570.377
35.775	880.029	570.734
35.724	879.739	570.484
36.106	878.994	570.551
36.164	878.492	571.054
36.163	877.930	570.172
36.509	876.482	570.671
36.270	876.175	571.289
36.338	877.091	570.950
35.638	877.541	570.894
36.200	878.612	570.515
36.311	879.526	570.927
36.043	879.353	570.889
35.937	879.917	571.086
35.646	880.039	570.906
35.556	879.521	570.952
35.498	879.324	571.658
35.327	878.784	571.472
35.650	878.523	571.820
35.637	878.129	572.023
35.998	879.091	571.467
35.617	878.417	570.887
35.604	877.725	571.234
35.529	878.096	572.265
35.825	878.647	571.802
35.673	878.494	572.622
35.119	879.018	572.743
35.545	879.963	572.137
35.670	879.773	571.691
36.104	879.473	572.117
35.484	878.331	572.258
35.661	878.936	571.319
35.497	879.694	571.495
35.196	880.589	571.405
35.468	879.324	572.053
35.267	878.096	572.283
35.820	876.511	572.001
36.898	878.226	571.380
35.511	878.856	571.283
34.731	879.178	572.173
35.393	879.894	571.654
35.582	881.213	571.034
35.061	881.666	571.487
35.628	881.494	570.843
35.699	880.957	570.039
36.007	880.840	569.883
35.718	880.597	570.036
36.465	880.280	569.598
35.679	880.129	570.652
35.584	880.531	570.537
35.547	880.854	570.951
36.004	880.787	570.097
35.224	880.898	570.932
35.729	880.806	570.936
35.606	879.848	570.793
35.901	879.116	570.623
36.163	878.842	570.794
35.788	879.207	570.771
35.850	879.243	570.962
35.324	878.814	571.032
35.805	879.915	571.326
35.446	879.692	570.630
35.919	880.217	570.180
35.774	879.210	570.266
35.895	878.889	570.272
35.877	878.823	571.111
35.696	879.269	571.726
35.938	879.304	571.314
35.600	879.423	571.744
36.005	879.496	571.354
35.234	879.918	571.047
35.827	880.355	569.974
35.242	879.885	570.728
35.349	878.508	572.197
35.635	877.709	572.655
35.858	876.286	573.122
36.086	875.979	572.309
35.843	877.152	571.923
36.438	877.946	570.809
36.031	879.608	570.664
35.724	880.543	571.025
35.697	880.515	571.205
35.858	880.922	570.396
35.087	881.085	570.756
35.594	880.045	571.188
35.689	879.458	571.259
35.669	879.405	570.725
35.690	879.235	571.115
35.675	879.474	570.523
36.290	879.813	570.902
35.802	880.310	570.976
35.769	879.559	570.771
35.711	879.966	570.564
35.958	879.083	571.761
35.595	879.016	571.471
35.858	879.177	570.975
35.719	879.787	570.725
35.647	880.847	569.938
36.160	881.386	569.244
35.536	881.343	569.910
35.554	881.278	570.451
35.870	880.312	570.423
35.907	880.856	570.232
35.868	880.446	570.387
34.494	880.020	572.185
35.103	880.276	572.253
34.680	881.368	572.111
34.328	881.158	572.985
35.212	881.018	573.143
35.725	880.902	572.676
35.655	881.449	571.625
35.161	880.880	572.506
36.123	881.259	572.227
35.426	880.618	571.486
35.436	880.963	571.202
35.612	881.415	570.124
35.308	881.421	570.273
35.841	880.915	570.175
35.954	879.998	570.286
35.582	879.291	571.213
36.165	879.044	570.399
35.790	878.846	570.984
35.476	879.756	570.462
36.501	879.590	570.533
35.804	881.013	570.469
36.012	880.025	570.302
35.549	880.062	570.931
35.681	881.192	569.882
36.123	881.701	569.106
35.684	880.894	569.611
36.050	880.228	569.573
36.393	879.804	569.492
35.149	880.041	570.109
35.680	879.978	569.979
34.946	878.766	571.930
35.411	878.091	572.497
35.776	877.463	571.927
35.950	877.305	571.879
35.435	878.358	571.318
36.272	878.636	570.888
35.903	878.992	571.200
35.821	878.760	571.017
36.128	879.491	570.788
35.815	879.199	570.521
35.644	878.559	570.732
35.693	877.898	571.867
35.825	878.037	572.072
36.125	878.109	571.749
36.220	878.541	570.970
36.279	879.379	570.548
35.821	879.252	571.070
35.606	879.576	572.036
35.486	879.295	571.965
35.479	878.396	571.898
35.741	877.753	571.644
36.032	878.451	571.882
36.169	879.616	570.950
35.766	880.741	570.583
35.712	881.324	569.926
35.848	880.483	569.922
36.233	880.385	570.118
35.401	880.350	570.619
35.563	879.530	571.751
35.295	879.903	571.606
36.053	879.122	572.069
35.521	879.548	571.642
35.072	879.707	572.508
34.905	879.951	572.836
35.568	880.056	572.663
35.354	879.721	572.371
35.440	879.773	571.621
35.718	879.207	572.028
36.133	879.303	571.008
35.611	878.867	571.078
36.232	878.111	571.111
35.692	878.543	570.917
35.789	879.157	571.257
35.123	879.072	571.657
35.532	879.401	572.115
35.703	879.053	571.899
35.654	878.785	571.873
35.794	879.895	571.219
35.697	881.333	569.894
35.781	880.754	570.161
35.591	881.123	570.453
35.540	880.635	570.736
35.523	881.295	570.351
35.357	880.130	571.029
35.595	880.430	570.667
35.567	880.051	570.388
35.474	879.396	570.817
35.223	879.029	571.956
35.096	879.779	572.487
35.066	879.670	572.047
35.193	879.925	571.833
35.294	879.406	572.138
35.105	879.122	572.259
35.248	879.318	571.993
35.692	879.104	571.505
35.623	878.601	571.664
35.707	879.654	570.412
35.836	879.750	569.963
35.959	879.501	570.027
35.461	879.664	570.799
36.129	880.819	570.125
35.745	880.442	570.655
35.602	880.815	570.632
35.524	881.380	570.615
35.687	880.587	571.538
35.818	880.557	571.230
35.608	880.065	571.748
35.523	879.914	571.912
35.511	878.802	572.041
35.389	879.082	571.843
35.770	878.794	571.769
36.139	879.331	570.913
35.776	879.126	570.614
35.705	878.911	570.427
35.861	879.449	570.005
35.842	878.395	570.439
35.612	878.497	570.650
36.115	878.480	570.867
35.696	878.270	571.564
36.017	877.626	571.672
35.703	878.161	572.613
34.797	879.447	572.448
35.213	879.909	572.390
35.196	881.108	571.261
35.147	880.234	571.399
35.452	880.522	571.448
35.750	880.084	571.516
35.625	878.890	572.010
35.987	879.596	570.855
35.456	879.099	571.115
35.884	878.798	571.358
36.022	879.757	570.744
35.435	880.117	571.046
35.987	879.742	571.437
35.898	879.446	570.963
35.781	879.026	570.810
35.868	880.524	571.076
35.993	880.583	570.923
35.281	880.835	570.576
35.622	880.174	571.930
35.679	878.647	572.565
35.718	877.350	572.494
35.768	877.195	572.412
35.836	877.316	572.104
35.675	877.474	572.251
35.720	877.687	572.212
35.269	877.869	572.454
35.504	878.835	571.920
35.159	878.882	572.048
35.264	880.712	571.527
35.337	881.069	572.657
36.003	881.129	571.990
35.735	880.096	571.607
35.709	880.626	571.233
36.014	881.355	570.691
35.902	881.057	570.812
35.588	880.328	570.344
35.981	880.231	570.025
35.652	879.747	570.587
35.297	880.021	571.279
35.437	879.962	570.998
35.198	879.703	572.061
34.903	880.440	571.927
35.571	879.825	572.143
35.675	880.930	570.526
35.301	880.930	570.771
35.698	880.348	571.019
35.337	878.947	571.640
35.177	879.251	572.107
35.203	878.855	572.966
35.346	879.482	573.201
35.440	878.657	572.534
35.411	879.198	572.522
35.354	878.574	573.361
35.649	878.816	572.806
35.137	878.591	573.501
35.880	879.709	574.212
35.682	879.920	573.052
35.603	879.828	573.173
35.666	880.111	571.892
35.467	880.297	572.014
36.064	881.027	570.911
35.517	880.261	571.206
35.639	880.750	571.408
36.030	880.830	571.034
35.535	880.765	571.374
35.845	880.132	571.857
35.335	880.069	572.121
35.954	879.060	571.128
35.799	879.183	570.435
35.755	878.449	570.496
35.800	878.940	569.755
36.004	879.059	570.166
35.729	879.282	571.178
35.690	878.689	571.452
35.790	878.645	571.125
35.475	879.808	570.462
34.634	879.842	571.800
35.021	879.673	572.580
34.764	879.193	574.171
35.258	878.280	574.304
35.733	877.468	574.034
34.827	877.561	573.370
36.079	878.879	571.526
35.927	879.303	571.102
35.887	879.920	570.828
36.013	879.264	571.119
35.442	879.013	571.225
35.307	877.813	572.377
35.566	877.777	572.517
35.844	876.450	573.277
36.101	877.185	572.431
36.389	878.379	570.385
35.842	878.717	570.268
35.939	879.957	569.815
35.416	880.115	570.816
35.358	879.148	571.562
35.938	878.388	572.075
35.609	878.293	572.052
35.896	879.001	571.835
35.661	879.291	572.297
35.765	877.588	572.050
35.885	878.316	571.293
35.637	878.711	571.185
35.856	879.467	571.013
36.004	878.682	570.492
36.236	878.419	570.287
35.760	877.897	570.828
36.403	878.037	570.736
35.178	879.096	571.811
35.615	879.547	572.210
35.611	880.041	571.608
35.499	880.627	571.197
35.843	880.716	570.667
35.722	880.041	571.386
35.655	880.265	571.335
35.930	879.710	570.482
36.090	879.656	570.022
36.077	879.669	570.168
35.970	879.304	570.495
35.776	878.563	570.588
35.979	878.914	571.543
35.413	878.320	572.574
34.899	877.995	573.360
35.513	877.191	573.497
35.316	876.333	572.985
36.000	876.015	573.003
35.629	877.647	572.342
35.943	878.780	572.053
35.242	879.331	572.099
35.321	880.366	571.939
35.207	880.818	571.624
35.326	880.225	571.878
35.785	879.321	570.707
35.442	879.908	570.887
35.519	879.987	571.054
35.082	880.085	571.811
34.985	880.170	572.682
36.134	880.186	571.796
36.066	880.527	570.744
35.433	880.999	570.581
36.079	880.537	570.678
35.819	880.019	571.847
35.766	878.510	572.161
35.278	879.341	572.083
36.181	879.603	570.548
35.719	879.666	570.610
36.092	880.193	569.698
36.270	878.604	569.928
35.464	878.068	571.147
35.872	877.360	571.564
36.490	877.450	570.684
36.220	877.349	571.267
35.696	877.971	570.971
36.365	877.944	570.218
35.891	877.695	570.342
35.645	879.118	570.564
35.592	879.127	570.773
35.677	878.519	571.144
36.453	879.947	569.823
36.082	880.725	569.478
35.842	880.866	570.139
35.066	881.106	570.777
35.348	880.611	571.437
34.968	881.101	572.133
35.885	880.336	571.818
35.391	880.775	571.925
35.934	880.545	571.656
34.678	881.268	571.844
35.131	880.981	571.993
35.222	881.528	572.836
35.889	882.200	572.312
35.820	882.831	571.091
35.962	882.181	571.034
35.455	881.154	571.698
35.665	880.642	571.685
36.023	880.597	571.086
35.790	880.065	570.834
35.918	879.689	570.715
35.906	879.963	570.326
35.729	879.891	570.598
35.869	879.265	570.546
35.596	879.146	570.756
35.758	879.009	571.406
35.915	878.357	571.010
36.331	877.458	570.868
36.007	877.476	571.058
36.006	876.381	571.564
36.422	876.602	570.784
36.530	877.587	570.465
36.138	877.559	569.991
35.757	878.999	570.809
35.753	879.375	570.957
35.314	879.382	570.777
35.669	879.975	571.099
35.865	880.231	570.150
35.850	879.874	570.084
35.350	880.481	570.547
35.322	879.489	571.520
35.326	879.083	572.317
36.161	879.117	571.568
35.883	879.445	571.982
34.908	879.230	572.873
34.765	879.369	573.605
34.841	878.621	574.013
34.451	878.746	574.591
35.758	878.450	574.422
35.816	878.736	572.963
35.710	878.711	572.861
35.799	879.280	571.832
35.767	878.104	571.634
36.066	878.514	571.280
35.793	878.977	570.723
36.062	879.610	570.593
36.000	879.250	570.386
36.556	879.486	568.855
35.931	879.520	569.254
35.820	880.154	569.157
35.980	880.074	569.036
36.090	879.918	569.281
35.671	879.794	569.541
35.633	879.075	570.910
35.967	878.593	570.499
35.822	879.403	570.672
35.542	879.004	571.074
35.403	879.546	571.022
35.535	880.069	570.616
35.599	880.133	571.008
35.655	879.301	571.459
35.499	878.390	571.355
35.938	878.342	570.162
35.704	877.215	571.614
36.556	877.117	571.146
35.780	877.765	570.997
35.890	879.089	571.044
36.034	879.074	571.065
36.688	879.188	570.091
35.608	878.229	571.089
35.901	878.357	570.595
35.727	878.281	571.843
36.082	878.691	571.051
35.738	879.306	571.012
35.708	879.610	571.296
34.956	880.182	572.315
35.599	880.162	571.366
35.576	879.917	570.580
36.151	879.911	570.296
36.078	879.934	569.608
36.644	879.920	569.378
36.234	880.243	569.520
35.474	879.988	570.913
35.625	879.238	570.849
36.145	879.198	569.983
35.728	878.741	570.265
35.379	879.878	570.501
35.977	880.028	571.006
36.190	880.132	570.227
36.144	881.003	568.979
35.649	880.881	569.529
35.744	880.375	570.087
35.673	879.355	570.529
35.601	879.558	571.295
35.754	879.641	570.940
35.948	879.330	570.511
36.140	879.624	570.619
35.709	879.848	570.691
35.807	879.601	570.523
35.579	879.803	570.996
35.815	879.512	570.206
35.602	879.680	570.790
35.691	879.566	571.022
35.505	879.742	570.618
35.790	879.946	570.569
35.246	880.744	570.964
35.762	880.717	571.255
35.478	880.128	570.716
35.826	879.230	571.144
35.652	878.775	570.823
35.469	879.490	571.260
35.626	879.493	571.035
35.797	878.718	571.203
35.856	879.906	571.119
35.613	879.321	571.550
36.055	879.457	570.902
35.127	879.400	571.320
35.894	878.462	571.511
35.731	877.933	572.571
35.822	878.734	571.905
35.546	879.567	571.913
35.540	879.981	571.797
35.816	879.981	571.583
35.603	879.881	571.205
35.188	879.771	570.841
35.817	879.596	570.328
36.058	880.310	568.965
35.800	880.014	569.720
35.334	880.213	569.848
36.367	879.246	570.537
35.409	878.215	570.700
35.913	877.610	571.240
36.313	878.396	569.922
35.978	878.099	570.874
35.600	878.659	570.620
35.837	879.021	570.217
35.851	879.159	569.974
36.089	880.299	569.956
35.917	880.345	570.197
35.806	879.685	570.384
35.788	879.011	570.213
36.175	878.926	570.541
35.398	878.232	572.073
35.448	877.678	572.542
35.952	879.242	572.079
35.472	879.749	572.130
35.309	880.266	572.093
35.706	879.770	571.556
35.869	879.584	570.718
35.503	878.583	571.744
35.615	878.706	572.353
36.181	879.033	571.119
35.972	878.881	570.723
35.481	879.608	571.147
35.325	880.103	570.714
35.883	880.178	570.778
35.613	879.058	571.703
35.726	878.686	571.459
35.824	878.631	570.486
35.991	879.422	570.604
36.051	879.143	570.939
35.672	879.759	570.347
35.238	879.772	571.202
35.613	879.665	571.716
35.457	878.918	572.422
35.313	879.246	571.811
34.154	879.984	572.677
34.305	879.954	573.626
35.657	878.459	574.323
35.917	877.707	573.106
35.891	878.203	572.172
35.860	877.544	571.873
35.993	878.583	571.298
35.786	878.655	570.673
36.081	878.744	570.730
36.060	878.177	570.959
36.112	878.466	570.614
36.060	878.317	570.882
35.965	878.058	570.708
36.036	878.521	570.997
35.863	879.245	570.997
35.515	878.151	572.023
36.186	877.839	571.937
36.018	877.557	571.187
36.262	878.575	570.564
36.256	879.410	570.290
35.614	879.130	570.062
35.868	877.726	570.916
35.994	877.312	571.940
36.219	877.199	571.638
36.440	878.071	570.361
36.062	879.286	570.413
35.789	880.224	570.364
35.307	880.328	570.507
35.237	880.691	570.997
35.285	880.651	572.207
35.516	880.601	571.280
35.936	880.666	569.888
35.799	880.539	570.199
35.748	880.121	570.211
35.381	879.433	570.848
35.942	879.127	570.097
36.308	879.758	570.630
35.614	880.331	570.392
35.682	880.124	570.461
35.589	879.471	570.547
35.977	879.857	570.976
35.673	879.995	571.293
35.637	880.363	570.589
35.684	878.693	571.038
35.778	877.894	571.614
35.859	878.566	571.528
35.984	879.678	570.730
36.026	880.257	570.583
35.899	880.210	570.499
36.481	881.314	569.310
36.422	881.697	568.419
35.755	881.106	569.346
35.788	880.322	569.651
35.841	879.464	570.073
35.887	879.607	570.624
35.618	880.303	571.166
35.280	880.407	570.560
34.988	879.772	572.157
35.403	880.736	571.550
36.006	881.228	570.990
35.853	880.616	571.420
36.165	879.942	570.416
35.733	879.704	570.747
35.649	879.699	571.028
35.558	879.675	571.541
35.982	879.512	571.415
35.285	879.307	571.399
35.305	879.717	570.979
35.850	879.543	571.056
35.365	879.738	571.173
35.741	880.359	570.492
35.734	879.510	570.754
35.879	878.888	571.063
35.168	877.686	572.312
35.735	877.605	571.446
35.645	878.691	570.725
35.897	878.700	571.026
35.183	877.885	572.215
35.431	877.534	572.685
35.929	878.654	572.275
35.626	879.348	571.605
35.633	878.955	572.015
35.929	879.670	571.469
36.024	879.488	569.901
35.725	878.357	571.123
35.398	877.314	572.099
35.807	876.715	571.774
36.562	877.983	571.603
36.748	878.611	570.581
36.183	879.744	569.862
35.765	879.449	570.472
35.919	878.885	570.090
35.314	878.781	571.305
35.362	878.648	572.087
35.561	879.963	571.499
35.562	880.390	571.321
36.140	879.014	571.549
35.993	879.908	571.455
35.715	879.935	570.921
35.861	880.535	570.278
35.775	880.888	569.668
35.991	880.617	570.728
35.346	881.368	570.524
35.920	881.023	570.744
35.692	881.176	570.802
35.308	880.697	570.616
35.525	879.672	571.412
35.246	880.378	571.182
35.719	879.184	571.853
36.037	879.874	571.743
35.292	879.497	572.102
35.555	878.184	571.554
35.738	877.550	572.215
35.951	877.646	572.574
35.862	878.279	572.026
35.939	879.250	571.321
35.455	879.505	570.766
36.001	879.735	570.430
35.448	879.691	570.762
35.381	879.574	570.875
35.619	878.722	571.182
35.670	877.531	571.988
35.886	878.311	571.930
36.099	878.926	571.519
35.788	878.673	571.077
35.300	878.813	571.802
35.374	879.670	571.196
35.213	880.034	571.443
35.737	880.476	570.722
36.237	879.634	570.462
35.906	879.568	569.996
35.885	879.960	569.563
36.061	879.558	569.993
36.294	880.089	570.040
35.831	880.682	570.403
36.082	880.203	569.996
35.631	880.122	570.790
35.783	879.642	570.998
35.898	878.366	572.416
35.610	877.233	573.103
35.615	876.917	573.224
35.792	876.737	572.656
35.563	877.469	571.529
35.528	878.298	571.613
35.352	878.109	572.357
35.137	877.945	572.685
34.865	878.174	573.002
35.028	877.781	573.818
34.637	879.578	573.729
35.652	880.705	573.537
36.093	882.263	572.397
36.283	882.097	570.537
35.958	881.941	570.148
36.053	881.279	570.428
35.526	880.072	570.566
35.416	878.793	571.371
35.417	878.896	571.510
34.927	879.094	572.258
34.991	879.248	572.971
35.203	878.842	572.625
35.868	879.245	572.206
35.348	879.799	571.478
35.550	879.819	571.276
34.758	879.242	570.972
35.794	879.042	570.550
35.954	878.296	570.725
35.350	877.955	571.208
36.110	877.750	571.688
35.601	879.659	571.037
35.370	880.240	570.971
36.158	880.448	570.525
35.878	881.332	570.433
35.953	880.781	570.049
35.697	880.167	570.791
35.697	879.684	571.184
35.419	879.120	571.566
35.530	879.477	571.854
34.961	879.415	572.038
35.279	879.525	572.481
35.340	878.663	572.964
35.403	877.449	573.119
35.683	878.131	572.341
36.309	878.541	571.358
35.857	879.935	570.139
35.863	880.469	570.657
35.564	879.877	571.869
35.422	880.323	572.231
35.812	879.571	572.104
35.903	879.391	572.534
35.551	877.816	572.536
36.058	877.611	572.815
36.003	878.370	571.611
36.105	878.137	571.458
36.187	877.737	571.319
36.110	878.884	570.859
35.902	879.332	570.398
35.454	879.922	570.913
35.309	879.934	571.594
35.583	880.063	571.631
35.948	880.192	571.007
35.917	879.468	570.754
35.944	878.287	570.936
36.056	878.679	571.028
36.160	879.276	570.705
36.002	878.796	570.258
36.110	877.817	570.675
36.439	879.053	570.219
36.183	879.414	570.574
35.828	880.261	570.501
35.879	879.896	570.689
35.968	879.882	570.865
36.202	879.932	570.723
35.584	879.881	570.657
35.783	879.380	570.984
35.527	878.140	571.697
35.788	878.652	571.879
36.002	879.680	571.170
35.729	879.658	570.811
35.400	878.486	571.317
35.428	878.600	570.569
35.746	878.681	571.806
35.825	878.827	571.736
35.687	878.651	571.579
35.931	879.246	571.090
35.814	879.304	571.107
35.812	878.914	570.526
35.856	878.678	570.852
35.285	878.385	571.896
35.697	877.897	571.834
36.048	877.363	571.721
36.289	877.660	570.865
36.379	877.762	570.842
36.087	877.258	570.933
35.973	878.485	571.072
35.736	878.052	571.729
35.986	878.299	572.018
35.978	877.655	571.837
35.785	877.767	571.479
35.948	877.574	571.186
36.287	876.945	571.054
36.688	876.630	570.471
36.382	877.900	569.543
36.293	878.055	569.618
36.163	877.611	569.650
36.171	878.640	569.913
36.368	878.435	570.200
36.044	877.664	570.389
36.077	877.535	569.900
35.969	877.841	570.209
35.682	877.889	570.292
36.651	879.024	570.090
36.193	879.923	570.531
36.019	879.310	571.576
35.752	879.186	570.636
35.872	878.760	571.454
35.658	878.367	571.193
35.445	878.245	571.306
35.821	877.381	572.556
35.851	877.112	572.408
35.607	877.035	572.277
36.242	877.110	571.300
36.497	877.567	569.815
36.281	877.960	569.755
35.837	878.428	570.498
35.396	878.399	571.754
35.344	878.050	572.016
35.382	877.293	573.254
34.765	877.858	573.262
35.574	878.805	572.781
35.564	879.455	572.333
35.005	878.361	573.155
34.646	878.120	573.535
35.661	877.001	573.600
35.855	877.762	573.401
35.385	878.072	572.206
35.504	877.511	572.544
36.236	876.725	572.007
36.338	877.198	571.114
35.968	877.730	570.252
35.854	877.834	570.915
36.046	877.695	571.154
36.319	877.625	571.101
36.013	878.553	570.784
35.908	879.148	570.874
35.932	879.479	570.430
36.108	878.679	570.449
35.925	878.758	570.159
35.898	878.816	570.381
35.772	879.297	570.550
35.945	879.174	571.532
35.733	878.919	571.409
35.051	879.723	571.541
35.836	880.125	570.929
35.560	879.820	570.539
35.621	879.788	570.910
35.546	880.601	570.403
35.243	880.398	570.499
35.253	879.002	570.604
35.368	878.204	571.479
35.693	877.885	570.965
36.296	877.344	571.071
36.319	877.926	570.868
36.007	878.617	570.894
35.168	879.874	571.414
35.758	879.828	571.669
35.386	880.161	571.775
35.892	880.571	570.976
35.702	879.859	571.691
35.182	878.961	572.725
35.230	878.599	573.045
35.341	879.582	572.408
35.490	880.149	571.789
35.173	880.427	571.738
35.290	880.324	572.041
35.587	879.410	572.063
35.778	878.360	571.223
36.094	877.726	571.375
35.849	878.778	571.103
35.972	878.971	570.769
35.990	878.654	570.929
36.253	879.794	570.691
35.885	879.932	570.728
35.723	879.967	570.970
36.103	880.375	569.770
35.718	879.520	570.702
35.871	881.012	570.620
36.261	881.434	569.992
35.517	879.867	570.872
35.553	879.571	571.146
35.939	879.763	570.984
35.496	879.614	570.704
34.806	880.399	571.715
35.795	879.400	571.830
35.502	879.184	572.450
35.381	878.216	571.831
35.430	878.160	572.226
36.500	877.844	570.895
36.127	878.204	570.511
35.707	878.177	571.145
36.301	877.917	571.165
35.695	878.338	571.544
35.929	877.790	571.173
36.082	878.044	571.367
35.496	878.524	570.605
35.928	878.490	571.623
35.750	877.776	572.006
35.829	878.459	572.377
35.930	876.868	571.779
35.921	877.471	571.069
35.890	878.016	570.520
35.649	879.160	570.351
35.580	877.995	571.416
35.578	878.093	571.111
36.199	878.126	570.709
36.208	878.245	571.075
35.467	878.438	570.820
36.250	878.212	570.667
35.437	877.487	572.031
35.260	877.670	573.317
35.521	879.564	572.553
36.092	880.061	571.694
35.620	880.134	571.517
35.722	880.222	571.697
35.737	879.312	570.805
36.090	878.285	571.799
35.965	878.321	570.981
35.717	878.379	571.807
35.348	878.115	572.339
35.818	877.755	571.342
35.914	877.848	570.657
35.972	878.646	570.797
35.160	879.341	571.519
35.754	878.143	572.443
35.940	878.013	571.266
36.039	879.073	570.589
35.672	878.256	571.574
36.201	878.212	571.546
35.803	878.344	571.442
35.541	877.770	571.592
36.023	878.074	571.808
36.428	878.408	571.582
36.157	879.801	571.172
36.235	880.684	569.779
36.277	880.930	570.000
35.927	881.009	570.281
35.561	881.175	570.486
35.941	880.229	570.176
36.286	881.043	568.866
36.228	881.729	569.006
36.142	882.779	569.314
35.754	882.535	569.343
35.709	883.199	569.227
35.599	881.995	570.388
35.593	881.069	571.311
35.817	881.040	570.294
35.552	880.550	570.532
36.113	880.456	571.436
35.414	879.021	571.262
36.303	879.187	570.971
35.506	878.892	571.482
36.241	878.881	570.532
35.799	878.097	571.466
35.582	877.777	571.443
36.565	877.795	571.202
36.205	878.304	570.918
35.949	877.598	571.155
35.963	878.284	570.774
36.321	877.862	571.315
36.143	877.627	571.532
35.852	878.891	571.640
35.934	878.719	571.899
35.967	879.594	571.680
35.756	878.627	571.413
35.731	877.632	571.469
35.695	878.415	571.205
36.476	879.131	570.257
36.042	879.733	570.041
36.299	879.714	570.366
35.805	879.339	570.929
36.014	878.055	570.612
35.950	876.518	572.154
35.691	877.015	571.618
35.642	876.391	572.929
35.744	877.055	572.486
35.968	877.769	571.510
36.465	877.711	571.278
36.317	878.315	570.846
36.530	878.632	570.826
36.154	879.592	570.267
35.867	879.570	570.514
35.355	879.500	570.929
36.014	881.480	570.223
35.407	881.694	570.296
35.877	881.800	570.899
35.924	881.736	570.120
35.869	881.862	570.210
35.757	880.487	569.550
35.723	881.004	570.170
35.302	881.391	569.932
35.555	881.172	570.671
36.080	881.100	569.947
35.266	881.247	570.588
36.099	881.579	570.772
36.071	881.892	571.188
36.340	880.693	569.987
35.729	880.141	570.864
35.435	880.808	571.239
35.281	881.259	571.186
35.845	881.226	571.287
35.616	881.073	570.924
35.877	880.196	570.810
36.417	880.342	569.759
35.687	879.706	570.098
35.533	879.751	570.931
35.469	879.493	572.331
36.185	879.234	571.684
35.779	878.209	571.919
35.256	877.443	572.240
36.095	877.576	571.894
35.621	878.613	572.332
35.521	878.458	572.052
35.689	878.803	571.458
34.876	879.309	571.576
35.410	879.213	572.427
35.505	878.718	572.058
35.454	877.342	572.030
36.162	877.126	571.294
36.462	877.764	571.159
35.723	877.706	570.889
35.833	877.932	571.609
35.523	877.317	572.260
35.052	877.561	572.871
35.944	878.113	572.569
36.099	878.653	571.430
35.588	880.122	570.847
35.507	879.934	570.601
36.179	879.429	571.065
35.501	878.880	571.228
36.291	879.256	570.568
35.628	879.325	570.811
35.442	878.731	570.842
36.441	879.256	570.577
35.822	879.258	570.798
35.504	880.339	570.682
35.287	880.602	570.913
35.724	880.219	571.140
36.105	879.646	570.513
36.146	879.699	571.115
35.107	880.470	571.147
35.309	880.388	571.872
35.426	880.336	571.676
35.550	879.698	571.570
36.157	879.915	571.476
35.798	879.686	570.675
35.499	879.335	570.780
36.152	878.967	570.957
36.115	878.734	570.780
36.634	879.246	570.058
36.644	878.900	569.738
36.341	878.025	569.325
36.335	877.510	568.530
36.484	877.770	568.943
35.817	877.424	569.085
36.150	877.342	569.780
36.306	877.582	569.288
36.017	877.627	569.891
36.601	878.145	569.957
35.827	878.089	570.586
35.722	878.176	571.317
35.990	878.586	570.349
36.260	878.350	570.991
35.573	878.024	571.055
35.486	878.305	571.825
35.738	877.153	573.021
35.815	876.694	573.072
36.708	878.105	571.269
35.787	877.906	570.433
35.533	878.806	570.614
35.982	879.198	570.775
35.111	879.025	571.623
35.515	878.187	573.512
36.285	878.128	572.806
36.252	878.528	571.880
36.033	878.667	571.295
35.889	878.477	571.247
36.369	878.639	570.820
36.243	880.155	569.657
35.317	880.676	570.425
35.650	880.483	570.148
36.337	879.198	571.003
35.513	877.489	572.131
36.157	876.162	571.873
36.416	874.764	572.405
35.825	876.346	571.803
36.248	876.920	571.044
36.832	877.690	569.700
36.342	878.359	569.271
36.273	877.581	569.878
36.533	877.516	570.707
36.808	877.032	571.396
36.128	877.429	570.773
36.580	877.670	570.687
36.787	879.532	569.988
36.223	880.546	570.237
35.655	880.899	570.081
35.623	880.059	571.082
35.535	878.962	571.087
35.985	879.980	570.423
36.186	880.201	570.024
36.208	880.220	570.068
35.671	880.695	570.303
35.645	880.267	570.598
35.528	879.062	571.263
35.802	878.470	570.598
36.445	877.904	570.762
36.130	879.452	569.968
35.443	878.917	570.832
34.993	878.475	572.527
34.965	878.397	573.114
36.120	878.592	571.300
35.440	879.059	571.141
35.739	879.126	570.834
35.315	878.483	571.742
36.208	878.136	571.187
36.306	879.699	570.219
36.066	880.333	569.734
36.106	880.013	569.646
36.085	879.533	570.045
36.437	879.438	570.642
35.742	878.750	571.076
35.703	879.124	570.990
35.936	878.462	570.382
36.324	879.372	569.571
36.020	878.349	570.472
35.757	878.304	570.941
35.634	878.299	571.295
35.654	878.554	571.884
35.611	879.942	571.295
35.813	880.479	570.497
36.210	879.260	570.779
36.257	879.510	570.795
35.836	879.912	570.263
36.144	880.186	569.541
35.692	879.384	570.030
35.677	878.277	571.184
35.465	878.375	570.857
35.585	878.210	570.955
35.955	878.690	570.664
36.722	879.604	569.979
35.800	879.868	570.100
36.202	880.064	569.927
36.061	879.854	570.558
35.730	879.192	571.701
36.143	878.883	571.161
35.822	879.160	570.825
35.674	878.352	571.023
36.057	877.992	571.430
35.517	877.461	571.596
36.328	877.739	571.018
35.661	879.005	570.555
35.621	880.266	570.693
35.515	880.715	571.015
35.601	880.086	571.368
36.179	879.879	570.158
36.319	879.791	570.037
35.808	880.297	570.462
35.997	879.787	570.402
36.063	879.311	570.211
36.105	877.697	570.862
36.442	878.506	570.176
36.248	878.138	570.692
36.286	877.875	570.228
36.164	878.053	570.419
36.595	878.014	569.701
36.228	878.431	570.214
36.605	878.732	569.140
36.421	879.671	569.026
35.878	879.568	568.897
35.913	879.999	569.346
36.009	880.477	568.760
36.443	879.868	569.087
35.641	880.073	570.176
35.871	879.236	570.494
35.933	878.536	570.585
36.114	878.823	569.869
36.623	879.154	570.115
35.791	877.512	571.140
35.736	878.285	571.026
35.916	876.981	571.889
35.717	876.551	572.314
36.326	877.184	571.331
36.431	877.994	570.877
36.205	879.033	569.732
36.647	878.391	569.780
36.338	877.933	569.971
35.878	877.301	570.626
35.570	877.082	572.194
35.504	877.538	572.253
35.845	878.366	571.455
35.616	877.679	571.520
34.863	878.135	572.323
35.495	876.402	573.013
36.136	876.889	571.774
36.258	878.356	570.658
36.266	878.471	570.141
35.928	878.459	570.040
35.571	877.227	571.424
35.649	876.994	571.284
36.178	878.114	570.702
35.963	878.514	570.769
36.537	879.131	569.896
36.104	878.660	569.980
35.844	877.442	570.954
35.649	877.143	571.858
36.140	876.951	571.047
36.107	877.864	570.687
36.712	879.173	569.341
35.988	879.574	569.388
35.967	880.666	569.758
35.886	881.517	569.521
35.517	880.878	570.573
35.958	879.784	570.323
35.632	880.127	569.919
35.716	878.676	571.645
35.573	879.451	571.127
35.993	879.111	570.526
35.909	880.146	570.692
36.416	881.222	569.061
35.780	880.300	569.441
36.089	880.256	569.124
36.224	879.719	569.722
35.887	880.635	569.784
35.948	880.244	570.397
36.266	880.041	570.143
35.870	879.399	570.454
35.739	879.797	570.597
36.214	880.471	570.365
35.896	880.517	569.822
35.980	880.427	570.105
36.495	880.176	569.440
36.658	881.313	568.311
35.812	880.177	569.051
35.879	879.862	569.589
35.991	880.127	570.151
35.306	880.023	570.530
35.545	879.428	571.434
35.417	879.141	571.155
35.921	879.889	570.621
36.293	881.378	570.685
36.005	881.129	570.660
35.924	880.339	571.423
35.460	880.484	571.529
35.808	880.961	570.809
35.941	880.338	570.289
36.116	879.805	569.391
36.130	879.914	568.818
36.303	879.477	568.361
36.837	878.870	568.488
36.442	878.932	568.596
35.993	878.532	569.781
35.660	879.380	570.708
36.387	878.904	570.673
36.296	878.663	571.547
35.604	879.432	570.985
35.641	879.808	570.800
35.781	879.087	570.984
35.988	878.263	571.630
36.039	877.772	571.117
36.458	877.721	570.516
35.933	877.739	571.205
36.004	877.499	571.308
36.097	878.010	569.600
36.092	878.092	570.709
36.131	878.963	570.602
36.132	878.226	570.591
35.967	878.232	570.749
36.052	877.691	570.823
35.927	878.385	570.527
35.202	877.620	572.224
35.484	878.548	572.067
35.544	879.672	571.448
36.035	879.551	570.866
35.615	880.577	570.428
35.375	880.771	570.132
35.969	880.605	569.944
35.892	880.759	569.271
35.888	881.209	568.881
35.611	880.557	570.043
35.609	880.504	569.968
36.059	880.249	570.355
35.668	880.065	570.510
36.014	880.457	570.630
35.270	880.598	570.999
35.244	881.225	570.821
35.039	880.186	571.176
34.887	880.309	571.362
36.169	879.439	570.588
35.906	879.233	569.885
35.844	880.123	570.107
35.813	879.564	570.211
35.176	880.018	570.797
35.379	880.363	571.118
35.599	879.724	570.905
35.012	879.648	571.332
35.862	880.565	570.711
35.694	881.155	570.280
35.751	880.975	570.245
35.604	880.382	571.196
35.370	880.173	571.335
36.089	878.930	571.120
35.935	878.690	570.694
36.103	878.818	570.752
36.171	879.802	569.892
35.216	879.912	570.710
35.892	879.989	570.341
36.018	880.898	569.037
36.081	880.659	569.682
35.953	880.456	570.438
35.440	880.129	570.472
35.415	879.759	571.358
34.711	879.783	571.588
35.854	880.071	570.482
35.959	879.651	570.622
35.922	879.697	570.222
36.299	879.904	570.102
36.016	879.110	570.202
36.079	878.340	570.435
35.868	877.890	570.533
36.118	877.620	571.423
35.943	877.589	571.159
35.927	877.685	571.545
35.953	877.679	572.633
35.635	877.889	572.626
35.823	878.324	572.198
36.031	878.570	571.146
36.606	879.648	569.795
35.819	879.632	570.209
36.046	880.474	569.422
35.908	881.012	569.144
36.004	880.592	568.903
35.748	880.568	570.070
35.955	881.348	570.061
35.955	882.219	570.123
36.426	882.273	568.728
36.464	882.194	568.292
35.827	881.972	568.428
35.729	880.683	569.996
35.692	880.993	569.900
35.525	880.667	570.386
35.556	880.496	570.031
36.151	880.033	569.848
35.833	880.760	570.396
35.781	880.772	569.468
35.485	880.993	570.491
35.733	881.375	569.946
35.057	881.170	570.577
35.266	881.082	570.989
35.266	879.988	571.023
35.333	880.008	570.690
35.841	880.324	571.375
35.538	879.275	571.575
35.582	879.156	571.380
36.039	879.296	571.057
36.252	878.791	570.460
36.049	879.030	570.097
36.129	879.797	569.675
36.136	879.736	570.648
35.612	879.977	571.042
35.864	879.981	570.477
35.838	879.016	571.218
35.945	879.227	571.321
36.054	878.576	570.393
36.108	879.260	570.009
35.938	879.904	570.551
35.710	881.014	570.787
35.963	881.441	569.793
35.912	880.427	570.269
35.442	879.669	570.361
35.797	879.276	570.408
36.058	879.670	570.342
35.796	879.692	570.114
35.490	880.153	570.142
36.340	880.602	569.581
35.652	880.574	570.146
35.853	879.867	570.407
36.033	879.597	569.931
35.309	878.619	570.877
35.879	879.480	570.705
36.211	879.204	570.554
35.859	877.886	571.776
35.027	877.674	572.156
35.726	878.551	571.781
36.168	878.978	570.785
36.292	879.546	570.491
36.043	879.889	570.775
35.729	879.900	570.696
35.936	880.715	570.625
35.988	881.270	569.120
35.715	880.189	569.741
35.017	879.698	571.454
35.926	880.268	571.142
36.094	878.590	571.655
35.983	879.413	570.861
36.057	879.457	570.418
35.947	879.851	569.555
35.893	880.340	570.195
36.053	879.959	570.121
35.196	878.838	571.003
35.064	878.885	571.131
36.170	879.586	571.329
35.418	879.729	571.443
35.522	880.225	571.675
35.083	881.256	572.130
35.449	880.954	572.036
36.104	881.061	570.012
35.899	880.894	569.886
35.745	880.782	570.593
36.124	880.368	570.946
35.714	879.627	571.135
36.198	880.694	570.195
36.009	880.331	569.939
36.011	880.299	570.308
35.969	880.017	570.228
36.181	879.231	569.770
36.050	878.820	570.063
36.114	878.488	569.962
35.417	879.370	570.373
35.947	878.595	570.397
36.091	879.564	569.913
35.971	879.794	570.279
35.548	880.012	570.712
35.079	879.725	571.127
35.737	878.791	571.816
35.665	878.461	571.698
35.751	878.285	571.047
35.866	878.188	570.831
35.870	878.663	571.519
35.570	880.086	571.010
36.107	879.503	570.999
35.953	880.067	570.763
35.655	879.368	570.397
36.392	878.834	569.913
35.960	878.947	569.646
36.017	879.217	569.998
36.038	878.374	570.755
36.376	877.652	570.415
36.546	877.782	569.393
36.133	878.783	569.263
36.268	879.341	569.019
34.997	878.486	570.023
35.958	877.285	570.477
35.471	878.105	570.596
35.406	877.726	571.574
35.201	878.427	572.115
36.398	878.854	571.180
35.482	880.411	570.284
36.131	879.855	570.109
35.622	880.122	570.424
35.635	880.713	569.987
36.018	879.683	570.190
35.925	879.935	569.959
35.912	880.297	569.964
36.191	879.624	570.140
35.712	879.921	570.319
35.665	878.962	570.856
35.396	879.588	571.023
35.864	880.910	570.991
35.697	881.250	570.137
36.299	880.615	569.718
35.681	880.662	570.614
36.086	880.549	569.702
35.993	879.459	570.323
35.831	878.378	570.960
35.268	878.217	571.657
35.339	878.269	572.552
36.257	878.789	571.210
36.316	879.732	569.855
36.091	881.159	568.793
36.014	880.085	570.103
35.661	879.644	570.745
35.443	880.812	571.258
35.308	879.944	571.775
35.509	879.598	572.062
36.057	879.964	570.834
35.939	880.665	570.569
35.762	880.616	570.390
35.692	880.846	570.394
35.548	880.370	570.576
35.886	879.820	570.971
36.366	879.700	569.864
35.803	880.809	569.963
35.658	881.123	570.253
35.735	881.376	569.660
35.694	880.177	570.742
36.492	880.425	569.776
36.848	880.768	568.921
36.202	881.084	568.755
36.657	882.350	568.497
35.736	881.340	568.482
35.313	881.490	569.440
35.550	880.926	569.686
35.592	881.013	570.533
35.653	879.413	571.196
35.288	878.076	571.337
35.706	877.405	571.044
35.682	878.267	571.488
35.727	878.416	570.957
36.163	878.122	570.797
36.616	878.989	569.918
36.241	878.730	570.347
35.101	878.773	570.835
35.239	879.013	571.222
35.847	879.992	570.604
36.309	880.503	569.191
36.085	880.727	568.823
35.638	881.367	569.387
35.800	880.616	569.285
35.811	881.558	569.623
34.896	880.869	571.550
35.219	882.300	571.499
35.935	881.234	570.874
36.121	880.548	570.167
36.006	880.720	569.754
36.181	880.801	569.612
35.802	880.023	571.153
35.140	879.782	571.891
35.287	879.543	572.184
35.916	878.696	572.061
35.445	878.538	571.653
35.687	878.933	571.399
35.553	878.754	570.823
35.349	878.639	571.248
35.611	878.792	571.302
35.951	878.319	571.692
35.971	878.135	571.053
36.238	878.447	570.442
35.884	878.571	570.562
36.615	879.168	569.776
35.522	879.161	570.754
35.911	879.809	571.007
35.803	879.916	570.484
35.971	880.198	570.005
36.572	880.470	569.018
35.952	880.094	569.656
36.224	881.052	569.646
36.375	881.744	568.990
35.838	881.612	569.588
35.572	880.401	570.821
35.654	880.806	571.205
35.960	881.774	570.721
36.019	880.982	570.702
36.680	881.194	569.553
35.726	880.486	570.815
35.571	880.393	570.828
34.914	879.841	571.853
35.184	879.864	572.130
34.974	880.607	571.936
35.383	881.599	572.483
36.105	881.719	571.044
35.854	881.334	570.657
36.264	881.157	569.586
36.107	881.420	569.448
36.026	880.665	568.986
36.220	880.626	568.868
35.950	879.956	569.588
36.296	879.365	570.082
36.054	877.600	570.746
36.358	877.618	570.440
35.981	878.856	569.806
36.488	879.539	568.765
36.376	879.404	569.575
36.211	879.878	569.463
36.160	880.062	569.363
36.443	879.944	568.784
36.307	880.312	569.004
36.783	880.817	567.465
36.263	881.894	567.977
36.097	881.794	568.225
36.027	881.980	568.568
36.474	881.179	568.625
36.154	880.073	569.696
36.387	880.218	569.837
36.122	879.778	570.156
36.053	878.958	570.350
35.598	877.691	570.943
36.085	878.572	569.826
35.430	879.147	571.122
36.058	879.353	570.340
36.188	878.597	571.327
35.578	878.950	571.378
36.181	879.236	569.889
35.837	878.970	570.149
36.530	880.189	569.543
36.168	880.511	569.884
36.475	881.296	568.781
36.918	881.305	567.212
36.454	880.603	567.207
35.880	880.458	568.161
36.299	879.740	568.617
36.374	879.449	568.714
36.674	879.169	568.816
36.354	878.874	569.051
36.116	879.353	568.856
36.691	879.345	568.479
36.353	879.489	568.218
36.145	878.766	568.809
36.254	879.907	569.082
35.999	880.123	568.967
36.038	880.433	569.396
36.584	880.527	568.383
36.176	880.313	568.871
36.005	879.708	570.098
35.740	880.028	570.397
36.102	879.041	570.826
35.728	879.834	570.387
35.848	880.265	569.688
35.509	880.062	570.365
35.555	880.075	570.540
36.224	879.955	570.167
36.274	880.782	569.459
35.565	881.385	569.773
36.165	881.562	570.168
36.030	881.590	570.012
35.755	881.340	569.571
36.002	881.268	569.360
36.242	880.699	569.669
35.537	880.240	570.301
36.141	879.721	570.016
36.562	880.566	568.665
36.047	880.534	569.005
36.108	880.239	569.139
35.603	878.466	570.465
36.363	877.316	570.082
36.205	877.145	570.234
35.227	877.511	571.123
35.795	878.312	570.848
36.020	877.865	570.953
35.937	878.507	571.471
35.691	878.311	570.629
36.233	877.152	571.596
36.455	877.193	571.452
36.655	877.052	570.265
35.847	876.767	570.970
36.711	877.658	570.018
36.783	879.074	568.979
36.708	878.983	568.092
36.456	879.316	567.700
36.362	879.337	568.144
35.988	878.476	569.425
35.794	878.755	569.933
36.170	879.133	569.793
36.234	879.118	569.492
36.762	878.558	569.138
36.231	878.796	569.633
36.091	878.603	569.424
36.801	879.773	569.056
35.736	880.725	568.638
36.312	879.984	569.148
36.062	880.225	569.317
36.027	880.414	569.552
35.595	880.036	569.857
35.870	880.144	569.969
35.613	880.119	570.123
35.324	880.093	570.481
35.812	879.693	570.229
35.906	880.389	569.800
35.856	880.323	569.545
35.878	879.523	570.390
36.452	880.611	569.160
36.282	881.906	568.014
36.167	881.879	568.285
35.444	881.894	568.848
36.126	880.896	569.755
35.774	881.230	570.154
35.726	881.442	569.556
35.683	880.914	569.508
35.634	880.738	570.435
35.815	881.044	569.293
35.823	880.413	569.286
35.663	879.363	570.474
35.480	878.805	570.868
35.881	878.846	571.383
35.951	880.610	569.748
36.305	880.987	569.601
35.781	880.730	570.208
35.447	879.859	570.080
35.593	879.649	570.493
35.896	880.506	570.224
35.728	881.351	569.699
35.716	881.042	569.869
35.517	881.298	570.182
36.290	881.491	569.210
35.642	880.874	570.161
36.027	881.107	569.635
35.944	881.194	569.037
35.778	881.709	569.199
36.008	881.558	569.237
35.929	881.536	568.983
36.205	880.941	569.385
35.963	879.613	570.572
35.825	878.698	570.708
35.689	879.840	569.792
36.070	880.388	569.866
36.317	880.791	569.167
35.826	881.226	569.352
36.127	880.888	569.605
36.103	880.566	569.793
35.877	880.986	569.073
35.912	880.622	569.521
36.379	880.722	569.845
36.425	882.127	568.563
35.771	881.827	568.983
35.647	881.526	569.709
35.464	881.108	570.547
35.411	880.506	571.362
35.304	881.523	570.549
35.312	882.778	570.281
36.020	882.195	569.694
36.053	882.470	569.210
35.577	882.605	568.931
35.500	882.433	570.365
35.712	882.241	570.586
36.345	881.749	569.500
36.303	881.492	569.384
35.779	880.711	570.115
35.525	880.975	570.582
35.680	881.784	570.051
35.798	881.328	570.108
35.887	881.021	570.431
35.920	880.518	569.164
36.602	881.203	568.372
35.607	879.441	570.190
35.383	878.222	570.850
35.696	877.689	571.110
36.192	878.956	570.903
36.197	879.640	570.237
36.050	880.348	570.152
35.377	879.600	570.889
35.154	879.356	572.314
35.423	878.242	572.385
35.893	877.127	571.928
35.315	876.688	572.526
36.344	877.609	571.111
36.114	878.325	570.194
36.544	878.094	570.166
35.717	878.053	570.692
35.811	878.209	570.857
35.446	878.623	571.248
35.390	880.049	570.904
36.039	880.361	570.015
35.985	881.117	569.589
36.484	880.952	569.544
36.359	880.890	569.278
35.600	880.180	570.612
36.056	880.197	571.116
35.908	880.128	570.631
35.921	880.126	570.633
36.249	879.845	569.783
36.433	880.059	569.542
36.432	880.436	569.744
36.152	880.234	569.483
36.600	880.663	569.133
35.839	882.390	569.282
36.333	882.360	568.670
36.029	881.872	568.435
35.332	881.676	569.623
35.881	882.130	569.756
35.996	881.251	570.297
36.220	880.272	569.797
36.298	880.051	569.466
35.981	880.737	569.481
35.819	881.336	568.841
36.022	881.764	568.789
36.271	881.385	569.148
35.737	880.476	569.970
35.909	880.817	569.111
35.626	881.752	569.823
35.638	881.650	569.844
35.952	882.187	569.457
36.823	881.618	568.003
36.322	881.774	568.446
35.936	881.026	568.457
35.631	880.727	569.014
35.756	880.096	570.005
35.302	881.449	570.634
35.516	881.255	571.021
35.866	880.878	570.717
35.860	881.539	570.315
36.311	880.581	569.115
36.716	881.226	568.482
36.124	880.860	568.719
35.910	881.248	568.975
35.472	880.875	569.899
35.746	881.074	570.412
35.551	879.948	570.065
35.898	879.929	569.885
35.716	880.247	570.042
35.957	879.826	570.556
35.525	879.372	571.403
35.888	878.742	570.977
36.455	879.319	571.013
35.903	880.150	570.963
34.994	880.271	571.922
35.840	880.409	570.554
35.825	881.014	570.312
36.236	880.989	569.616
36.061	881.933	569.137
35.797	881.329	569.391
35.788	880.544	569.293
35.769	881.005	569.560
36.059	880.567	569.676
36.009	880.027	570.157
35.585	879.632	570.579
35.967	879.722	570.588
35.742	880.634	570.115
35.953	881.025	569.404
36.541	881.081	568.975
35.472	881.258	570.645
36.084	880.129	570.680
35.898	879.779	570.864
36.037	878.420	571.368
36.455	878.655	570.657
36.282	879.321	570.341
35.547	878.352	570.738
35.528	877.770	572.038
36.132	877.610	571.608
36.214	877.954	571.496
35.472	878.586	570.024
35.427	880.097	570.455
35.850	879.853	570.212
35.745	879.902	570.140
35.070	880.107	570.908
35.542	879.755	571.042
35.737	880.825	570.157
35.926	881.509	569.799
35.883	881.447	570.272
35.937	882.401	569.507
36.075	882.133	569.641
36.273	881.293	569.775
36.573	880.755	569.418
35.786	880.945	569.297
35.444	880.401	569.524
36.143	880.030	569.863
35.756	879.686	569.972
36.331	879.370	570.261
35.636	878.977	570.413
35.948	878.468	570.651
36.367	877.585	570.435
35.637	877.984	571.234
35.814	879.234	570.286
36.080	879.465	570.171
35.213	879.921	570.495
36.051	879.323	570.038
35.899	879.115	570.235
36.172	879.190	569.950
35.728	879.098	570.157
36.130	878.692	569.846
36.391	880.204	569.735
35.671	880.001	570.608
35.670	879.740	570.823
35.069	880.240	571.739
35.476	879.791	572.164
35.925	880.206	571.158
35.539	879.381	571.006
36.004	878.711	570.586
35.373	879.500	571.252
35.358	878.482	571.029
36.091	879.279	570.667
36.145	879.467	570.239
36.270	879.471	569.279
35.752	878.509	570.259
35.677	878.560	569.961
35.488	879.033	570.645
35.978	879.191	569.972
36.755	879.823	569.344
36.491	880.288	568.430
36.167	880.137	568.583
36.212	880.953	568.609
36.269	881.108	568.201
35.569	880.813	568.835
35.578	881.036	569.569
35.877	880.998	570.169
35.500	879.789	571.478
35.791	880.497	570.413
35.958	879.729	570.255
36.773	880.690	568.664
35.909	880.518	569.680
36.153	880.612	569.610
36.430	880.638	568.748
36.285	880.929	568.784
36.581	881.541	568.647
36.212	881.793	568.937
36.235	881.427	569.630
36.174	880.446	569.582
35.785	880.078	569.941
35.861	880.373	570.685
35.672	880.276	570.368
35.656	880.687	569.838
36.340	880.895	568.980
36.388	880.990	568.521
35.774	880.399	569.282
35.997	879.272	570.239
36.094	879.570	569.367
36.125	879.351	569.649
35.911	878.536	570.231
35.343	879.577	570.185
35.167	879.986	570.480
35.357	879.587	570.985
36.279	880.454	569.598
36.313	880.489	569.143
35.691	879.233	570.203
36.011	878.429	570.244
36.172	877.857	569.991
36.325	878.037	570.030
36.423	878.279	569.775
36.015	877.851	570.535
36.126	879.391	570.268
36.133	879.945	569.433
35.801	879.905	569.171
35.497	880.735	569.874
36.361	880.646	568.812
35.968	880.535	569.274
36.031	880.614	569.410
36.093	880.552	569.299
35.992	880.942	568.608
36.189	880.781	568.733
35.881	879.694	569.220
36.296	880.137	568.966
36.367	879.737	569.902
35.600	880.101	569.632
36.212	879.862	570.129
36.211	880.160	569.652
35.945	879.665	570.001
35.939	880.140	569.859
35.843	880.210	569.692
35.527	879.754	570.274
35.943	879.487	570.435
36.004	879.778	570.049
35.651	880.408	570.452
35.469	880.259	570.580
35.579	879.912	570.841
35.467	879.395	571.012
35.602	879.122	570.699
36.158	879.572	570.097
35.794	880.566	569.409
35.976	880.938	569.552
35.952	881.374	569.971
35.746	880.939	569.972
36.092	880.756	570.483
36.009	881.754	568.780
35.774	882.294	569.246
35.711	880.779	570.573
35.790	880.950	570.306
35.533	880.031	570.362
35.878	879.667	569.862
36.033	880.187	570.737
35.382	880.794	570.645
36.661	880.793	569.966
36.374	880.873	569.166
36.293	881.158	569.475
35.673	880.469	568.977
35.826	880.011	569.250
35.568	879.238	570.452
35.665	878.854	570.551
35.731	879.352	570.591
36.115	879.831	570.248
35.821	878.964	570.862
35.605	878.943	571.078
35.915	879.226	570.632
36.077	880.612	570.213
36.018	880.779	569.874
36.470	881.228	568.625
36.231	880.569	569.425
36.112	881.379	568.470
35.676	880.908	568.766
35.893	879.690	569.873
35.758	879.193	571.107
35.689	878.908	571.580
36.372	879.581	569.882
36.286	880.566	569.111
36.107	881.438	569.203
35.895	880.936	569.075
35.569	880.894	569.637
36.586	882.537	569.136
36.318	882.487	569.041
36.462	882.529	568.951
36.260	882.841	568.790
36.262	882.970	568.559
36.190	882.016	569.384
35.789	880.898	569.954
35.749	880.272	570.392
35.698	878.577	570.995
35.424	879.514	570.352
35.745	879.544	570.188
35.901	880.182	569.726
36.119	879.476	570.495
35.936	879.672	570.324
35.723	879.590	569.970
36.242	879.943	569.418
36.168	879.899	568.393
35.560	880.778	568.838
35.413	880.819	569.836
35.637	880.250	570.391
35.647	879.696	570.225
34.997	880.229	570.922
35.313	880.521	571.531
35.620	881.383	571.161
35.751	881.902	570.570
35.675	881.202	570.444
35.774	881.020	570.265
35.988	880.328	570.066
35.990	879.962	570.625
35.759	879.956	570.305
35.886	880.276	569.642
35.846	880.554	570.407
36.229	881.600	569.269
35.763	881.228	569.709
35.740	880.366	570.245
35.538	879.636	570.606
36.160	879.768	571.458
35.299	879.979	571.680
35.882	879.997	570.308
36.305	880.887	569.136
35.809	881.183	569.152
35.797	880.361	569.311
35.890	879.968	570.313
35.788	880.654	570.427
35.359	880.977	571.059
35.452	880.310	570.332
35.748	879.497	570.671
36.301	878.954	570.455
35.762	879.719	570.007
35.732	879.640	570.375
36.639	880.663	569.478
35.766	880.540	570.336
35.736	879.124	571.031
35.686	879.570	570.829
36.277	880.375	570.478
35.773	879.611	570.103
35.497	879.687	570.704
35.969	879.406	570.892
36.760	879.404	569.784
36.181	878.988	569.774
36.009	878.737	570.797
35.488	879.113	570.707
35.737	879.065	570.753
36.076	879.137	570.635
36.020	879.031	570.591
35.476	879.227	571.576
35.592	880.171	570.982
35.911	879.591	570.013
35.671	880.272	569.685
36.502	881.149	568.894
36.218	881.097	568.318
36.249	880.938	568.240
36.154	880.880	568.366
36.015	881.300	568.464
35.806	881.536	568.373
36.119	881.244	568.591
35.661	880.332	569.448
36.400	879.306	569.730
35.822	877.278	571.354
36.122	877.010	570.901
36.664	877.290	569.821
36.334	877.308	570.156
36.223	877.179	569.979
36.711	878.470	569.428
36.004	879.053	569.130
36.560	879.890	568.489
35.984	880.388	568.685
36.894	880.294	568.068
36.721	879.641	568.095
36.429	879.729	568.970
35.997	879.456	569.906
36.123	879.424	569.240
36.054	879.041	569.653
36.380	880.088	568.945
36.154	879.902	569.208
36.206	880.020	569.124
36.440	879.043	568.624
35.920	878.617	570.359
36.036	878.643	569.966
35.708	878.879	570.894
35.582	880.353	570.100
35.020	880.251	571.142
34.834	881.381	571.300
36.017	880.497	569.917
35.385	880.080	570.701
35.645	880.415	570.883
35.841	879.905	570.310
35.914	880.036	569.681
36.242	880.340	569.433
36.432	881.210	568.524
36.377	880.736	568.335
35.631	879.420	569.655
35.589	877.873	571.059
35.506	878.049	571.788
35.271	878.805	571.319
36.191	878.869	571.254
36.043	879.843	570.558
35.623	879.293	571.294
35.813	879.583	570.608
35.356	880.127	570.472
35.855	879.666	571.010
36.059	880.111	570.839
35.902	880.173	569.653
35.496	879.597	570.580
36.151	878.817	570.940
36.408	878.532	571.105
36.158	878.934	570.622
35.640	880.393	570.280
35.725	879.009	570.962
35.720	878.895	571.453
35.494	878.658	571.461
36.071	879.257	570.210
36.114	879.002	569.792
36.241	878.391	570.384
35.964	878.706	570.106
36.594	879.472	569.910
35.828	879.442	569.783
36.169	878.687	569.444
36.084	878.631	569.884
36.201	878.537	569.848
35.925	878.741	570.387
35.777	879.377	570.040
36.258	880.504	569.730
36.760	880.914	569.570
35.927	880.905	570.344
35.405	881.261	570.230
35.687	880.368	570.009
35.902	880.702	569.346
36.033	880.962	569.666
35.564	880.537	570.576
36.158	880.312	570.325
36.007	880.237	570.713
36.339	880.061	569.177
36.284	880.259	568.824
35.955	880.652	568.702
36.289	880.690	569.631
35.976	880.254	570.373
36.370	881.484	568.442
36.611	882.346	567.676
36.728	882.226	567.371
36.730	882.898	566.105
35.945	883.130	566.917
36.044	882.225	567.610
36.198	881.542	568.420
36.343	880.999	568.931
36.017	880.249	569.189
36.246	880.090	569.283
35.952	879.704	569.756
36.078	879.967	569.532
36.178	879.904	570.052
35.752	879.454	570.338
35.781	878.243	571.106
36.138	878.207	571.473
36.358	878.151	570.810
36.114	878.432	570.650
36.344	878.727	570.056
36.014	879.068	569.438
35.743	879.522	570.283
36.280	880.880	569.464
35.873	881.450	569.196
35.918	881.422	568.982
36.085	880.366	569.666
36.449	880.721	569.086
36.397	882.539	568.477
36.428	881.910	568.298
36.252	882.181	568.958
36.518	881.983	568.900
35.962	881.926	568.772
36.131	881.249	569.055
35.456	881.609	569.100
35.991	881.315	569.320
36.323	881.329	569.002
36.049	881.396	568.560
35.710	880.863	570.285
35.819	880.989	570.082
35.911	880.179	570.569
35.694	880.240	571.241
35.973	880.370	570.736
35.970	880.788	569.807
35.283	881.627	569.905
36.153	881.889	569.699
35.783	881.072	570.073
35.956	879.770	570.608
36.045	880.637	570.090
36.443	880.613	569.766
35.122	880.662	571.097
35.552	880.744	570.806
35.918	880.131	570.735
35.820	879.465	570.815
36.017	878.388	571.585
36.558	879.225	570.633
35.703	878.933	570.947
35.913	879.226	570.730
36.095	878.940	570.823
36.250	879.239	569.991
36.336	879.366	569.811
36.442	880.000	568.940
36.147	880.608	568.975
36.348	880.506	569.065
36.402	880.823	569.196
36.789	881.032	568.094
35.856	881.355	569.328
35.888	881.886	568.508
36.406	881.838	569.278
35.999	881.359	569.932
36.261	880.905	569.793
35.533	881.284	569.629
35.884	880.588	570.360
36.172	881.129	569.094
35.579	880.625	569.768
35.386	880.677	569.989
35.844	880.413	570.125
35.273	879.846	570.437
36.036	880.546	569.468
35.757	880.875	569.802
35.715	880.792	569.659
36.086	880.099	569.996
36.101	879.646	570.400
35.893	879.579	570.410
36.506	879.852	569.427
35.934	879.822	570.136
35.628	880.560	569.955
36.429	881.069	569.293
35.906	880.423	569.653
36.399	880.900	569.821
36.266	880.684	569.822
35.916	881.400	569.770
36.130	880.849	569.986
35.362	881.010	570.539
36.087	881.066	569.951
36.136	881.219	569.415
35.348	881.302	569.867
35.611	880.457	570.070
36.052	880.873	570.370
36.133	881.138	569.952
35.205	880.459	570.876
35.324	879.494	571.782
35.583	879.070	571.289
36.523	879.588	569.673
36.250	879.557	570.408
35.367	879.424	571.075
35.613	879.773	570.941
35.904	880.978	570.316
36.358	880.984	569.977
35.998	881.064	569.762
35.932	880.854	569.862
36.197	881.584	569.593
36.177	881.757	569.866
35.358	880.786	570.326
35.820	880.851	569.856
35.695	880.719	570.732
36.038	880.719	570.098
36.378	881.408	569.942
36.304	881.097	569.905
36.262	880.978	568.890
35.915	880.745	569.671
35.932	881.100	569.952
35.961	881.829	569.752
35.897	881.580	569.354
35.914	882.041	569.168
36.360	881.346	569.173
36.082	880.885	569.614
35.831	879.736	570.261
36.268	879.520	570.055
35.827	879.504	570.357
36.157	880.033	569.882
35.900	880.543	569.736
35.960	880.475	570.917
36.321	880.055	570.315
36.387	879.672	569.731
36.378	880.197	569.842
35.835	880.357	569.341
36.308	880.210	569.482
36.380	880.224	568.970
36.096	880.234	569.273
36.012	880.555	569.896
36.037	881.657	569.107
35.698	882.042	569.612
35.079	881.200	571.521
35.876	880.772	571.158
36.200	881.259	570.009
35.997	881.362	569.219
36.086	880.192	569.408
36.147	879.590	570.088
36.371	878.670	570.947
36.417	879.366	569.540
36.805	880.000	568.327
36.983	879.781	568.360
36.494	880.461	568.481
35.995	880.090	568.741
35.541	879.503	569.635
35.509	880.078	570.701
35.731	881.268	570.033
36.308	882.124	568.822
35.777	881.970	568.600
36.526	882.015	567.392
36.136	880.162	568.571
36.598	880.238	568.842
36.566	881.072	568.459
35.952	880.956	568.848
35.621	881.158	569.543
36.287	881.395	569.213
35.664	881.081	569.844
35.192	881.277	570.105
35.746	881.121	569.443
36.266	881.666	569.098
35.755	883.207	569.590
35.724	882.007	570.750
35.952	881.292	570.588
36.364	880.971	569.975
36.504	880.826	569.480
36.321	881.239	568.543
36.156	881.041	569.002
36.298	881.025	568.951
36.421	880.992	569.053
36.222	880.725	568.987
35.718	881.651	569.234
35.914	882.071	569.716
36.202	881.541	569.904
35.635	881.692	569.822
36.083	881.814	569.738
36.101	881.902	569.222
35.432	881.941	570.189
36.382	881.422	569.222
36.146	880.019	569.764
36.190	880.084	569.566
36.000	880.836	569.466
36.256	881.390	568.651
36.303	880.695	568.875
36.564	880.885	568.432
36.409	880.740	568.235
36.385	880.635	568.033
36.236	881.124	568.154
35.565	879.823	569.718
35.672	879.790	570.196
35.636	879.126	570.281
36.001	877.943	571.132
35.692	877.726	571.054
36.583	877.800	571.024
36.780	878.925	569.941
36.352	879.420	569.655
36.593	878.923	569.781
36.122	877.611	570.375
36.653	877.909	569.508
36.787	878.805	569.155
36.168	879.323	569.852
36.225	879.162	570.060
35.591	879.480	570.353
35.411	878.850	570.877
35.597	879.602	571.223
36.241	880.476	569.872
36.956	880.880	569.240
36.408	880.432	569.243
36.152	880.290	569.170
36.259	879.212	569.451
35.937	879.023	569.678
35.690	878.346	571.070
35.884	877.802	571.390
36.872	878.779	570.914
36.569	879.553	569.720
36.252	880.587	569.721
35.906	881.275	569.866
