34.190	731.097	559.793
34.803	731.114	561.117
34.946	731.212	563.035
34.867	730.527	564.891
35.087	729.219	566.674
34.330	726.530	569.176
34.981	724.547	571.114
33.791	722.141	571.656
34.587	721.788	571.979
34.702	721.084	572.109
34.641	721.616	570.919
34.748	721.667	571.860
33.967	720.638	570.607
34.434	722.283	569.470
34.646	722.551	570.128
34.533	722.339	571.889
34.886	722.334	573.433
34.901	722.310	573.274
34.907	721.899	572.692
34.379	721.949	571.794
35.062	722.228	571.125
34.671	722.149	570.299
34.166	721.759	569.447
34.877	721.733	570.172
34.992	721.615	571.988
34.574	722.228	573.026
34.624	722.450	574.683
34.546	721.919	575.687
35.021	721.862	575.815
34.768	722.574	576.342
34.315	723.996	574.430
35.025	723.617	573.600
34.463	722.654	575.032
34.686	722.899	576.377
34.105	722.461	575.205
34.836	721.967	575.046
34.781	722.570	573.834
34.543	723.520	573.093
34.855	723.344	572.871
34.542	722.338	572.562
34.625	722.233	572.013
34.612	723.768	570.773
34.594	725.346	570.349
34.706	726.029	568.074
34.436	726.140	569.239
34.216	724.778	567.943
34.157	723.936	567.763
34.899	724.480	567.404
34.771	724.132	567.269
34.630	725.779	564.820
33.914	725.848	562.863
34.460	726.331	562.416
34.495	724.645	562.132
34.722	723.205	562.359
34.722	722.818	562.436
35.308	722.704	562.710
34.765	723.592	563.933
34.514	724.146	565.331
34.293	725.486	565.207
34.690	725.874	565.013
34.694	725.555	565.520
34.190	725.620	566.395
34.474	726.215	564.337
34.742	726.216	560.986
34.832	727.792	559.260
34.672	729.460	558.375
34.340	730.325	557.380
34.755	731.107	557.374
34.821	731.879	556.946
34.858	734.428	554.701
34.442	734.074	554.376
33.951	732.875	553.285
34.560	732.135	553.048
34.360	731.524	553.054
34.765	731.888	552.296
34.514	733.328	550.930
34.213	734.255	548.951
33.933	732.763	548.750
34.180	733.790	547.743
34.027	733.226	546.895
33.931	731.089	545.356
34.410	730.969	543.760
34.267	731.549	543.242
34.428	731.053	543.744
34.520	732.001	542.423
33.790	731.155	543.614
33.807	731.328	544.733
33.910	731.945	545.313
34.007	731.806	546.483
34.265	731.201	548.717
34.350	731.846	547.815
34.168	731.873	548.138
34.024	731.550	547.772
34.208	730.851	550.178
34.303	729.711	550.248
34.149	730.226	548.346
34.375	729.173	549.020
34.367	729.373	549.521
34.332	728.954	551.636
33.799	730.959	553.917
34.975	731.672	555.934
34.858	732.355	556.728
34.408	733.777	555.316
35.390	734.302	554.758
35.005	735.067	553.487
34.525	733.428	554.286
34.212	731.880	553.918
34.311	731.861	552.656
34.088	732.435	551.148
34.153	731.552	550.061
35.095	732.346	550.359
34.414	733.776	549.807
34.187	735.528	550.449
34.310	736.506	549.294
34.640	736.919	548.442
34.720	736.929	548.248
34.939	738.023	547.877
34.559	739.044	548.705
34.327	739.766	549.155
34.333	740.131	550.374
33.938	740.078	550.572
34.286	738.832	551.595
34.332	738.128	552.543
34.600	736.282	554.568
34.547	735.727	555.055
34.997	735.323	555.843
34.977	734.022	557.694
35.215	734.333	559.773
34.826	734.022	561.405
34.218	733.072	560.665
34.685	732.370	561.699
35.102	731.983	562.545
34.916	731.970	561.770
34.385	731.705	560.851
34.849	731.787	561.226
34.276	731.844	560.211
34.368	731.713	559.469
34.476	732.055	558.606
34.808	731.255	559.266
35.203	731.932	559.452
34.909	733.138	558.721
34.439	733.610	557.920
34.372	733.633	557.242
34.270	733.086	555.862
34.643	732.822	553.411
34.654	733.160	552.474
34.376	733.212	550.958
34.773	733.360	551.364
34.681	732.967	551.861
34.837	733.594	551.445
34.649	734.269	552.051
34.757	735.246	552.372
34.732	734.381	552.597
34.675	733.680	553.965
34.586	733.717	554.476
34.894	732.581	556.012
34.417	731.508	554.656
34.220	731.661	553.668
33.727	730.584	553.138
34.064	729.389	552.125
34.102	728.995	550.414
34.571	728.567	549.147
34.593	727.994	549.116
34.661	727.331	548.803
34.599	726.852	548.610
34.498	728.637	548.745
34.780	730.216	548.095
34.249	731.276	546.443
34.200	731.420	545.619
34.357	730.967	546.958
34.017	730.749	548.413
34.289	731.531	549.370
33.537	732.214	549.258
33.983	732.238	550.610
34.100	732.925	550.758
34.206	733.262	551.979
34.663	733.177	552.409
34.300	733.616	552.432
34.025	734.296	552.638
34.766	733.739	554.393
34.636	733.346	554.963
34.396	732.079	556.623
34.855	732.162	557.662
34.084	730.786	557.017
34.448	730.574	557.551
34.367	730.095	560.028
34.671	729.522	559.808
34.196	729.363	559.215
34.288	729.321	557.670
34.933	728.472	558.281
33.385	727.429	555.620
33.286	726.010	553.385
34.213	724.182	550.854
34.656	723.142	550.901
34.554	722.423	551.093
34.593	722.155	550.114
34.546	722.223	550.109
34.870	723.472	548.421
34.528	723.537	546.666
33.803	724.032	543.631
33.804	725.197	541.926
33.908	723.816	541.795
33.784	721.603	544.760
34.265	721.293	544.943
34.059	720.147	545.944
34.238	719.943	545.969
33.873	721.073	545.156
34.444	721.630	544.338
34.257	722.007	544.579
34.305	723.256	542.759
34.142	724.356	540.615
33.273	726.884	540.833
32.759	726.781	543.618
33.568	727.595	545.446
33.762	728.390	545.693
34.176	727.922	547.809
33.385	730.331	549.045
33.620	731.229	549.712
33.944	732.885	549.660
34.042	737.019	547.516
33.933	737.832	547.669
33.698	736.677	548.046
33.523	735.872	545.411
33.691	735.474	544.851
33.802	734.771	544.937
34.114	734.184	546.155
33.704	734.446	546.764
33.980	735.286	546.631
33.975	734.574	547.449
33.906	733.646	549.437
34.155	734.219	549.591
33.727	734.617	550.727
34.007	734.999	552.323
34.314	734.300	554.187
34.290	734.126	556.359
34.637	734.513	557.316
34.812	734.967	557.879
34.471	735.918	558.662
34.021	735.027	558.546
33.788	733.015	558.282
33.757	731.927	556.649
34.016	730.897	557.718
33.931	730.842	556.356
33.748	729.249	554.926
34.208	728.322	554.134
34.088	726.851	553.599
34.621	725.416	553.453
34.391	723.880	552.090
34.582	722.744	551.412
34.496	721.027	552.421
34.435	718.925	554.135
34.945	719.016	554.904
34.843	718.140	554.521
34.862	718.990	552.576
34.162	719.161	552.299
34.259	719.582	552.635
34.553	720.329	551.987
34.566	721.048	550.298
34.114	722.692	548.290
34.084	721.696	550.318
34.680	722.358	549.343
34.566	721.990	549.285
34.075	721.304	547.502
34.335	720.982	546.760
34.486	720.741	545.200
34.289	721.135	544.940
33.916	721.846	543.777
33.601	721.456	546.352
34.032	721.771	546.222
34.202	721.174	547.499
34.110	721.171	547.232
33.796	720.734	548.647
34.213	722.904	547.706
34.322	723.718	547.562
34.215	724.534	547.251
34.365	725.723	547.184
34.518	725.981	547.330
34.564	723.857	549.912
34.948	722.929	551.600
34.795	723.476	551.626
34.308	724.246	550.773
34.540	724.679	551.245
34.850	725.517	550.994
34.264	726.689	551.177
34.588	727.828	551.157
34.368	729.250	550.561
33.955	731.644	549.652
34.392	732.381	550.579
34.605	733.619	551.340
34.391	735.166	550.034
34.111	734.064	551.266
34.132	734.046	552.414
34.254	734.274	552.588
34.227	734.333	552.382
33.963	734.252	552.160
34.435	733.190	553.366
34.228	734.407	552.199
34.600	733.733	552.794
34.512	734.849	552.956
34.045	738.563	551.203
33.542	739.289	552.132
34.401	739.051	552.282
34.329	739.629	551.000
33.502	738.503	549.453
34.333	737.484	548.391
34.022	735.820	549.358
34.176	735.417	548.749
34.537	735.586	548.391
34.143	735.573	549.372
34.416	738.325	546.901
34.533	739.440	546.882
34.627	740.610	546.687
34.203	741.350	548.011
33.624	739.655	549.588
34.315	740.286	549.368
33.868	739.363	550.997
33.121	738.998	553.365
33.650	739.680	554.875
34.164	740.043	555.458
34.181	740.791	551.748
34.428	741.694	550.714
33.827	741.175	550.738
33.662	739.295	550.468
33.942	737.451	551.171
34.074	736.701	552.777
33.933	737.724	555.138
33.503	738.733	557.016
34.031	739.486	557.805
34.727	738.528	559.640
33.750	739.966	561.439
34.115	739.625	562.043
33.812	740.266	562.840
34.662	740.040	563.702
34.318	739.178	564.102
33.840	737.837	562.182
33.854	737.251	560.007
33.548	738.029	558.506
33.604	737.524	556.330
33.698	737.948	553.582
33.894	738.187	553.012
33.885	737.489	551.362
33.687	735.807	550.135
33.682	734.844	548.591
33.781	734.521	548.783
33.430	732.498	549.439
33.903	732.089	549.036
33.899	731.235	550.347
34.106	730.914	550.976
33.915	730.761	550.660
34.043	730.549	551.826
34.145	731.529	550.747
33.072	730.983	549.245
33.892	730.221	549.211
34.458	729.154	550.001
34.320	729.591	549.837
34.332	729.733	549.924
33.794	730.153	547.371
34.037	728.768	547.263
34.027	727.365	548.144
34.191	727.750	547.997
34.122	726.612	549.296
34.294	725.167	548.673
34.132	723.687	549.662
34.889	724.905	549.687
35.062	724.971	549.364
34.324	724.577	547.773
33.993	725.403	548.639
34.276	725.694	549.399
34.640	726.918	549.090
34.447	726.237	548.985
34.284	725.062	549.488
34.310	723.429	550.120
34.762	722.170	550.814
33.988	721.026	552.725
34.214	719.855	553.878
34.570	719.426	553.871
34.370	718.985	553.806
34.906	717.567	554.648
34.686	716.964	556.269
34.803	715.531	558.346
35.189	715.937	558.981
35.166	716.581	558.579
35.334	717.063	558.998
34.829	716.404	559.530
34.916	716.656	559.319
34.913	717.409	557.447
34.725	717.784	556.239
34.890	717.216	556.141
34.517	717.633	555.048
34.744	717.758	555.104
34.759	719.274	553.762
34.428	718.847	554.191
34.350	719.677	553.890
34.340	720.286	553.984
34.502	720.037	553.425
34.294	720.331	552.505
34.282	719.515	553.422
34.320	720.257	553.064
34.457	719.286	553.641
34.122	718.298	554.320
34.727	717.125	555.158
34.865	716.133	555.935
35.387	715.119	557.196
34.559	714.588	556.597
34.623	715.789	555.787
34.705	717.556	553.205
34.104	717.849	552.626
34.318	718.580	552.921
34.173	719.495	551.129
33.916	718.860	550.671
34.500	720.287	549.772
33.819	719.611	549.936
33.878	720.028	550.244
33.506	720.666	550.198
34.069	720.511	549.933
34.246	721.818	549.962
34.528	722.630	548.283
34.491	722.764	547.129
33.133	720.754	544.723
33.530	719.398	543.980
34.014	719.184	543.236
34.101	719.976	543.219
33.495	720.187	544.082
33.924	719.206	545.575
33.665	718.188	547.083
33.771	717.413	548.638
34.613	718.572	547.901
34.131	719.702	547.603
33.893	720.107	548.783
34.110	721.121	549.249
33.445	719.717	551.334
33.831	721.032	551.355
34.429	722.333	548.441
34.525	722.296	547.537
34.157	722.515	548.467
33.965	723.426	547.002
34.106	721.456	547.550
34.354	721.288	544.629
34.420	722.821	542.648
33.729	725.351	541.582
33.965	726.136	542.410
33.980	728.019	540.687
33.188	728.320	540.097
33.686	729.116	538.790
33.534	729.441	539.497
33.678	728.474	540.783
33.945	728.982	540.899
33.932	729.799	541.546
33.306	731.358	542.404
33.895	731.081	543.493
33.320	730.402	545.923
33.671	730.636	547.778
34.423	732.951	547.733
34.004	733.618	546.191
34.014	733.774	546.495
34.128	734.145	547.054
34.134	733.489	548.445
34.215	733.614	547.625
33.867	733.990	546.733
34.207	735.440	544.712
34.404	735.671	543.468
34.034	735.091	542.451
34.082	734.575	541.118
34.156	734.663	539.420
33.930	734.698	537.119
34.276	734.165	536.919
34.062	734.138	537.697
34.262	735.001	537.533
34.470	737.783	535.272
34.308	739.236	533.762
34.653	739.810	533.211
34.769	740.140	532.635
34.576	739.850	531.655
34.654	740.936	530.712
34.527	741.117	529.013
34.460	740.096	528.160
34.442	738.991	527.213
34.009	736.940	529.605
33.802	736.726	531.094
33.653	735.803	532.941
34.119	736.770	532.682
34.013	736.934	532.426
33.829	736.703	531.354
33.946	735.623	532.626
33.869	734.181	533.912
34.226	734.718	533.839
33.725	735.014	535.579
33.423	735.069	537.994
33.141	736.201	539.396
32.668	738.381	539.845
33.867	739.648	540.365
33.789	740.553	541.077
33.451	740.904	541.757
34.038	740.659	543.736
34.194	740.208	545.145
34.502	740.096	545.293
34.681	740.322	544.957
34.308	741.627	544.543
34.761	742.417	545.308
34.602	742.497	545.098
34.442	742.442	545.397
34.290	742.067	546.803
34.218	741.921	547.372
34.527	743.091	546.483
33.852	743.116	543.052
33.608	741.752	541.412
33.984	741.059	542.932
34.295	739.821	544.910
33.978	738.119	546.506
33.964	735.840	549.149
33.780	735.257	549.018
33.188	732.724	549.475
33.273	730.988	548.747
33.345	728.581	548.940
34.010	727.294	548.224
34.764	726.261	548.585
34.750	725.696	548.578
34.830	726.997	547.792
34.584	727.335	548.885
34.710	727.079	549.369
35.056	726.509	549.793
34.945	724.922	550.949
34.948	723.340	552.519
34.836	722.238	552.843
34.663	721.930	553.148
34.683	721.671	552.599
34.496	720.572	552.698
34.606	720.545	552.101
34.380	719.377	552.182
34.380	719.195	551.158
34.198	718.774	551.510
34.193	719.638	552.723
34.231	719.370	553.639
34.784	718.426	555.168
34.407	717.864	555.350
34.538	717.732	555.591
34.417	718.484	556.841
34.816	718.262	557.362
34.593	718.754	556.845
34.784	719.742	556.606
34.511	720.634	556.597
34.135	721.912	556.752
33.506	722.957	557.847
32.709	722.792	558.769
33.353	724.732	559.962
34.635	726.806	560.201
34.760	727.924	560.673
34.270	727.414	562.974
34.537	726.755	564.027
34.584	728.211	561.065
34.642	728.612	559.257
34.644	729.731	557.484
33.937	730.508	554.952
34.787	730.852	554.766
34.599	731.294	554.601
34.298	731.290	553.482
34.267	731.173	551.390
34.680	731.621	551.084
34.404	733.009	551.881
34.299	733.823	551.841
34.077	734.141	551.835
33.771	732.683	551.425
34.355	731.664	552.246
34.204	732.439	550.703
34.434	732.489	550.212
34.124	732.569	549.515
34.219	732.120	550.349
34.176	732.223	548.709
34.190	731.867	549.139
34.536	732.272	548.993
34.299	731.363	549.785
34.117	730.145	548.221
33.886	728.560	547.447
34.585	727.676	547.674
34.470	726.437	548.687
34.982	725.690	548.381
34.731	725.427	549.078
34.456	724.944	549.201
34.924	725.931	548.621
34.275	727.679	548.440
34.531	729.575	547.779
34.536	731.880	547.632
34.314	734.219	547.190
33.950	735.267	548.189
33.257	736.887	549.703
33.697	738.280	551.715
32.963	740.894	553.051
34.024	741.752	553.808
34.573	743.129	554.668
34.796	743.676	554.962
34.931	744.169	555.137
34.020	743.378	556.597
34.077	742.792	558.041
34.282	742.514	558.708
34.407	741.825	559.197
34.445	742.458	556.895
34.329	741.359	554.724
34.621	740.000	554.334
34.350	739.701	554.465
34.614	739.972	553.899
34.189	739.195	555.480
34.477	739.665	554.307
35.020	741.780	552.451
34.284	741.890	550.767
33.902	740.197	550.891
33.653	738.569	551.079
33.997	737.186	550.656
34.443	736.303	550.320
34.450	736.079	548.456
33.910	734.211	546.605
33.701	733.404	545.613
34.473	733.396	546.051
34.720	733.627	545.068
34.049	733.995	545.489
34.802	734.162	544.896
34.442	734.708	544.958
34.092	737.120	544.683
34.226	738.343	545.572
34.062	738.473	545.825
34.612	739.524	545.651
33.993	739.206	546.157
34.258	738.475	544.575
34.830	739.878	544.314
33.780	741.878	544.572
34.045	741.727	545.480
34.364	740.775	546.126
34.305	741.832	546.094
34.465	742.336	547.295
34.108	743.410	547.432
34.275	743.705	547.771
34.280	743.480	547.480
34.292	742.863	548.603
34.347	742.207	549.006
34.175	740.814	548.373
34.633	740.318	547.106
34.506	739.853	547.664
34.742	739.083	547.465
34.241	738.150	545.982
33.958	737.505	545.293
34.153	737.106	544.348
34.258	737.523	542.907
34.251	736.964	543.042
34.695	736.615	543.425
34.252	736.828	543.890
34.208	737.941	544.861
34.780	738.728	545.177
34.244	740.738	543.366
34.197	742.397	542.451
33.751	742.549	543.104
33.896	742.296	545.310
34.535	742.150	546.700
34.487	742.323	547.764
34.692	741.993	547.689
34.786	742.095	548.016
34.098	742.457	548.552
34.343	740.881	549.845
34.032	739.134	551.575
34.524	738.728	552.520
34.201	738.518	552.703
34.366	738.951	552.496
34.582	739.221	551.664
34.786	739.636	551.118
34.265	739.656	549.185
34.479	739.068	550.400
34.340	741.353	550.288
34.408	740.364	551.499
34.018	739.652	551.571
34.188	739.871	551.657
34.358	739.492	551.411
34.191	738.192	550.837
34.686	738.366	551.249
34.550	739.922	550.039
33.957	740.016	550.901
34.677	740.154	550.830
34.739	741.703	549.638
34.391	741.238	550.479
34.168	739.799	550.618
34.343	739.106	551.196
34.071	737.745	552.541
34.582	738.387	552.672
34.380	738.061	553.129
34.773	736.773	554.009
34.892	736.034	554.133
34.079	735.167	553.366
34.617	734.772	553.053
34.945	734.851	553.593
34.502	734.890	553.386
34.512	734.465	553.369
34.704	735.239	552.162
34.733	735.678	551.676
34.363	737.337	551.539
34.262	738.491	551.903
34.220	737.625	553.536
34.361	737.474	555.571
34.765	737.449	557.361
34.480	737.628	557.275
34.790	737.345	558.397
34.509	737.593	560.024
34.533	737.964	561.952
34.147	738.987	563.368
34.309	737.925	563.829
34.084	739.016	564.495
34.020	739.808	562.182
34.219	739.483	561.594
34.456	738.746	562.339
34.341	740.322	561.712
34.301	740.627	560.210
34.079	740.890	559.169
34.065	738.601	560.403
34.494	738.464	560.070
34.193	737.648	559.091
33.585	737.538	558.177
33.972	737.097	556.456
34.139	734.720	555.167
34.186	734.269	553.418
34.347	734.956	553.026
34.446	734.250	552.263
34.186	734.338	550.280
34.226	734.219	550.146
34.524	734.772	550.619
34.211	735.265	551.897
34.382	735.137	553.094
34.212	735.125	554.160
34.573	736.048	554.767
34.561	736.954	555.059
34.461	737.099	554.284
34.665	736.764	555.542
34.108	737.727	556.996
34.312	739.159	558.044
34.278	739.184	559.350
34.676	738.388	560.558
34.240	735.960	561.271
34.535	735.393	560.957
34.710	735.016	561.083
34.091	733.633	561.613
34.623	732.784	561.274
34.350	732.116	561.868
34.312	731.412	561.031
34.033	729.343	560.870
34.668	729.123	561.360
34.677	729.011	561.098
34.566	729.047	561.409
34.629	727.909	562.633
34.349	727.739	562.356
34.306	727.342	561.941
34.446	728.092	561.224
34.713	729.304	561.289
35.169	728.865	561.577
34.500	729.189	564.983
34.977	729.446	565.677
34.486	730.021	566.858
34.931	731.890	566.860
34.618	734.526	567.548
34.740	736.033	568.774
34.464	736.257	570.586
34.801	736.740	571.474
34.429	737.580	570.119
34.455	738.308	568.665
34.553	738.989	569.142
34.503	740.042	568.670
34.320	740.744	569.338
34.465	740.778	568.331
34.411	742.255	567.604
34.392	743.419	567.256
34.127	744.632	566.568
34.148	745.143	567.823
33.335	746.617	568.465
33.773	748.380	569.013
33.698	749.370	571.121
34.013	748.260	573.432
34.664	748.024	574.124
34.225	748.753	573.379
34.056	747.813	573.253
34.265	748.197	574.461
34.190	747.903	574.930
33.547	747.780	571.754
34.342	747.073	570.602
34.769	748.445	567.902
34.267	748.094	564.338
33.724	746.501	562.681
34.038	744.263	564.904
33.893	741.279	565.106
34.411	740.637	564.482
34.392	739.805	563.760
34.266	739.349	564.288
34.068	738.944	562.772
34.168	739.142	562.998
34.071	739.527	563.799
34.137	739.640	563.787
34.138	739.052	563.267
34.128	736.879	563.203
34.640	735.992	563.793
34.403	737.394	564.614
34.092	736.606	564.969
34.708	736.556	565.228
34.592	737.151	565.435
34.966	737.746	565.152
34.629	737.610	566.536
34.223	736.629	566.182
34.692	736.348	565.539
34.481	734.407	566.922
34.567	734.663	566.777
34.514	735.124	565.777
33.845	733.956	565.895
34.451	730.794	567.146
34.343	728.488	567.415
34.147	727.293	567.684
34.457	725.447	568.754
34.894	725.652	569.117
34.496	725.575	568.876
34.584	725.492	570.125
34.566	723.986	571.731
34.797	722.718	572.235
34.859	722.123	571.864
34.489	722.378	572.057
34.546	723.032	572.748
34.799	723.522	573.486
34.486	724.845	573.560
35.511	725.911	572.050
35.040	725.618	571.586
34.895	727.369	570.313
34.456	726.376	568.785
34.750	726.360	567.576
35.233	727.318	567.583
34.484	727.455	567.206
34.742	727.553	567.790
34.528	727.182	568.576
33.783	725.859	567.509
33.790	724.424	567.564
34.020	722.682	567.127
34.202	721.179	565.953
34.496	719.624	565.749
34.841	720.054	566.182
35.126	721.005	565.186
35.022	721.074	564.354
35.324	720.833	563.871
35.088	720.872	563.814
35.467	721.749	563.872
35.195	724.463	562.825
34.853	726.203	562.092
35.037	726.422	561.231
34.722	726.869	560.187
35.122	728.098	558.729
34.597	728.810	558.148
34.745	730.226	558.864
34.727	731.644	559.082
34.897	733.096	557.677
34.499	733.701	556.233
35.102	734.187	556.696
34.671	734.517	557.180
34.796	735.704	556.922
34.449	733.837	556.368
33.738	732.245	554.681
34.877	732.998	554.394
34.780	732.981	554.868
35.039	733.008	556.050
34.728	732.640	556.595
34.811	732.790	556.620
34.476	733.022	555.474
34.674	732.977	555.584
34.595	733.218	557.146
35.169	733.738	558.061
34.320	734.565	559.288
34.688	735.685	559.055
34.261	736.323	559.058
34.136	738.186	559.455
34.806	739.217	558.894
34.640	740.008	557.674
34.002	739.074	556.066
34.286	739.530	555.608
34.383	739.669	555.414
34.359	740.549	555.449
34.568	740.246	556.476
34.584	738.723	558.065
34.378	738.647	559.910
34.461	739.802	560.735
34.411	738.021	562.522
34.131	737.711	562.997
34.431	738.238	563.043
34.406	737.788	563.135
34.210	737.954	562.746
33.781	738.097	561.578
34.543	737.576	563.073
34.309	737.021	564.608
33.923	737.915	567.136
33.690	739.605	568.836
34.042	741.452	569.893
34.541	739.819	571.228
34.895	739.802	571.430
34.720	739.481	572.245
34.643	738.323	571.191
34.291	737.687	572.513
34.463	738.935	572.793
34.692	740.947	571.347
34.424	740.693	569.880
34.380	740.831	569.480
34.404	741.026	568.638
34.304	741.770	568.606
34.218	743.117	570.059
34.120	744.645	570.078
34.336	745.349	569.513
34.569	745.520	568.694
34.770	745.453	568.298
34.338	744.435	566.560
34.182	742.831	565.717
34.014	741.948	566.150
33.971	741.654	564.394
34.196	739.898	563.931
34.805	738.713	565.662
34.595	738.683	566.766
34.517	739.230	568.278
34.313	740.533	568.115
34.398	741.359	568.062
34.734	741.141	568.942
34.544	741.376	569.328
34.417	741.331	569.216
34.571	739.984	569.333
34.647	738.018	568.617
35.108	737.212	569.713
34.967	738.514	568.201
34.633	738.936	566.516
34.651	739.960	566.315
34.234	738.945	566.658
34.481	739.817	567.595
34.620	740.695	568.208
34.477	742.084	567.125
34.459	743.534	565.778
34.150	743.910	565.298
33.908	742.363	564.692
34.238	741.601	565.745
34.701	740.831	565.970
34.768	739.285	566.935
34.720	737.731	567.941
34.581	736.459	568.990
34.811	735.698	570.120
35.108	735.655	570.545
35.215	735.527	571.142
34.882	734.292	570.452
34.519	732.183	569.432
34.899	731.603	569.510
35.410	731.699	569.691
35.134	732.938	570.042
35.111	733.088	570.276
34.870	733.641	570.266
35.003	733.828	570.450
34.932	733.513	569.486
34.459	732.755	568.218
34.686	732.889	567.628
34.913	732.776	567.537
34.513	731.976	567.666
35.244	732.017	566.887
34.398	731.870	567.430
34.672	731.289	566.933
34.448	729.703	565.996
34.280	729.551	563.692
33.698	728.451	563.916
35.185	727.016	564.787
34.453	725.261	566.713
34.194	724.147	566.987
34.496	723.799	567.415
34.537	723.245	567.274
34.685	722.322	567.958
34.450	721.637	568.478
34.367	721.298	567.562
35.256	721.133	567.329
34.526	721.331	567.007
35.012	720.405	566.243
35.273	720.702	565.456
35.367	721.690	563.805
34.752	722.488	564.538
34.645	721.550	565.666
34.948	721.359	566.408
34.999	720.189	565.311
35.140	718.021	566.802
35.325	717.941	566.858
34.532	717.852	566.333
34.963	717.318	564.684
35.173	717.790	563.921
35.640	718.176	563.524
35.198	716.053	564.841
35.300	715.894	565.206
35.447	716.381	565.321
34.993	714.957	565.849
35.124	714.146	567.196
34.811	713.955	565.257
35.334	714.332	564.563
35.221	713.467	565.789
35.689	713.457	564.589
35.569	715.025	563.145
35.165	715.992	560.772
35.478	715.472	559.628
35.235	715.023	558.168
35.887	714.657	558.024
35.316	715.205	557.459
35.370	715.782	557.587
35.532	716.157	557.566
35.147	715.522	559.164
35.517	715.094	559.295
35.449	714.955	560.275
35.251	714.055	561.353
35.381	714.641	561.781
35.205	715.807	560.874
35.085	716.150	560.502
34.984	716.180	561.297
35.344	715.721	561.887
35.085	715.663	563.719
35.178	715.140	566.221
34.846	715.571	566.344
35.485	716.350	566.740
34.981	716.639	567.843
35.110	717.275	568.827
34.702	716.819	568.570
35.075	716.940	568.395
34.918	716.730	568.571
35.013	717.639	569.453
34.425	719.512	570.001
34.246	721.509	571.194
35.089	722.323	571.670
34.734	722.009	572.807
34.833	722.607	573.279
35.039	722.768	573.480
34.781	722.623	574.290
34.332	722.368	573.292
34.513	722.918	572.057
34.540	722.510	570.968
34.473	721.829	569.792
34.206	721.449	567.992
34.612	721.458	567.982
34.820	721.090	568.396
34.832	722.148	567.383
34.784	720.485	567.121
35.061	719.444	566.682
35.051	718.347	567.079
34.740	718.041	567.672
35.036	718.655	568.241
35.319	719.768	567.700
35.045	720.512	566.539
34.916	721.568	566.366
34.215	722.848	567.450
34.746	722.269	568.178
34.921	722.041	569.285
35.033	720.529	571.327
34.508	719.415	571.756
34.852	717.851	573.064
34.442	717.507	571.963
34.680	718.082	571.414
34.515	719.668	570.663
34.797	719.313	571.595
34.693	718.650	572.248
34.950	717.818	573.495
35.242	717.068	574.710
34.282	716.234	576.145
34.678	715.977	575.803
34.735	717.107	576.135
34.674	718.142	575.212
34.864	717.089	576.262
34.877	717.727	575.855
34.816	719.479	574.003
34.389	719.829	572.202
34.683	719.227	572.097
34.153	719.180	570.448
34.464	719.539	567.851
35.267	719.359	567.454
35.572	719.183	566.738
34.991	719.084	567.339
35.316	719.199	567.032
34.909	720.358	566.831
35.006	720.582	567.694
34.986	722.295	568.266
34.918	724.010	567.812
34.658	725.387	567.859
35.132	726.360	568.657
35.163	727.524	569.296
35.543	728.821	569.271
35.236	730.600	568.227
35.239	732.614	567.676
35.414	734.810	566.532
34.294	737.763	566.338
34.731	739.738	565.677
34.433	739.818	565.242
34.316	739.818	564.247
34.192	740.756	562.815
34.520	741.687	562.397
34.280	742.648	563.060
34.346	742.398	563.649
34.210	741.946	564.140
34.737	743.425	563.534
34.405	744.269	563.359
34.573	743.697	563.843
34.377	744.452	563.813
34.301	744.308	565.266
34.160	744.329	566.293
34.181	743.713	567.632
34.113	744.963	568.766
34.464	745.092	568.943
34.711	745.704	568.164
34.719	746.514	567.472
33.963	747.285	567.619
34.652	747.479	567.162
34.444	747.535	566.686
34.507	748.265	565.524
34.732	749.272	564.988
34.927	748.621	565.218
35.096	748.961	563.780
34.678	748.983	563.526
34.618	749.797	562.930
35.005	750.206	562.921
35.001	750.678	562.385
34.591	750.722	562.226
34.862	749.755	563.444
34.671	748.064	564.382
34.742	748.578	564.211
34.565	748.834	563.334
34.822	748.714	562.616
34.766	749.097	562.112
34.833	749.216	561.535
34.719	749.777	560.765
34.674	749.740	560.953
35.223	749.954	560.753
34.703	750.882	559.690
34.592	752.184	557.692
34.703	751.174	558.174
34.887	750.705	558.665
34.662	750.756	559.909
34.233	750.105	560.567
34.448	748.318	561.298
34.470	747.794	562.169
34.736	747.891	562.738
34.699	749.158	562.161
34.788	748.780	562.376
35.064	750.462	561.190
34.664	750.944	561.244
34.629	751.023	561.566
34.703	751.422	562.383
34.547	751.099	562.677
34.844	750.399	561.889
34.606	749.480	562.450
34.448	748.889	562.885
34.521	748.242	563.702
34.429	746.606	564.168
34.378	745.886	563.943
34.198	745.836	563.188
34.653	746.626	563.422
34.631	746.341	563.610
34.449	746.735	563.224
33.305	746.007	560.214
34.260	745.737	558.453
34.840	744.983	556.676
34.411	743.553	557.817
34.763	743.244	558.912
34.640	742.188	560.192
34.669	741.970	559.790
35.001	740.764	561.329
34.419	740.375	563.276
34.607	739.910	564.220
34.995	740.545	565.406
34.122	741.201	565.547
34.458	741.831	565.033
34.359	741.648	564.640
34.532	741.889	564.537
34.993	740.729	565.575
34.553	740.479	566.596
34.169	738.064	566.691
34.537	736.794	565.234
34.759	737.086	563.991
34.202	738.153	564.164
34.362	738.411	564.592
34.628	737.813	565.417
34.479	737.448	566.366
34.702	736.587	566.942
34.788	736.921	568.054
34.584	737.455	570.079
35.403	737.236	571.163
35.170	737.240	572.657
34.960	737.561	574.220
35.376	738.175	575.871
35.024	737.490	577.963
34.694	738.463	578.654
35.466	740.367	578.437
35.205	740.868	577.580
35.320	742.029	575.760
34.471	742.822	573.796
34.934	743.284	571.823
34.555	743.004	571.932
34.882	743.117	570.212
34.467	741.615	569.295
34.686	740.237	568.940
35.019	740.036	568.768
34.636	739.579	568.736
35.084	740.335	568.462
34.792	739.567	569.535
35.026	739.642	571.579
34.932	739.743	572.490
34.716	739.850	573.579
35.156	739.282	575.875
34.684	739.101	576.256
34.906	739.577	574.869
34.716	739.108	574.675
34.650	738.346	572.016
34.773	737.412	570.764
34.512	735.188	569.594
35.016	735.701	568.374
34.594	736.415	567.429
34.793	736.961	566.727
34.797	738.002	565.547
34.695	736.991	564.109
34.466	737.817	563.761
34.875	737.709	563.100
34.297	736.382	564.732
34.374	737.134	566.310
34.750	737.799	566.319
35.074	737.451	568.262
35.216	736.472	569.725
35.649	735.479	571.205
35.421	734.304	572.318
34.950	733.039	572.982
35.374	732.453	573.449
35.392	732.125	572.974
35.736	732.522	572.485
35.448	734.042	571.440
34.834	734.601	571.797
35.457	734.886	572.301
34.897	735.699	573.022
35.295	736.000	572.579
35.081	736.428	572.584
35.124	736.374	572.551
34.966	736.836	572.719
34.867	736.358	571.814
34.785	735.356	570.081
35.053	734.657	570.520
35.383	734.960	570.693
35.242	735.100	571.723
35.122	735.197	570.832
35.204	735.192	570.601
34.933	736.835	570.380
35.502	737.152	571.295
35.740	736.943	572.643
35.521	736.813	573.997
35.405	736.451	574.862
35.213	735.770	575.807
34.758	735.329	574.535
35.673	734.623	574.109
34.434	733.590	572.732
35.057	733.181	571.222
35.120	733.344	570.008
35.276	734.868	569.714
35.220	735.237	569.424
35.549	735.653	568.526
34.977	736.210	568.650
34.995	736.934	568.465
34.785	738.320	568.239
34.915	738.374	568.938
34.713	738.503	568.597
35.458	738.675	568.805
35.172	738.115	568.290
34.904	736.530	567.415
35.093	735.540	566.922
34.780	735.229	566.479
35.164	735.358	566.852
35.040	736.085	567.016
35.121	735.918	566.101
34.847	736.976	564.930
35.003	736.723	565.343
34.792	735.685	565.704
34.587	735.005	564.583
34.439	733.162	564.201
34.736	733.465	562.905
34.855	732.901	562.235
34.531	732.669	561.457
34.924	732.650	561.522
34.654	733.646	561.092
34.502	733.663	560.744
33.806	732.358	561.088
35.112	731.517	560.744
34.779	732.921	559.940
34.530	733.107	559.879
34.905	733.214	559.462
34.883	732.094	561.234
35.080	731.537	562.212
35.145	732.118	563.983
34.982	733.363	563.553
35.172	734.302	563.457
34.712	735.236	563.058
35.299	735.142	562.611
34.553	733.665	562.471
34.661	734.164	561.070
34.208	732.761	560.602
33.913	731.736	559.890
34.643	730.603	560.414
34.679	730.338	561.279
34.875	729.829	560.337
34.477	730.125	558.942
34.736	730.056	558.895
34.640	730.843	557.974
35.527	731.118	558.675
35.253	731.041	559.773
34.891	731.885	560.239
35.069	731.793	560.573
34.459	732.946	559.598
34.495	732.149	559.417
34.925	732.773	558.404
34.749	733.793	557.591
34.738	734.933	556.297
35.138	734.666	556.256
35.132	733.352	557.208
34.977	731.987	558.127
35.335	732.254	559.077
35.516	731.461	561.056
35.183	731.142	561.641
35.019	729.675	563.031
34.632	730.305	562.198
35.301	729.943	561.880
34.951	729.396	561.494
35.012	728.943	560.754
35.383	729.720	560.967
35.074	729.652	561.460
34.791	729.891	560.960
34.679	729.258	560.569
35.063	728.272	562.216
34.990	727.107	564.316
34.859	726.642	565.639
34.801	727.020	565.544
34.352	727.411	563.912
34.349	726.205	562.668
34.718	725.964	562.758
34.554	724.696	564.156
34.686	722.987	565.083
34.910	722.780	564.268
35.174	723.332	562.517
34.575	723.926	563.538
34.879	725.246	563.759
34.858	725.994	563.162
34.825	726.282	563.602
34.957	726.654	565.133
34.690	727.884	566.100
35.212	729.454	567.244
35.388	730.399	566.369
35.451	732.569	564.786
34.941	735.051	563.555
34.529	735.878	563.154
34.614	735.739	564.117
34.433	736.682	565.442
34.827	736.540	566.142
34.589	737.803	567.097
34.091	738.865	564.831
34.430	739.176	563.017
33.971	739.140	562.424
33.702	738.968	561.827
34.598	738.792	562.270
34.460	739.280	563.030
34.152	739.068	563.917
33.876	739.419	563.834
34.115	739.724	564.301
34.537	739.365	566.122
34.535	739.824	566.773
34.143	739.654	565.135
33.875	739.623	564.023
34.355	737.278	564.403
34.025	735.695	561.784
33.827	734.893	559.859
34.125	733.987	559.515
34.422	734.059	559.589
34.603	734.459	559.756
33.912	732.387	558.893
34.383	732.590	557.325
34.387	733.127	556.871
34.464	733.355	556.861
34.413	732.598	556.460
34.508	732.333	555.522
34.845	732.495	555.792
34.275	731.407	555.698
34.204	731.708	555.263
34.675	731.385	556.276
34.365	730.344	556.327
33.996	729.363	556.464
34.579	728.674	555.994
34.556	729.796	555.961
34.325	730.719	553.647
34.968	732.963	552.426
34.590	733.429	551.747
34.422	732.140	553.773
34.170	731.798	554.642
34.372	733.395	554.286
34.504	734.265	553.991
34.527	734.482	554.942
34.720	734.293	554.522
34.598	735.197	553.786
33.802	735.047	552.290
34.144	735.138	551.189
33.935	735.885	550.572
33.973	737.243	550.185
33.952	736.846	550.818
33.382	738.006	553.153
33.805	737.549	555.163
34.669	735.608	557.559
34.389	734.124	559.360
35.045	734.695	559.625
33.426	732.665	558.780
33.441	731.430	556.182
33.667	729.404	555.175
33.972	728.234	554.269
35.219	726.985	555.552
35.166	726.393	558.314
34.811	725.986	559.406
34.143	727.528	559.683
34.351	729.988	560.216
34.356	731.711	561.311
34.773	732.657	561.903
34.857	733.327	563.012
34.740	734.983	561.105
34.402	734.623	561.616
33.450	732.807	560.915
34.453	731.674	560.632
34.473	731.339	562.789
35.059	730.985	564.046
34.665	731.243	564.198
34.469	730.963	561.581
35.109	731.280	561.810
34.562	732.268	563.304
34.709	733.292	564.613
34.438	734.106	565.693
34.796	734.155	566.840
35.164	735.374	567.199
34.394	736.296	567.055
34.707	736.198	566.931
34.809	735.650	568.617
35.149	734.932	570.271
34.432	734.639	569.508
34.223	735.107	569.328
34.304	732.971	568.289
35.071	731.958	570.380
34.680	730.714	571.786
34.861	730.566	572.304
34.599	730.947	570.987
34.451	731.077	570.240
34.431	730.693	569.106
34.894	730.811	568.531
35.041	732.342	567.136
35.108	732.995	564.785
34.223	732.980	562.991
34.059	733.135	559.926
34.734	733.640	559.582
34.377	734.128	560.367
34.466	732.958	560.945
33.811	731.987	559.888
34.197	732.190	558.944
33.981	730.559	559.258
34.080	730.638	558.535
34.011	729.935	558.770
34.497	731.224	558.915
34.706	731.741	559.076
34.118	733.056	557.298
34.357	733.629	556.608
33.830	733.798	554.783
34.271	733.303	553.975
33.826	732.356	553.331
34.466	733.051	553.643
34.830	734.258	553.928
34.681	734.127	554.983
34.938	733.955	556.194
33.959	733.660	556.349
34.001	733.801	555.324
34.257	734.245	554.168
34.156	735.005	553.347
33.934	736.798	551.797
34.381	738.228	551.731
34.452	739.136	551.349
33.666	739.362	552.434
33.885	739.671	552.975
34.496	741.112	552.897
34.178	743.200	553.008
34.832	742.416	554.163
34.728	742.531	553.876
33.862	741.577	553.139
34.064	741.680	552.698
34.128	742.133	553.200
34.374	741.413	552.053
34.663	740.072	551.657
34.826	740.729	550.500
34.365	741.447	547.860
34.274	742.240	547.576
34.204	740.870	548.760
34.132	739.193	549.860
34.051	737.909	551.076
34.668	735.694	551.914
34.322	734.928	552.665
33.771	733.802	552.415
34.119	733.506	550.773
33.656	733.657	549.231
34.043	732.654	549.645
34.394	733.689	548.810
34.221	734.281	547.501
33.348	734.349	544.289
34.109	733.883	543.483
34.313	733.992	542.813
33.889	734.187	543.670
33.842	732.101	545.980
34.466	732.182	544.590
34.339	731.773	544.494
34.404	732.320	544.198
34.357	732.664	543.997
33.909	732.165	545.859
33.894	731.216	547.373
33.751	731.243	549.428
33.997	731.101	550.457
34.050	731.663	550.412
33.412	731.000	550.432
33.616	728.779	550.486
33.685	727.041	548.556
34.736	725.586	548.833
34.413	723.623	549.281
34.598	723.868	548.317
33.987	722.614	550.689
33.403	723.364	551.380
32.786	725.402	550.703
33.697	727.065	549.868
34.045	728.555	549.693
34.238	730.451	550.232
34.432	729.276	551.916
34.754	728.463	552.592
34.464	726.775	554.223
34.757	724.716	554.524
33.896	722.856	554.224
34.186	720.850	554.322
34.002	720.284	553.244
34.517	719.308	552.575
34.582	718.952	552.822
34.628	719.588	552.946
34.210	719.697	553.319
34.417	719.751	553.922
34.430	719.804	554.636
34.325	719.832	555.384
34.418	720.118	555.183
34.192	720.299	555.787
34.196	721.194	555.596
35.022	721.014	556.029
34.775	720.243	555.080
34.978	719.246	554.924
34.488	718.908	555.236
34.609	717.343	556.876
34.636	717.107	556.691
34.571	716.189	556.828
34.939	716.680	556.976
35.022	715.677	558.500
34.878	715.409	560.718
35.092	716.184	560.422
34.748	716.084	560.465
35.087	716.098	560.308
34.959	716.840	560.075
35.227	716.430	561.024
35.219	717.344	559.618
35.331	717.296	558.508
34.830	718.304	557.182
34.561	718.931	555.123
34.706	718.961	555.640
34.845	720.823	554.606
34.190	722.836	554.197
33.976	724.489	553.530
34.293	724.999	552.704
34.631	722.867	556.169
34.456	721.284	557.908
34.914	720.309	558.983
35.311	719.726	558.388
35.059	720.404	557.107
34.950	720.124	556.581
34.737	722.757	554.508
33.967	724.303	555.006
34.351	724.609	555.272
34.427	726.175	554.239
34.226	727.281	554.522
33.848	728.775	555.132
34.425	731.224	554.777
34.410	732.645	554.935
34.789	732.646	556.789
34.160	734.209	558.626
34.725	733.720	561.660
34.827	734.645	563.223
34.717	733.934	564.734
34.680	733.088	565.440
34.818	732.960	564.997
34.699	733.472	566.157
34.523	732.502	566.261
33.903	731.405	566.713
35.156	732.303	565.984
34.506	733.068	565.847
34.496	733.434	563.455
33.907	732.912	560.633
33.774	731.982	558.864
34.683	731.489	557.968
34.463	731.435	556.547
34.847	731.804	556.885
34.901	731.842	558.946
34.059	731.680	557.684
34.847	732.871	556.822
34.645	733.245	555.129
34.766	732.037	555.389
34.908	732.855	554.508
34.852	733.751	555.497
35.048	733.087	556.545
34.477	732.168	557.223
35.217	733.198	556.981
34.992	733.112	557.856
34.792	734.498	556.692
34.920	735.611	556.301
34.302	737.751	555.608
34.442	737.364	555.693
34.911	735.709	555.518
34.237	736.082	554.251
34.643	736.674	552.795
34.230	737.299	551.754
34.409	736.741	550.434
34.258	736.435	548.934
34.407	735.143	549.612
34.557	734.744	550.894
34.868	736.168	549.460
34.538	736.330	550.257
34.624	735.528	551.000
33.990	735.349	553.322
34.354	734.680	555.322
34.769	735.125	556.591
35.418	735.343	558.215
35.021	735.870	558.727
34.795	736.385	559.330
34.427	736.351	557.402
34.513	735.964	557.002
34.763	736.368	556.190
35.127	735.633	555.871
34.815	735.865	556.357
34.655	736.882	556.662
34.750	738.018	557.470
34.300	736.289	557.394
35.055	735.094	558.145
34.803	734.824	558.323
34.755	736.150	557.634
34.799	736.746	557.139
34.662	736.590	557.880
34.347	736.898	556.333
34.934	737.984	555.512
34.553	739.106	556.058
34.632	740.826	555.764
34.725	740.122	555.780
34.241	738.805	554.443
34.795	738.292	554.629
34.390	737.315	554.353
34.265	736.273	553.358
33.915	736.397	554.129
33.641	738.314	554.717
34.137	739.593	554.219
34.238	740.631	554.837
34.738	740.353	555.611
34.496	740.251	556.641
34.486	739.783	557.095
34.680	741.358	556.684
34.675	742.085	556.535
34.748	741.907	556.471
34.373	742.558	557.086
34.900	742.752	556.877
34.328	742.717	556.133
34.400	741.863	556.970
34.444	741.363	557.191
34.686	741.578	557.317
34.489	743.107	557.213
34.600	743.330	557.622
34.178	743.800	558.703
34.324	744.519	559.579
34.980	745.131	560.054
34.403	744.777	560.369
34.419	744.260	561.482
34.312	744.323	562.008
34.086	745.166	562.664
34.612	747.350	561.811
35.156	749.442	560.009
35.165	752.038	557.850
34.973	753.721	556.834
35.113	753.783	557.695
35.236	754.573	556.690
35.094	754.437	556.177
35.412	754.465	555.401
34.806	753.611	555.185
34.845	754.316	554.096
34.807	754.294	553.940
34.968	754.934	552.631
35.154	755.902	551.932
35.078	756.679	551.328
34.382	757.619	550.735
34.795	758.015	550.522
34.925	759.020	549.827
34.888	759.403	549.210
34.993	759.522	548.990
35.118	759.732	548.819
34.299	759.539	550.638
34.300	759.589	550.843
34.581	758.718	552.126
34.588	758.435	552.927
34.658	756.093	554.123
34.716	753.375	555.712
34.227	750.292	556.076
34.793	747.513	559.030
33.919	744.245	560.332
34.796	742.417	559.637
33.889	741.486	557.163
34.498	740.700	556.179
34.832	740.701	554.209
34.764	741.718	553.238
34.671	741.327	550.859
35.579	741.821	549.421
34.847	741.945	549.081
35.036	742.239	548.887
34.759	741.270	550.209
34.908	740.825	550.125
34.807	740.484	550.656
34.696	740.137	549.969
34.761	739.066	550.941
34.563	737.702	551.735
34.998	738.157	551.595
34.945	736.414	553.114
34.854	735.176	552.946
34.852	734.254	552.913
35.293	733.424	553.229
35.409	733.139	554.587
35.301	733.242	555.027
35.172	733.136	556.094
35.520	733.270	556.250
35.051	734.399	555.051
35.296	734.246	555.026
35.329	733.853	555.666
35.422	733.918	556.642
35.436	733.320	557.569
35.046	733.770	557.895
35.608	734.941	556.548
35.155	736.542	555.789
35.276	736.071	556.771
35.574	735.940	558.200
35.425	735.103	559.919
35.805	734.229	560.962
35.494	734.641	562.102
35.434	733.909	563.595
35.326	733.470	565.578
35.465	733.132	565.252
35.390	734.575	563.851
34.882	733.436	563.352
35.384	733.819	563.206
35.780	734.469	562.734
35.493	734.310	563.193
35.358	734.554	562.701
34.901	735.940	562.020
34.875	736.239	561.038
34.968	735.995	561.206
34.954	737.082	559.535
34.433	736.650	559.750
35.046	736.989	559.410
35.062	736.868	558.782
35.074	736.482	558.810
35.571	736.547	559.014
35.021	737.385	559.004
34.899	736.398	559.398
35.104	735.710	560.753
35.529	736.534	561.698
35.163	736.744	562.956
35.423	735.399	563.982
34.777	735.071	562.642
35.020	735.239	562.910
34.893	734.702	562.499
35.173	735.878	561.768
35.071	736.431	562.792
35.213	735.771	563.879
35.064	735.329	564.571
34.927	734.852	565.105
35.041	733.988	565.512
34.897	733.219	564.519
35.237	733.785	565.884
35.391	734.394	566.735
35.447	734.415	568.083
35.112	734.855	568.654
35.005	736.133	570.309
34.907	736.891	569.438
34.941	738.828	567.771
34.863	739.886	567.036
34.951	740.378	565.043
34.937	740.251	564.542
34.851	739.917	564.873
34.975	740.065	565.273
34.956	737.594	566.236
35.098	737.733	566.791
34.785	738.081	567.593
35.471	738.028	568.358
35.471	738.640	568.824
35.149	738.500	569.442
35.293	738.354	569.301
35.787	737.715	569.648
35.240	738.044	570.537
34.369	737.515	570.130
34.800	737.590	568.631
34.647	737.356	568.027
35.006	735.702	568.087
34.801	734.860	567.715
34.316	733.969	565.917
34.992	733.218	565.077
34.968	732.686	563.900
34.077	732.757	561.741
34.180	732.412	559.637
34.831	731.605	560.125
34.610	731.754	559.451
34.997	731.981	559.015
35.573	732.307	560.977
34.822	732.497	563.069
35.065	733.077	563.100
34.918	732.950	562.254
35.034	733.730	560.992
34.439	734.578	560.399
34.957	734.308	560.224
35.085	734.661	559.466
35.091	734.476	559.926
35.416	733.917	561.083
35.139	735.270	561.318
34.889	735.839	561.601
34.605	737.041	563.315
35.113	737.829	563.710
34.730	738.112	563.330
35.029	738.042	562.996
34.774	736.980	562.784
34.736	736.072	562.290
35.051	736.228	562.080
34.636	737.519	561.481
34.846	738.539	561.291
34.889	738.473	562.166
34.415	736.958	561.684
34.822	735.936	562.228
34.043	733.206	561.190
34.414	730.771	561.940
34.904	729.732	562.254
35.306	729.445	562.393
35.722	728.541	562.906
35.074	728.008	563.559
35.545	727.842	564.270
35.638	727.719	564.961
34.901	726.601	565.569
33.967	726.316	564.502
34.977	725.985	563.140
35.441	725.792	561.380
35.799	726.027	561.447
35.336	726.026	561.666
35.684	726.931	562.335
35.171	727.943	561.938
35.438	729.219	562.096
35.791	729.664	562.453
35.451	731.178	561.618
35.396	731.546	563.531
34.894	731.914	563.838
35.369	733.718	562.920
35.237	734.288	562.996
34.956	734.634	561.920
34.965	734.282	561.742
34.843	732.535	562.358
35.415	732.284	563.251
34.700	731.161	563.879
35.548	732.014	563.076
35.378	733.740	563.215
34.963	735.083	563.410
35.125	735.441	563.534
34.627	736.394	563.139
34.476	735.756	562.456
35.017	735.415	562.335
34.578	734.307	561.235
34.872	733.789	562.040
35.039	735.123	561.594
35.147	735.541	561.901
34.579	735.682	560.790
34.902	736.335	560.726
35.023	737.393	559.707
34.857	738.740	558.746
34.454	739.035	560.126
34.400	739.520	561.226
34.961	739.859	562.708
33.960	740.937	563.943
34.908	740.637	564.897
34.116	741.318	564.022
34.477	740.996	564.532
34.594	741.823	565.341
34.729	741.476	565.886
35.001	739.715	567.397
34.579	740.031	567.834
34.865	738.960	569.314
34.991	739.028	569.516
34.835	740.311	568.471
34.414	740.959	568.714
34.154	742.252	569.772
35.245	741.155	569.976
34.733	740.276	568.261
34.776	741.239	566.494
34.511	742.862	565.628
34.347	744.940	565.424
34.064	745.639	564.419
34.415	745.133	564.538
34.493	743.147	565.447
34.262	741.600	564.992
34.841	742.067	565.867
34.437	741.824	566.969
34.859	741.570	567.836
34.420	741.486	568.307
34.739	741.667	568.297
34.679	741.130	569.008
34.713	740.541	570.393
35.300	740.354	570.644
34.949	739.966	570.258
34.837	739.316	569.721
35.268	740.007	570.304
34.937	738.600	569.757
35.110	738.223	570.155
35.161	735.641	570.396
35.350	735.553	570.928
35.357	734.883	570.911
36.355	733.884	571.968
36.531	732.478	572.928
35.916	730.532	573.766
35.634	728.910	573.200
35.378	727.671	572.897
35.259	728.762	571.062
35.443	728.519	573.455
35.368	727.521	573.653
35.113	726.397	572.777
35.068	725.768	572.805
34.930	726.022	572.370
35.133	726.220	571.323
35.202	726.833	570.077
35.510	727.263	569.901
35.310	727.679	569.447
35.314	728.742	569.365
35.172	728.952	569.219
35.192	728.992	567.832
35.721	730.289	566.442
35.353	730.963	564.635
35.124	731.885	563.431
34.602	732.435	560.613
34.286	731.302	559.483
34.765	730.467	556.966
34.613	728.944	555.900
34.729	728.437	555.957
34.815	727.641	555.899
34.287	727.552	555.219
35.095	727.866	553.336
35.213	727.361	553.944
35.862	726.762	554.545
34.858	726.931	552.806
35.165	725.746	551.775
35.190	726.081	551.691
35.224	727.309	549.379
34.823	728.002	548.233
34.629	726.471	548.955
34.958	725.605	549.998
34.955	725.453	549.870
34.934	722.853	551.228
35.418	722.417	550.320
34.649	721.312	550.920
34.860	721.426	550.704
34.531	720.495	552.244
34.355	720.662	552.402
34.351	720.362	553.958
35.229	719.530	555.652
34.994	720.735	555.432
34.727	722.531	554.658
35.260	723.678	555.247
34.572	725.084	554.546
35.093	725.189	554.974
35.228	725.815	553.903
35.192	725.333	553.510
35.168	724.039	553.251
35.338	723.246	552.910
35.163	723.288	552.768
34.385	723.102	553.843
34.765	724.024	554.349
34.996	724.337	553.964
35.116	724.327	553.916
34.539	724.805	554.220
34.347	726.464	553.966
34.514	727.880	554.005
34.613	729.811	553.800
33.654	731.294	554.893
34.034	732.896	556.737
34.546	734.743	557.776
34.938	736.072	558.841
35.019	736.218	560.749
35.307	735.006	562.909
35.312	735.753	562.905
35.169	735.229	564.491
34.926	732.500	564.686
34.635	730.837	565.244
34.797	729.329	566.064
34.919	728.299	566.749
35.221	726.645	568.013
35.319	726.895	568.701
35.037	725.849	569.444
34.284	724.833	568.527
34.334	723.187	568.428
34.699	721.608	567.042
34.494	721.138	565.303
35.042	720.507	563.061
