34.977	731.152	553.081
34.778	731.203	552.422
35.171	731.150	551.948
35.067	731.544	550.979
34.864	733.934	549.431
34.931	734.713	549.068
34.811	734.018	550.287
35.288	733.050	551.485
34.937	733.062	551.975
35.085	733.293	551.516
35.424	732.185	553.022
35.083	731.287	554.070
35.289	731.941	552.941
35.315	731.538	553.819
35.256	732.669	553.535
35.570	731.731	554.069
35.565	731.084	554.637
35.720	732.005	554.001
35.066	732.891	554.370
34.605	734.879	554.893
34.973	736.092	555.721
35.262	737.626	555.549
35.224	737.949	555.582
35.443	737.792	555.579
35.130	738.131	555.024
35.314	736.673	555.277
35.246	737.039	554.286
35.049	736.375	554.421
35.240	735.620	553.803
35.010	736.304	553.809
35.221	736.963	552.959
35.108	737.955	552.943
35.342	738.479	552.746
35.404	739.377	552.474
35.479	740.747	550.993
35.234	739.824	550.872
34.850	738.146	551.721
34.743	736.441	552.174
34.744	734.893	552.430
35.178	734.850	551.963
35.105	734.302	551.914
35.575	734.514	552.216
35.181	734.660	553.233
35.259	735.255	553.407
35.354	734.969	554.366
35.308	734.847	555.158
35.248	734.372	556.366
35.292	733.701	557.037
35.448	734.406	557.885
35.546	734.370	558.373
35.906	734.354	557.931
35.322	734.180	557.584
35.266	734.204	557.455
35.652	734.388	557.365
35.457	734.375	556.965
35.127	735.604	556.111
35.096	736.378	556.283
34.841	737.085	555.404
34.735	737.611	555.368
35.430	738.259	553.541
35.136	737.653	554.126
35.400	737.778	554.038
35.287	738.126	553.833
35.090	739.100	553.321
35.219	739.276	552.197
35.395	739.128	550.530
35.672	739.514	550.169
35.108	738.791	549.048
34.982	736.810	549.567
34.871	736.216	550.135
35.079	734.718	551.159
35.106	734.477	552.424
35.395	734.246	553.213
35.009	734.030	554.196
35.218	734.443	555.001
35.697	733.713	555.578
35.473	734.574	555.884
35.679	734.317	557.361
35.768	733.100	557.738
35.892	733.266	558.731
35.969	733.215	559.814
35.034	733.762	560.838
35.564	734.479	560.535
35.316	734.455	561.071
35.064	734.507	560.860
35.337	734.138	560.548
35.310	732.329	561.557
35.527	731.608	562.518
35.453	732.191	563.671
35.139	732.814	562.936
35.522	733.731	562.820
35.625	734.656	562.463
35.455	734.990	561.882
35.286	735.637	562.495
35.304	735.996	562.807
35.189	736.556	563.976
35.328	737.617	564.028
35.294	737.921	563.236
35.069	736.735	562.397
35.152	736.891	561.435
35.254	736.994	561.052
35.543	735.587	560.957
35.529	733.820	562.006
34.965	731.716	562.213
34.844	730.452	561.469
35.758	729.548	561.580
35.897	730.568	562.726
36.078	731.652	563.200
35.770	732.487	562.265
35.027	732.073	560.856
35.947	732.616	560.642
35.165	733.523	560.638
35.614	733.441	560.339
35.431	733.521	560.221
35.541	735.202	560.234
35.098	735.786	559.412
35.202	735.257	559.547
35.420	733.620	559.858
35.590	733.830	559.771
36.114	733.735	560.318
35.439	733.936	560.675
35.185	732.326	561.138
35.609	732.612	562.074
35.264	734.740	562.245
35.430	735.118	561.774
35.294	735.483	561.725
35.055	735.834	560.923
34.904	736.486	559.967
35.429	736.984	559.551
35.140	739.019	558.692
35.471	737.991	558.009
35.368	736.907	556.662
35.004	737.475	555.100
35.026	737.336	553.898
34.885	736.581	552.817
34.441	736.317	550.513
34.842	733.937	551.007
34.841	732.661	551.305
34.796	731.738	551.090
34.743	730.648	550.017
35.183	730.128	550.169
35.097	729.940	549.441
35.223	730.542	549.467
34.949	730.984	549.939
34.725	731.910	550.385
35.293	731.687	551.518
35.060	732.968	551.552
35.253	732.609	551.454
34.955	733.351	550.599
34.537	733.262	549.316
34.596	732.654	548.002
35.006	731.985	550.206
35.025	731.501	551.117
35.461	731.041	551.460
35.576	730.837	551.724
35.275	731.024	552.262
35.181	731.186	551.437
35.334	730.836	551.843
35.075	732.136	551.203
35.160	732.142	551.405
34.847	732.236	551.683
35.203	731.927	553.143
35.337	732.319	554.109
35.495	731.075	555.278
35.420	731.412	554.521
35.092	731.334	554.726
35.705	730.759	554.823
35.184	729.927	555.344
34.966	728.749	554.020
35.004	729.490	552.956
35.564	728.615	552.634
35.712	728.413	552.733
35.706	727.722	553.495
35.816	727.421	553.552
36.099	727.112	553.183
36.294	726.772	553.425
36.153	726.005	553.716
36.128	725.421	554.485
36.537	723.415	554.578
35.912	722.784	555.124
36.077	722.379	554.891
35.934	721.718	554.584
35.331	722.944	554.414
35.867	724.753	552.103
35.791	725.414	552.094
35.409	725.236	552.311
35.270	726.291	550.996
35.278	727.252	550.533
35.078	728.179	550.544
35.812	728.774	551.208
35.465	729.714	550.693
35.044	730.709	550.868
35.420	731.764	551.085
34.890	732.204	550.451
34.940	732.532	549.752
35.300	733.565	549.399
35.404	734.618	547.665
35.071	735.092	548.956
35.075	734.642	550.223
34.905	735.121	550.827
35.272	735.555	550.819
35.100	736.243	549.498
35.092	734.895	550.403
35.362	735.171	550.575
35.266	735.455	549.111
35.082	734.890	548.387
35.040	734.432	549.077
34.963	733.713	549.910
34.800	733.388	551.797
35.165	733.761	552.166
35.088	733.613	552.890
35.553	733.485	554.249
35.105	732.768	553.726
35.013	733.166	552.926
34.972	732.269	553.679
35.164	732.850	553.045
35.106	733.634	552.507
34.830	733.570	552.130
34.989	732.841	551.664
34.310	732.511	549.521
34.630	732.051	548.983
34.749	730.253	550.275
34.951	729.536	550.359
35.090	728.861	549.764
35.363	729.766	549.522
35.426	728.960	549.027
35.029	728.586	548.463
35.314	728.012	549.053
35.052	729.841	548.075
35.059	729.630	549.347
35.441	730.288	548.656
35.102	730.262	549.539
34.868	730.619	550.122
34.829	731.151	551.034
35.301	731.479	551.053
35.108	731.519	551.437
35.099	732.755	550.769
34.743	733.610	551.836
35.078	733.281	552.410
35.321	734.755	549.937
35.367	736.155	548.896
34.871	736.522	547.759
34.851	735.857	548.354
35.159	735.233	548.596
35.412	735.797	547.737
34.794	734.730	546.926
34.963	733.829	547.718
35.392	734.305	547.822
35.618	734.088	547.320
35.318	733.886	546.715
34.922	734.231	546.839
35.032	733.048	548.774
34.810	732.458	549.528
35.038	732.292	549.299
34.672	731.889	549.788
34.860	732.345	549.272
34.733	732.350	547.510
35.253	732.853	546.511
35.443	732.822	547.079
35.316	733.595	547.400
35.387	733.295	547.772
35.333	733.335	547.856
35.367	733.568	548.681
34.452	733.712	550.413
34.959	733.549	551.611
34.724	734.404	553.129
34.737	735.383	552.666
35.115	735.258	552.893
35.474	734.982	553.849
35.402	734.410	554.563
35.301	735.418	554.297
35.095	736.298	554.334
35.587	736.352	554.120
35.297	736.477	554.519
35.382	736.086	554.882
35.339	735.077	555.168
34.953	734.389	554.572
35.132	732.948	554.929
35.235	732.993	555.250
35.604	732.847	554.821
35.420	732.165	554.675
35.183	732.307	554.435
35.286	732.065	554.506
35.611	732.865	555.457
35.173	733.633	555.774
36.053	733.374	556.042
35.791	732.058	556.368
35.577	732.295	556.639
35.571	732.804	557.422
35.544	733.108	556.738
35.301	733.977	556.965
35.343	735.373	557.177
35.021	735.693	557.245
34.977	735.058	556.500
35.254	734.312	555.648
35.089	734.108	554.702
35.018	733.396	553.900
34.448	732.901	552.686
35.107	733.139	551.652
34.835	733.158	552.136
35.137	733.010	551.133
34.505	733.181	549.019
34.177	731.098	547.918
33.706	730.162	546.325
35.165	728.679	545.583
34.743	727.898	546.399
34.705	726.738	546.632
35.316	727.772	545.412
34.668	727.870	544.097
34.805	727.348	544.321
35.041	726.576	543.962
34.759	726.779	544.536
34.842	726.654	546.454
35.121	727.941	546.484
35.301	729.418	544.311
34.853	729.832	543.851
34.736	730.409	543.953
34.931	730.000	544.697
34.961	729.688	546.455
35.161	730.944	546.276
35.191	731.749	546.283
34.818	733.705	545.741
35.474	733.742	546.543
35.555	734.490	546.744
35.229	734.454	545.563
35.387	733.314	547.048
34.984	731.652	549.648
35.130	732.832	549.696
34.974	733.051	549.752
35.043	734.345	548.407
35.360	735.423	545.936
35.586	735.746	545.558
35.203	735.625	545.865
34.666	734.714	545.525
35.500	734.895	545.226
35.134	734.971	546.327
35.094	734.700	547.821
34.724	735.146	549.797
34.804	735.119	550.039
34.829	735.055	549.799
34.537	734.627	549.966
34.972	734.942	550.441
34.850	734.289	550.267
34.912	734.044	549.849
35.228	734.672	549.820
34.917	734.910	550.469
35.060	734.116	550.286
35.074	733.395	550.256
35.140	733.251	549.241
34.837	733.381	549.286
35.002	733.806	549.717
34.765	735.073	550.725
35.316	735.164	551.098
35.064	734.711	551.061
34.786	734.123	551.405
35.022	734.497	550.225
35.069	732.883	550.880
35.004	732.183	552.223
35.317	732.084	553.260
35.093	732.969	553.320
35.518	733.091	554.068
35.120	733.595	553.285
35.122	734.025	553.008
35.436	733.573	553.986
35.884	733.547	554.724
35.249	733.994	554.946
35.340	733.779	555.069
35.793	732.913	555.974
35.302	732.885	555.535
35.226	732.808	556.136
35.301	733.243	555.672
35.287	733.613	555.415
35.225	733.633	553.457
34.638	733.776	551.659
34.964	734.085	550.752
34.998	733.162	551.066
34.844	731.979	551.203
35.547	731.342	552.436
35.101	731.728	552.301
35.253	732.280	552.550
35.049	733.076	551.935
35.297	733.745	552.252
34.841	733.347	551.790
34.756	732.357	552.318
35.445	731.950	551.898
35.010	732.254	551.001
35.849	733.995	549.849
35.315	735.085	548.746
35.015	734.925	548.516
35.477	735.443	548.290
35.347	735.325	547.843
35.469	736.622	547.342
35.321	737.122	548.042
35.055	737.060	548.968
35.160	736.581	550.282
35.207	736.557	550.109
35.341	736.937	549.387
35.105	736.470	548.462
35.286	735.989	547.154
35.447	736.552	546.419
35.322	736.784	547.051
35.512	737.232	547.377
35.447	736.674	547.653
34.854	735.858	549.567
34.984	735.202	550.798
34.890	734.090	551.774
34.802	733.118	552.362
35.142	732.016	552.603
35.026	732.198	553.162
35.042	733.203	551.952
35.143	731.864	552.421
34.843	730.388	553.161
35.395	728.903	553.565
35.980	728.219	554.277
36.123	727.052	554.793
36.522	726.453	555.175
36.182	726.194	554.930
35.479	727.617	554.333
35.361	728.813	554.643
35.477	730.928	554.859
35.382	732.073	555.089
35.522	732.454	555.711
35.451	732.547	556.266
35.999	732.424	557.002
35.477	732.500	557.346
35.770	733.063	557.431
35.862	733.360	557.589
35.856	733.680	558.034
35.753	734.287	558.179
35.495	735.076	557.738
35.777	734.866	558.197
36.175	734.838	558.604
35.018	733.197	558.537
35.545	732.572	559.151
35.552	732.289	559.385
36.041	731.876	559.527
35.284	731.271	559.631
35.648	730.700	560.111
35.316	731.202	559.792
35.398	730.899	559.047
35.180	730.899	557.948
35.003	732.145	556.865
35.639	731.969	556.545
35.293	733.037	555.522
35.297	733.779	555.332
35.399	733.136	555.526
35.730	733.407	556.367
35.698	733.446	556.118
35.251	734.438	555.705
35.332	733.679	556.787
35.213	734.592	557.752
35.489	735.717	557.805
35.227	736.551	558.458
35.047	737.617	558.901
35.182	738.221	559.491
34.939	738.096	559.189
34.752	738.020	558.305
35.401	737.734	557.631
35.513	739.163	556.232
34.864	739.230	556.262
34.828	740.798	555.317
35.180	742.151	554.653
34.878	741.443	555.741
35.511	740.658	555.734
35.540	742.230	555.261
35.228	742.168	555.148
34.987	741.237	555.473
35.237	741.102	554.628
34.991	740.772	554.690
35.300	740.651	553.289
35.449	740.893	553.278
35.190	739.603	553.403
35.219	738.682	552.782
35.138	737.764	552.719
35.305	736.887	553.656
34.745	735.763	553.013
34.973	734.694	552.764
35.694	735.852	552.170
34.768	735.249	551.100
35.015	734.688	550.461
35.204	735.062	549.595
34.730	733.799	549.373
34.745	732.137	548.063
34.503	731.578	545.873
34.532	731.408	545.005
34.487	730.419	544.260
34.991	729.869	543.961
35.127	730.517	544.376
34.503	731.089	546.042
34.384	731.196	548.667
34.920	730.924	550.805
35.325	730.120	553.213
35.446	730.343	553.936
35.142	730.804	555.534
35.977	731.089	556.895
35.398	732.467	556.792
34.762	733.259	557.456
35.295	734.168	557.676
35.593	734.398	558.830
35.199	735.859	559.769
35.415	735.985	560.122
35.246	736.751	558.872
34.640	735.670	558.089
34.181	735.230	555.429
35.320	734.230	554.394
35.141	732.736	553.922
34.290	731.941	552.279
35.136	731.836	552.292
35.278	731.818	552.549
34.988	733.380	552.800
35.167	734.273	552.496
35.149	735.787	551.362
35.342	736.555	549.868
35.358	737.305	549.043
35.250	736.265	549.002
34.713	735.502	549.648
35.383	736.801	549.759
35.479	738.084	549.251
35.191	737.156	550.447
34.753	737.962	550.271
34.093	738.989	551.937
33.856	739.623	554.028
34.612	740.585	554.837
34.798	741.230	556.219
35.354	741.218	555.759
35.083	739.778	555.201
35.146	739.579	555.047
35.308	740.119	555.312
34.944	740.850	555.720
34.997	741.106	556.251
35.094	741.338	556.376
35.120	739.705	557.434
35.720	739.734	556.924
35.333	739.467	557.039
35.208	739.136	556.837
35.295	739.574	557.356
34.917	738.926	556.805
34.906	738.376	556.510
35.141	738.983	556.151
34.777	738.103	554.175
35.027	737.824	553.409
35.546	737.635	553.414
35.333	737.198	553.845
35.159	736.734	554.190
34.974	737.309	554.539
35.158	737.106	556.283
35.321	737.331	556.530
35.148	737.406	557.037
35.208	737.805	555.976
35.494	738.051	556.321
35.007	737.911	556.683
35.396	738.396	556.694
35.125	738.339	557.204
35.390	737.392	557.048
35.494	736.489	557.276
35.308	735.108	556.182
35.539	735.701	555.940
35.417	736.117	556.368
35.048	736.458	555.079
35.183	735.880	554.331
35.340	736.761	553.573
35.109	736.767	554.021
35.313	735.989	555.001
35.663	735.572	555.106
35.024	734.968	554.880
35.313	734.263	554.862
35.298	733.617	554.601
35.300	734.240	554.967
35.903	734.734	555.128
35.369	735.256	555.150
35.305	735.996	555.003
35.305	735.924	555.400
34.995	734.591	553.956
35.074	733.418	554.436
35.332	733.078	554.459
35.879	732.595	554.663
35.709	732.455	555.521
35.910	732.185	556.946
35.819	731.780	558.381
35.266	732.105	559.302
35.276	731.806	560.779
35.421	732.510	562.103
35.835	732.960	563.671
35.940	732.762	564.237
35.378	732.567	563.820
35.826	732.435	564.200
35.958	731.607	564.058
35.616	732.049	564.596
35.696	733.050	564.592
35.674	734.315	561.817
35.348	735.517	561.520
35.372	736.657	559.532
35.169	736.770	558.822
34.649	735.903	557.757
34.807	735.653	556.877
35.031	735.568	556.382
34.995	735.473	554.680
35.915	734.392	555.528
35.715	734.161	555.953
35.718	733.799	557.066
35.981	734.292	557.052
35.290	733.497	557.265
35.540	733.443	556.276
36.046	732.806	556.067
35.442	732.695	555.459
35.660	732.625	554.926
35.614	732.734	554.760
35.524	732.968	554.323
35.313	733.305	553.717
35.261	733.356	552.906
35.434	732.702	552.391
35.159	732.758	552.287
35.294	733.642	552.230
35.331	733.121	552.953
35.217	732.989	553.519
35.478	733.558	553.045
35.155	733.446	552.380
35.062	731.966	552.263
34.699	731.255	550.611
34.804	730.242	549.886
35.363	728.799	549.063
35.260	728.391	547.389
35.154	728.390	546.868
35.686	729.271	545.667
35.371	730.177	546.354
34.962	731.172	546.444
34.792	731.001	548.200
35.233	731.378	547.733
35.027	731.306	548.714
35.185	731.124	549.807
34.956	731.061	550.945
34.589	732.536	550.818
34.812	733.546	550.856
35.171	734.052	550.559
35.666	734.407	550.606
35.252	733.133	551.885
34.762	732.420	551.890
34.859	732.014	551.958
35.350	733.255	549.910
35.296	733.582	548.628
35.338	733.525	549.098
35.116	733.110	550.114
34.967	732.502	549.953
34.747	733.621	549.749
35.565	734.310	549.820
35.065	732.942	550.466
34.925	732.934	549.720
34.657	732.074	550.237
35.241	731.581	550.205
34.734	731.203	548.859
34.575	730.480	548.850
35.256	729.360	549.448
35.569	728.443	549.555
35.538	727.792	550.881
35.478	727.721	551.747
35.401	728.482	551.905
35.496	729.310	551.834
35.535	729.937	551.561
35.789	730.053	552.238
35.344	731.150	552.477
35.356	731.702	552.917
35.155	732.256	553.946
35.358	733.019	554.002
35.337	733.155	554.354
35.606	732.189	554.769
35.154	732.276	554.647
35.717	732.802	553.992
35.041	733.547	552.717
34.612	732.771	552.289
34.958	733.208	552.051
34.958	732.394	551.674
35.447	732.503	551.783
35.038	732.961	552.428
35.075	733.930	551.419
35.009	735.400	550.822
34.880	736.823	551.339
35.279	736.353	552.687
35.550	736.428	552.335
35.389	735.905	552.359
35.337	734.966	552.884
35.349	734.214	553.093
35.303	733.009	553.548
35.255	731.929	553.801
35.424	731.968	554.502
35.255	732.224	554.667
35.332	731.531	554.566
35.153	731.289	554.934
35.151	730.914	552.947
35.175	730.725	552.913
35.089	731.624	551.617
35.249	732.029	550.684
35.223	731.763	551.033
35.198	731.800	551.106
35.096	731.542	551.467
35.210	731.194	550.939
35.296	731.622	550.491
34.701	731.992	550.254
35.270	730.451	550.758
35.312	729.476	551.046
35.317	728.532	550.310
35.224	728.070	550.101
35.703	727.520	549.693
35.971	726.902	550.862
35.548	727.273	550.628
35.832	727.758	550.339
35.508	728.195	550.269
35.370	728.330	551.087
35.666	727.811	551.062
35.785	728.622	551.094
35.584	729.289	551.784
35.833	729.160	552.507
35.285	729.943	552.988
35.567	730.680	552.595
35.569	730.774	553.288
35.760	730.891	552.398
34.729	729.469	551.371
35.100	729.375	549.341
35.685	728.042	549.196
35.658	727.218	550.434
35.288	727.258	550.136
35.257	728.424	549.442
35.100	728.646	549.646
35.060	729.001	551.423
35.504	729.785	550.390
35.046	729.803	550.453
35.570	729.187	550.712
35.102	728.041	550.244
35.371	727.987	550.158
35.700	728.176	550.626
35.739	727.688	551.698
35.157	729.088	551.502
35.668	729.245	551.680
35.467	728.837	552.160
35.320	729.530	551.074
35.466	729.689	550.505
35.119	730.032	549.534
34.511	729.370	548.187
35.237	728.187	547.418
35.802	726.440	548.546
35.623	724.715	549.235
35.244	726.797	548.139
35.235	727.730	549.238
35.234	728.493	549.613
35.283	728.389	548.724
35.641	728.694	547.881
35.385	729.540	547.339
35.767	731.216	546.156
34.590	731.869	546.970
35.141	733.086	546.689
35.753	734.082	546.051
35.327	734.462	545.991
35.773	735.684	545.190
35.187	737.177	544.857
35.449	736.740	546.062
35.172	737.014	546.268
35.331	737.233	546.889
35.565	737.797	546.676
35.234	737.851	545.355
35.282	736.831	545.095
35.469	736.396	546.011
35.325	736.265	546.921
35.800	735.871	546.592
35.371	736.121	546.456
35.436	735.809	546.943
35.385	736.249	547.308
35.474	736.671	546.661
35.552	736.857	546.498
35.552	737.017	546.191
35.304	736.626	546.775
35.329	736.449	548.275
35.214	735.219	548.940
35.329	734.264	548.858
34.812	733.826	549.291
34.846	734.024	550.125
35.236	734.081	551.184
35.142	734.609	550.961
35.384	734.355	551.167
35.378	733.793	552.322
35.064	734.282	551.803
35.720	734.999	551.105
35.203	735.599	551.323
35.141	735.628	551.535
35.099	734.608	552.367
35.154	734.292	552.548
35.097	734.747	552.445
34.967	735.421	552.059
35.327	736.277	551.836
35.412	735.468	553.205
35.388	735.170	552.857
35.262	735.416	552.730
35.025	736.381	552.275
35.533	735.967	552.132
35.263	735.354	552.826
35.335	733.453	553.665
35.711	733.123	554.219
35.619	733.101	553.944
35.506	733.278	554.507
35.683	733.414	554.347
35.157	733.979	554.161
35.121	733.906	554.786
35.552	734.334	554.960
35.023	735.399	554.621
35.480	734.992	556.077
35.212	734.510	556.629
35.533	735.555	556.431
35.211	735.825	556.342
35.737	735.603	556.484
35.569	735.312	556.442
35.472	734.698	556.684
35.357	732.934	556.577
35.130	732.185	556.344
35.592	731.612	556.112
35.852	731.624	556.064
35.129	731.545	555.332
35.623	731.713	554.743
35.394	731.958	554.678
34.862	731.612	553.201
35.335	730.786	553.210
35.315	729.854	553.886
35.210	729.128	553.515
35.578	728.503	552.966
35.555	728.794	552.758
35.469	728.439	552.763
35.946	727.560	553.337
36.071	726.678	552.533
36.244	725.352	553.162
35.759	723.492	552.210
36.084	721.526	552.045
35.861	720.482	552.221
35.675	719.424	552.012
34.968	718.470	551.749
35.405	718.291	551.968
35.365	718.410	551.916
35.591	718.627	551.528
35.449	720.368	550.171
35.614	719.668	549.867
35.311	719.957	549.542
35.382	720.298	549.640
34.866	720.311	550.503
35.178	720.048	551.217
35.087	719.509	551.343
35.001	719.620	551.884
35.264	719.249	552.811
35.592	717.936	553.332
35.290	718.146	552.141
35.648	717.595	552.825
35.484	718.131	553.569
35.903	717.270	555.128
35.686	717.714	555.456
35.401	718.302	555.258
35.199	718.590	555.362
34.832	718.683	556.436
35.307	718.757	557.021
35.400	718.912	558.005
35.584	719.416	558.268
35.726	720.486	556.220
35.072	721.279	555.101
35.741	722.776	553.793
35.221	723.052	553.636
35.454	724.191	553.870
35.624	724.061	554.360
35.779	723.192	554.443
35.501	722.478	554.280
36.127	722.228	554.036
35.855	722.871	553.436
35.765	723.477	552.862
34.983	724.631	551.736
35.414	725.821	551.352
35.110	728.413	550.463
34.613	730.363	549.797
34.606	730.831	550.942
34.673	732.583	552.527
34.958	735.065	553.200
35.102	734.881	553.426
35.099	734.762	553.363
35.218	734.024	553.251
35.395	733.652	552.919
35.824	734.387	552.744
35.142	734.482	551.970
35.275	734.043	550.880
34.920	733.560	550.422
34.781	733.695	549.995
35.090	733.805	550.429
34.942	733.515	551.027
35.367	734.780	551.033
35.429	735.249	551.851
35.305	734.871	552.916
35.395	734.586	553.715
35.132	735.582	553.791
35.614	735.129	554.234
35.333	734.844	554.096
34.524	734.382	553.636
35.407	732.512	554.075
35.048	732.174	553.974
34.774	731.701	553.009
35.312	731.795	553.885
35.438	731.335	554.581
35.392	731.745	555.377
35.633	732.208	555.332
35.218	733.048	553.969
35.275	733.263	553.745
35.339	733.993	553.970
35.655	734.442	554.162
35.488	733.709	554.155
35.574	734.002	554.623
35.596	733.428	555.497
35.181	733.558	556.011
35.469	734.079	556.549
35.198	734.853	557.994
35.317	735.123	557.975
35.907	734.910	558.051
35.842	735.477	557.476
35.382	734.295	556.194
35.410	733.729	555.902
35.722	733.339	555.687
35.631	732.971	556.012
35.864	732.253	556.092
35.881	731.712	556.301
36.097	730.876	556.256
35.918	730.763	556.352
35.837	731.022	555.904
35.401	731.414	555.622
35.475	731.822	554.900
35.421	732.499	554.976
35.386	733.219	554.275
35.121	732.736	553.473
35.280	733.155	552.854
35.106	734.605	551.563
35.350	736.379	551.729
35.404	735.533	551.983
35.448	736.590	550.922
35.428	735.636	551.504
35.337	735.936	552.715
34.700	734.372	551.843
35.370	732.938	552.953
34.905	731.738	553.687
35.664	730.662	553.477
35.354	729.927	552.541
34.607	728.914	552.225
35.663	728.665	551.258
35.841	728.981	550.671
35.770	728.419	551.799
35.597	727.431	551.718
35.955	726.132	551.966
36.030	726.304	551.814
35.597	726.531	551.407
35.358	728.260	549.959
35.378	728.831	549.580
35.288	729.800	550.307
34.965	731.382	549.116
35.373	731.880	548.604
35.295	732.966	549.057
35.527	734.239	547.967
36.038	735.018	546.709
35.723	735.680	546.839
35.617	735.564	546.403
35.623	736.294	545.473
35.473	735.626	545.545
35.610	735.520	547.668
35.959	736.282	548.541
35.834	736.948	548.181
35.201	737.396	547.011
35.557	736.677	547.884
35.588	736.443	548.888
34.849	735.583	548.682
35.166	735.000	549.332
34.964	733.884	549.807
35.101	734.398	550.253
35.027	733.763	549.470
35.485	734.059	548.302
35.679	735.385	546.510
35.525	736.057	545.525
35.302	736.457	546.415
35.371	735.546	545.833
35.201	736.365	546.323
35.339	735.410	546.181
34.913	733.791	546.313
35.233	732.407	547.956
35.012	731.729	547.495
35.012	731.974	547.603
35.279	733.358	547.699
35.440	734.463	546.549
35.538	734.975	545.781
35.532	735.797	546.134
35.808	737.120	545.706
35.765	736.989	546.940
35.683	737.644	547.255
35.543	738.036	548.368
35.116	737.472	549.539
35.044	735.911	551.566
34.971	735.540	552.429
35.361	735.365	552.888
35.361	735.118	553.000
35.164	735.777	552.179
35.397	736.493	551.586
35.416	735.820	551.927
35.269	735.600	551.329
35.349	737.125	550.300
35.447	736.260	550.898
35.448	736.317	550.858
35.233	735.214	551.168
35.267	735.396	551.815
35.300	735.407	552.529
35.418	735.603	553.557
34.793	736.629	554.070
35.343	736.463	553.864
35.522	735.047	554.559
35.538	734.446	555.456
35.391	733.074	554.666
34.501	733.166	552.471
35.969	733.422	552.110
34.690	731.742	552.051
35.156	732.850	549.540
35.739	733.543	549.037
35.295	734.510	548.586
35.268	734.709	549.666
35.222	733.784	550.962
35.101	733.161	551.141
34.141	731.892	550.908
34.759	730.264	550.789
35.379	728.778	551.034
35.700	729.503	551.270
35.107	730.516	551.500
35.507	731.199	552.036
35.693	731.215	552.293
35.247	731.613	551.165
35.167	732.082	550.258
35.481	732.463	550.475
34.999	732.125	550.231
35.204	731.858	549.925
35.209	731.997	550.839
35.232	732.369	552.187
35.336	731.502	552.153
35.282	732.261	551.245
34.712	733.031	548.595
35.288	732.659	547.381
35.166	732.268	547.253
35.089	731.442	547.805
34.927	729.978	549.823
35.000	729.886	551.009
35.222	730.984	552.270
35.183	731.612	552.711
34.994	731.965	554.482
35.476	731.774	555.363
35.510	731.930	555.779
35.642	732.164	556.214
35.830	733.078	556.005
35.853	733.456	555.118
35.567	733.405	554.802
35.478	733.337	554.068
35.294	733.523	553.549
34.514	733.028	553.081
34.936	732.677	552.635
35.266	732.968	554.041
35.506	734.007	554.141
35.358	734.616	553.394
35.482	734.348	554.279
35.133	734.365	554.281
35.550	733.991	554.941
35.237	733.866	555.766
35.910	733.751	556.648
35.938	733.454	557.389
35.882	732.440	557.006
35.617	731.730	556.638
35.583	731.030	557.004
35.028	730.351	555.346
35.877	729.172	554.532
35.558	729.015	554.266
35.700	728.848	554.003
36.063	728.997	554.241
35.578	729.257	553.407
35.492	729.600	553.372
35.251	730.728	553.351
35.249	731.372	553.052
35.568	731.120	554.258
35.656	731.283	554.620
35.836	731.808	555.244
35.658	731.679	555.072
36.169	731.020	555.620
35.836	730.620	556.263
35.784	730.941	555.749
35.940	730.667	556.530
35.626	731.748	556.708
35.690	732.345	556.861
35.578	732.706	556.455
35.268	733.792	555.746
35.336	734.410	556.109
35.545	733.988	556.614
35.247	735.485	557.093
35.360	734.785	556.425
35.483	734.110	556.420
35.500	734.061	555.935
35.669	733.771	556.052
35.196	733.770	555.614
35.566	734.460	555.443
35.637	733.994	554.416
35.304	734.564	554.004
35.705	734.809	554.918
35.549	734.967	555.252
35.413	735.757	554.987
35.565	735.546	555.493
35.502	736.103	554.904
35.345	735.789	555.628
35.720	735.393	556.100
35.502	734.270	557.042
35.768	734.527	556.594
35.617	735.676	556.548
35.450	737.748	555.763
35.747	737.862	556.370
35.353	738.007	555.865
35.085	737.990	556.325
35.492	737.445	556.626
35.849	735.392	557.683
35.918	734.883	558.192
35.173	734.318	556.628
36.066	734.967	555.934
35.324	734.630	555.142
35.214	735.500	554.306
35.542	736.392	553.042
35.173	735.405	552.423
35.227	735.904	552.217
35.393	735.002	552.626
35.405	733.926	553.370
35.103	733.748	552.513
34.991	734.094	552.366
34.961	734.307	551.465
35.313	734.570	550.928
34.990	735.975	550.314
35.536	736.340	549.233
35.366	734.777	548.683
34.852	733.548	548.506
35.058	732.630	548.941
34.946	732.492	549.462
35.600	732.645	549.684
34.969	733.632	550.216
35.061	734.589	550.161
35.009	734.987	550.085
35.179	734.992	548.809
35.352	734.949	547.587
35.812	735.883	546.147
35.599	735.599	545.580
35.618	735.774	545.540
34.848	735.309	545.320
35.681	735.826	544.785
35.458	736.132	545.184
35.125	735.122	546.117
35.440	734.333	545.982
35.503	734.579	544.991
35.352	734.496	544.145
35.611	733.267	545.386
35.417	733.633	546.039
35.201	733.206	548.185
34.782	733.449	548.509
35.501	733.483	548.236
35.270	733.470	547.409
35.352	734.252	546.148
35.887	734.112	546.268
35.573	733.679	546.779
35.520	734.393	546.972
35.585	733.315	547.728
35.889	733.660	547.128
35.690	734.237	546.951
35.835	735.203	545.926
35.398	736.143	543.114
35.323	737.023	540.975
34.930	737.851	539.710
35.000	738.545	538.993
35.021	737.934	538.371
34.350	738.079	537.422
34.550	737.149	538.213
35.004	736.648	538.289
35.248	736.164	538.963
35.570	735.368	538.925
34.868	736.240	539.004
35.432	734.233	541.042
35.710	733.467	541.732
35.797	732.739	543.011
35.499	733.380	544.348
35.401	733.106	545.539
35.387	732.900	546.687
35.142	732.214	548.309
35.167	732.179	548.617
35.063	731.273	550.185
35.359	731.613	550.090
35.297	733.087	548.810
35.216	732.449	548.934
35.369	732.629	548.996
35.096	733.234	548.933
35.035	732.975	549.110
35.737	734.370	548.360
35.601	733.776	548.542
35.302	734.120	548.981
35.551	734.641	548.529
35.586	736.138	547.690
35.814	736.734	547.470
35.473	736.304	547.112
35.596	735.890	546.631
35.356	735.357	548.558
35.362	734.869	549.801
35.496	736.227	549.548
35.045	737.256	549.976
35.356	737.034	552.271
35.333	737.711	552.015
35.430	736.657	552.748
35.893	735.758	553.079
35.503	737.443	552.159
35.391	737.443	551.738
35.632	737.165	551.245
35.474	737.028	550.989
35.880	737.423	550.936
34.955	735.943	549.542
35.195	734.633	549.576
35.370	733.307	550.016
35.211	731.996	550.502
34.993	731.856	550.968
35.133	731.082	550.571
35.362	730.092	551.110
35.400	729.950	551.384
35.589	729.984	551.288
35.377	730.304	550.923
35.350	729.831	551.132
35.338	729.978	550.714
35.782	729.547	552.279
35.259	730.910	550.872
35.174	731.651	550.818
35.329	732.031	550.904
34.804	731.031	550.551
35.417	731.149	549.898
35.207	730.906	549.830
35.294	730.986	550.507
34.992	731.307	550.007
34.607	731.386	548.974
35.180	731.423	547.637
35.535	731.748	546.655
35.569	732.858	546.582
35.224	733.382	546.883
34.962	732.316	547.667
35.435	731.349	548.259
35.496	731.544	547.031
35.084	732.075	546.873
34.656	732.053	546.783
34.931	731.059	546.189
35.160	731.355	545.988
35.235	731.499	546.180
35.089	732.185	546.606
35.127	732.618	547.976
34.695	733.297	547.740
35.138	732.955	549.253
35.487	733.704	548.704
35.569	735.369	548.666
35.621	736.740	548.338
35.608	738.358	547.127
35.847	740.200	546.120
35.696	740.288	546.984
35.542	739.672	547.354
35.390	740.674	546.590
35.322	740.634	547.361
35.092	739.702	548.560
35.189	739.123	550.005
35.597	738.464	550.692
35.443	738.229	550.924
35.309	736.983	552.004
35.234	736.096	551.432
35.356	736.101	551.140
34.981	735.544	550.811
35.021	735.859	551.011
35.457	735.803	552.044
34.877	736.194	553.243
35.529	735.582	554.039
34.984	737.340	553.742
35.299	736.981	553.653
35.648	737.334	554.207
35.225	736.016	554.053
35.281	736.431	554.261
35.538	737.304	553.341
35.167	737.454	553.104
35.647	735.607	554.068
35.532	735.649	554.531
35.619	736.114	554.786
35.097	737.110	555.266
35.443	737.017	554.600
35.413	736.616	554.793
35.389	738.271	553.971
35.805	738.007	554.888
35.319	738.215	554.740
35.204	737.070	554.720
35.545	737.041	554.319
35.730	737.741	553.714
34.769	737.047	552.934
35.492	737.216	553.255
35.529	734.750	554.176
35.469	733.055	554.925
35.549	733.275	554.959
35.290	733.027	555.778
35.512	734.263	555.901
35.385	734.980	556.028
35.339	735.295	556.351
35.414	736.123	555.759
35.228	736.715	556.616
35.484	737.817	556.966
35.638	737.182	557.369
35.576	737.489	556.240
35.250	737.600	556.327
35.492	737.505	556.529
35.292	737.722	556.265
35.639	736.804	555.711
35.411	737.704	556.323
35.587	737.956	556.600
35.278	737.505	557.864
35.452	736.262	557.664
35.301	736.931	557.369
35.561	737.197	556.308
35.213	737.199	554.958
35.330	736.380	555.074
35.449	735.561	554.763
35.486	735.119	555.730
35.688	734.594	556.306
35.366	734.869	555.539
35.282	733.958	555.668
35.808	733.557	555.674
36.220	733.614	556.604
35.535	733.126	556.723
35.752	734.167	556.585
35.806	733.950	556.922
35.663	734.468	557.485
35.799	734.073	556.359
36.173	733.549	556.422
36.117	732.850	556.588
35.730	732.122	556.743
35.373	732.283	556.778
35.533	732.466	555.857
35.885	733.360	554.762
35.537	734.288	554.675
35.228	734.459	553.728
35.025	734.821	553.893
35.265	735.275	553.969
35.439	734.257	554.664
35.447	734.401	555.024
35.638	734.049	555.159
35.587	734.464	555.324
35.460	733.834	555.951
35.874	733.660	556.995
35.742	733.717	557.523
35.830	733.396	557.655
35.412	734.075	557.214
35.612	734.591	557.007
35.861	735.547	557.289
35.250	736.476	557.435
35.260	736.763	556.124
35.344	735.989	555.896
35.495	735.905	555.938
35.508	737.276	555.581
35.588	738.642	554.385
35.606	738.795	553.606
35.108	738.327	553.717
35.503	737.613	554.280
35.458	736.416	554.256
35.280	735.399	553.606
35.059	734.756	552.944
35.623	734.617	552.881
34.959	735.024	552.710
34.770	735.189	551.976
35.112	734.944	551.795
34.705	734.173	551.065
35.067	733.803	551.102
35.493	734.431	551.235
34.788	734.558	551.228
34.885	734.963	551.414
35.260	734.561	551.807
35.506	734.032	553.090
35.311	733.860	553.814
35.465	733.736	554.745
35.235	733.482	554.417
34.985	733.093	553.261
35.043	732.337	552.576
35.285	732.694	552.084
34.756	731.999	551.245
34.694	730.930	550.778
35.326	731.087	550.764
35.440	731.288	551.093
35.573	731.651	550.563
34.863	732.571	550.354
35.722	734.388	548.986
35.396	734.382	548.906
35.130	733.770	549.238
35.254	733.249	550.037
35.184	734.245	549.664
35.499	734.207	549.035
35.144	734.222	547.067
35.092	734.378	546.737
35.852	734.351	547.050
35.805	734.692	547.068
35.227	735.545	547.912
35.706	737.178	547.746
35.679	738.192	547.473
35.059	737.404	548.737
35.243	736.797	549.421
35.408	737.613	548.536
35.011	738.703	549.975
34.221	739.378	551.954
35.354	740.594	551.090
35.293	740.516	552.260
35.677	740.015	553.235
35.673	739.220	553.042
35.445	738.718	552.809
35.820	738.572	554.034
34.991	740.792	553.610
35.226	741.487	553.598
34.692	741.417	554.957
35.706	742.017	554.658
35.322	743.088	555.202
35.046	743.895	555.161
35.202	744.553	555.245
35.039	744.466	555.821
35.505	744.510	555.071
35.691	745.950	553.945
35.321	746.133	553.737
34.970	745.130	554.607
35.197	744.608	554.634
35.068	743.800	555.495
35.335	741.795	555.301
34.625	739.296	554.009
35.020	736.958	553.637
34.928	735.829	551.522
35.035	736.797	549.126
35.252	737.645	546.306
35.177	737.514	546.105
35.476	736.362	546.467
35.126	735.533	546.577
35.121	734.786	546.571
35.318	734.852	545.873
35.433	734.423	546.684
35.440	734.052	547.058
34.980	734.379	548.090
35.183	733.357	549.384
35.187	733.125	548.620
35.308	733.074	549.865
35.192	732.539	552.011
35.033	734.208	552.520
35.315	734.368	553.548
35.505	733.537	554.635
35.350	734.429	553.335
35.108	734.869	551.783
35.486	736.826	550.599
35.721	737.341	550.125
35.728	736.694	550.124
35.177	735.437	550.925
35.539	735.320	550.985
34.771	734.890	551.581
35.669	735.993	550.694
34.982	735.276	551.417
35.068	734.031	550.090
35.388	734.696	548.253
34.811	734.600	549.186
34.985	734.320	551.298
35.016	733.359	552.257
35.462	732.843	552.157
35.025	731.723	553.089
34.747	731.932	551.609
35.122	731.736	551.217
35.472	734.077	548.490
35.597	734.475	548.046
35.609	734.452	548.417
35.138	734.757	548.883
34.719	734.029	550.645
35.192	734.028	551.185
35.047	733.603	551.072
35.526	733.335	552.194
35.571	732.954	552.873
35.221	732.770	553.276
35.446	733.406	553.011
35.344	732.475	553.153
35.130	731.382	553.562
36.019	730.420	554.366
35.718	729.870	554.434
36.137	729.215	554.704
36.122	728.602	555.363
35.730	729.381	555.661
35.794	729.571	556.480
35.876	730.707	556.141
36.109	730.508	556.495
35.618	730.853	556.613
36.084	730.991	557.114
35.997	730.545	557.263
36.259	730.611	557.311
36.135	730.679	557.643
36.023	730.631	558.658
35.971	730.441	558.818
35.350	729.769	558.979
35.674	730.439	558.926
36.075	730.594	559.134
35.904	730.828	558.948
36.217	730.908	559.785
35.918	731.501	560.347
35.293	732.435	559.715
35.639	732.999	558.913
35.479	733.657	558.207
35.526	732.880	557.734
35.246	732.591	557.361
35.596	732.644	555.878
35.338	732.486	555.769
35.420	732.342	554.968
35.512	731.773	554.641
35.587	732.402	554.660
35.716	732.013	556.152
35.895	732.232	556.626
35.828	732.387	556.677
35.694	732.674	556.875
35.950	732.715	557.893
36.099	732.091	558.316
36.246	731.094	558.573
36.150	730.241	559.559
36.386	730.245	560.126
35.790	729.956	560.683
35.839	730.250	561.109
35.460	731.658	559.774
35.351	732.536	558.812
34.853	732.603	556.757
35.693	732.173	556.079
35.526	732.101	555.514
35.278	731.727	554.853
35.249	732.780	553.797
35.492	733.218	554.075
35.311	733.013	554.205
35.591	732.671	554.978
35.408	734.145	555.512
35.998	734.685	556.041
35.780	734.236	556.268
35.935	733.598	555.188
35.379	733.125	554.717
35.573	733.363	554.734
35.326	733.067	554.303
34.935	732.694	551.734
34.987	732.142	550.765
35.441	731.662	551.244
35.250	730.860	552.445
35.311	731.526	552.024
35.064	732.618	551.142
34.905	732.797	550.810
35.225	732.601	552.423
35.366	732.462	552.713
35.348	732.380	553.341
35.313	732.754	553.395
35.535	733.417	552.993
35.263	732.446	553.070
34.824	731.495	552.910
35.247	730.645	553.481
35.269	730.295	553.364
35.409	730.111	552.879
35.226	729.736	553.273
35.482	730.759	553.124
35.470	730.530	553.346
35.989	730.503	554.015
35.840	730.377	554.822
35.793	729.744	555.151
35.832	729.808	556.076
36.211	729.444	556.996
36.180	728.064	558.257
36.078	728.636	558.797
35.842	729.670	559.317
35.662	730.263	559.548
36.176	730.262	560.723
35.680	730.596	560.703
35.666	730.944	560.402
35.019	731.134	558.565
35.140	731.157	558.430
35.312	731.348	557.258
35.270	731.944	555.811
34.873	731.807	553.834
35.239	732.302	553.207
35.315	731.929	552.606
35.197	731.336	553.599
35.713	731.316	554.595
35.588	731.156	554.606
35.207	731.739	554.245
34.913	732.138	553.750
35.490	731.567	553.849
35.404	732.133	553.767
35.336	731.017	554.112
35.661	730.458	554.127
35.743	729.673	554.699
35.737	729.668	554.942
35.940	729.591	555.794
36.230	729.573	556.302
36.106	729.019	556.605
35.873	728.871	557.274
35.432	728.007	555.657
35.665	726.784	554.649
36.063	724.845	554.806
36.158	723.545	554.404
36.144	722.413	553.886
35.472	722.446	553.762
35.743	722.378	554.038
35.907	721.303	554.938
35.850	720.358	555.879
36.320	719.412	556.277
35.759	718.885	555.375
35.927	719.609	553.491
35.227	720.630	552.823
35.807	720.673	553.221
35.646	721.397	552.683
35.928	721.523	552.166
35.812	722.259	551.103
35.978	722.032	551.211
35.462	722.318	550.776
35.692	722.872	550.553
35.410	724.442	551.098
35.463	725.206	550.275
34.839	727.548	549.039
35.528	728.043	549.889
35.688	728.445	550.272
35.587	728.015	550.039
35.763	727.489	551.556
36.438	726.938	551.785
35.627	727.835	551.329
35.709	728.676	550.700
35.442	729.331	550.886
35.060	730.101	551.264
35.108	730.024	551.655
35.383	730.295	553.088
35.555	730.907	552.905
35.295	731.869	552.745
35.028	732.760	552.741
35.623	734.581	552.350
35.323	734.218	553.433
35.666	733.164	554.146
34.996	733.265	553.636
35.513	732.830	554.384
35.235	732.773	554.960
35.509	732.746	555.516
35.302	732.475	554.884
35.736	733.079	554.441
35.517	733.392	553.601
35.947	732.443	554.249
35.628	732.047	554.387
34.943	731.942	553.177
35.203	731.980	552.641
35.117	732.077	552.066
35.481	731.033	553.031
35.009	731.281	552.475
35.327	731.244	552.045
35.106	731.004	552.748
35.465	731.437	552.060
34.854	732.064	552.233
35.242	732.312	552.199
35.370	733.659	551.504
35.343	734.668	552.188
35.823	734.078	553.015
35.386	733.400	554.130
35.746	732.100	554.972
36.044	732.396	555.395
35.932	731.195	555.119
35.406	731.095	554.092
35.090	731.055	553.388
35.391	730.679	553.141
35.631	731.336	552.738
35.939	730.465	553.351
35.963	730.415	553.810
35.462	730.637	554.248
35.782	731.129	554.310
35.750	731.387	554.205
35.464	731.465	554.811
35.772	730.966	555.771
35.905	731.877	556.714
35.597	732.285	557.874
35.831	732.199	559.011
35.826	732.140	559.869
35.271	732.399	561.087
35.787	731.817	562.273
35.693	732.026	563.070
35.670	733.417	563.031
35.375	733.338	562.651
35.474	732.385	563.175
35.626	730.744	563.477
35.223	729.787	562.170
35.931	729.221	561.693
35.674	729.286	561.403
35.662	728.467	559.632
35.815	728.591	559.430
35.682	729.451	558.698
35.513	730.463	558.076
35.493	731.035	556.939
35.582	731.463	555.903
35.904	730.185	555.701
35.390	729.628	555.843
35.002	730.407	555.343
35.417	730.247	553.964
34.087	730.182	552.144
34.800	730.096	549.747
35.647	730.387	548.064
35.937	730.944	547.338
35.640	732.194	546.108
35.353	732.236	545.083
35.513	731.674	544.752
35.803	732.942	545.022
35.379	734.283	544.854
35.488	735.018	545.727
35.817	735.089	546.031
35.223	733.969	546.889
34.770	733.520	548.185
34.937	733.238	549.168
35.052	732.452	549.936
34.928	733.040	550.647
35.524	733.254	551.425
35.333	733.488	551.412
35.006	733.245	551.537
34.930	733.237	551.971
34.918	732.648	551.715
34.805	731.954	551.724
34.796	731.794	550.819
35.125	731.127	550.565
35.183	729.899	551.364
35.437	728.839	551.500
35.501	729.180	551.878
35.059	730.249	552.651
35.211	731.139	553.240
35.257	731.096	553.463
35.560	730.312	553.453
35.470	730.516	552.386
35.435	731.151	552.256
35.592	731.067	552.598
35.492	731.144	552.856
35.321	731.478	554.227
35.792	730.987	554.956
35.751	730.943	555.513
36.200	730.636	556.839
35.933	731.189	557.544
35.640	732.498	557.839
35.635	732.786	558.287
35.645	733.491	557.988
35.474	733.355	557.392
35.655	733.584	556.693
34.865	734.620	555.202
35.610	734.185	555.286
35.553	733.926	555.298
35.626	733.503	554.751
35.510	732.776	554.304
35.828	731.619	554.323
35.657	731.426	554.247
35.679	730.589	554.725
35.792	731.011	555.543
35.825	731.042	555.697
35.541	733.037	554.942
35.209	733.713	553.480
35.338	733.727	553.281
35.657	732.834	554.301
35.522	732.831	555.255
36.345	732.680	555.500
35.687	732.984	556.088
35.508	732.971	555.952
35.547	732.319	555.730
35.583	731.965	555.365
35.874	731.913	554.912
35.867	731.750	554.875
35.772	731.371	555.046
35.579	731.578	554.518
35.414	731.974	553.680
35.396	731.665	554.216
35.250	731.292	554.111
35.554	730.145	554.402
36.215	729.992	554.779
35.741	730.748	555.293
35.479	732.063	554.763
35.419	732.764	553.946
35.499	732.897	553.078
34.958	733.586	552.096
35.812	734.380	551.003
34.998	734.481	550.957
35.168	733.795	550.501
35.289	734.336	549.895
35.257	734.560	549.795
35.561	735.267	549.914
35.457	735.200	550.463
35.117	734.568	549.047
