34.570	732.455	547.690
34.582	731.827	549.110
34.633	732.503	550.099
35.049	732.793	551.491
34.782	733.809	551.766
34.544	734.072	552.817
34.230	733.650	553.157
34.664	734.375	551.917
34.593	734.693	550.922
34.534	735.188	550.027
34.762	734.392	550.244
35.004	734.021	549.322
34.658	733.190	550.288
34.397	731.191	551.524
34.867	731.208	552.932
35.037	731.503	553.691
35.083	731.513	554.181
34.450	731.711	553.290
34.227	731.150	553.526
34.100	730.915	553.126
34.701	730.056	553.160
34.676	728.312	553.488
34.728	726.763	553.041
35.630	726.078	552.717
34.601	725.904	550.697
35.041	725.967	550.828
35.098	726.701	551.405
35.047	727.547	551.768
35.310	728.889	552.261
35.190	728.486	552.903
35.363	727.685	554.603
35.086	728.681	555.417
35.100	730.263	555.078
34.999	730.956	555.276
34.958	731.355	555.483
34.897	731.943	554.489
35.083	733.532	554.103
35.037	733.332	555.032
35.099	732.874	555.420
35.012	733.231	555.058
35.350	732.638	555.671
34.636	732.525	555.464
35.156	732.756	554.539
34.898	733.388	554.524
35.097	732.638	554.642
35.243	732.311	555.701
35.174	732.310	557.170
35.003	733.217	556.720
35.449	733.038	557.324
34.470	732.584	555.425
34.559	733.088	553.209
34.933	732.548	553.089
34.625	732.954	552.412
34.679	732.052	552.324
34.417	730.236	552.932
34.786	730.356	552.536
34.812	730.257	551.619
34.513	730.672	550.741
34.089	731.025	549.925
34.457	730.701	548.538
34.200	730.174	548.445
34.693	728.898	549.789
35.319	729.010	550.865
35.054	728.678	550.971
34.933	729.612	550.830
35.222	730.200	550.119
34.850	730.451	550.340
34.576	730.694	550.542
35.230	730.741	552.347
34.829	730.656	552.959
34.903	731.514	553.356
34.761	732.067	553.650
34.603	732.952	552.436
34.063	731.977	551.172
34.477	731.142	550.475
34.424	729.994	552.083
34.561	729.124	551.428
34.965	728.563	550.762
35.175	729.597	551.391
34.860	730.222	551.952
34.603	731.120	553.380
34.624	732.203	554.007
35.013	732.307	554.832
35.269	731.920	555.760
35.273	732.054	556.236
34.592	731.575	555.529
34.965	732.186	555.546
34.681	732.566	554.755
34.488	732.845	554.719
35.402	732.870	554.807
34.971	733.765	553.856
34.358	733.197	553.176
34.507	732.854	552.798
34.363	732.550	551.443
34.495	731.975	551.914
35.001	732.029	552.327
34.441	732.669	550.689
34.718	732.899	550.223
34.572	732.792	550.390
34.815	732.354	550.985
34.660	731.106	551.345
34.617	731.475	550.380
34.900	731.484	550.178
34.482	731.806	550.560
34.817	733.102	551.531
34.828	734.213	551.829
34.731	734.881	552.493
34.655	734.258	553.240
34.751	735.093	552.280
34.543	734.116	552.688
34.451	733.830	552.249
34.870	735.069	551.796
34.638	735.146	551.470
34.572	735.265	551.452
34.549	734.727	551.314
35.226	734.477	552.544
34.973	733.550	554.275
35.011	734.367	554.404
34.684	735.421	553.715
34.477	735.034	553.546
34.839	734.596	552.823
34.645	735.825	551.676
34.115	735.173	551.270
34.006	734.058	549.536
34.114	732.739	548.929
33.734	731.664	548.377
34.930	730.803	549.780
34.498	730.226	551.431
34.710	729.797	551.934
34.887	729.702	552.702
34.747	729.281	553.199
35.043	729.748	552.768
34.744	730.107	552.047
34.680	729.744	552.151
34.302	729.763	551.266
35.071	729.142	551.519
35.118	728.906	552.756
34.961	729.672	553.908
34.951	730.344	553.098
34.281	730.115	550.888
34.611	729.530	549.795
34.436	730.553	549.679
34.593	731.365	550.169
34.309	731.885	550.100
34.458	732.276	550.215
34.887	733.405	549.781
34.955	734.522	548.990
34.714	735.844	549.034
34.568	735.052	550.353
34.830	734.118	550.703
34.404	734.813	551.459
34.387	734.076	550.633
34.781	735.231	548.258
34.519	734.897	546.516
34.530	734.513	547.752
34.305	734.032	549.703
34.547	734.092	551.421
34.509	734.652	551.309
34.620	734.187	551.319
34.532	735.733	551.155
34.728	735.379	551.865
34.669	735.909	552.622
34.831	736.456	552.792
34.641	736.503	552.441
34.782	736.203	552.913
34.790	735.084	553.863
35.245	734.612	554.067
34.600	734.291	554.574
35.248	733.702	555.707
34.857	733.369	555.605
35.199	734.366	555.225
35.099	733.968	554.625
34.807	733.819	553.237
34.388	733.878	551.861
34.763	734.043	551.384
34.529	734.576	551.135
34.925	735.665	550.519
33.971	735.172	549.678
34.601	734.296	550.345
34.603	734.686	550.982
34.379	735.913	551.585
34.615	736.730	552.307
35.050	736.058	552.872
34.933	735.356	554.023
34.453	735.038	553.551
34.688	734.634	553.733
34.916	734.939	554.051
34.796	733.891	555.070
34.992	733.182	555.745
35.339	732.986	556.443
35.210	732.880	556.136
35.325	731.824	556.919
35.349	731.892	556.944
35.009	732.008	556.241
35.044	731.539	556.015
35.035	732.693	555.699
35.145	733.322	555.563
35.174	733.441	555.937
34.613	732.593	554.838
33.871	731.678	553.089
34.460	732.107	552.007
34.484	732.944	550.848
34.621	733.713	551.745
34.702	734.408	552.842
34.820	735.549	553.216
34.738	736.246	553.412
34.636	735.135	553.610
34.847	734.752	553.444
34.611	734.979	553.509
34.669	735.942	554.479
34.524	736.115	553.446
34.611	735.911	552.269
34.503	735.430	552.032
34.559	734.117	552.450
34.985	733.455	552.903
34.782	733.050	552.670
34.505	733.082	552.026
34.211	733.060	550.354
33.985	732.670	548.287
34.725	733.327	547.585
34.468	732.093	548.823
34.551	731.742	551.154
34.762	731.565	552.372
34.876	732.008	553.696
35.067	732.655	554.941
35.138	732.300	555.739
34.989	732.463	556.104
34.934	732.559	555.837
35.309	733.449	555.979
35.253	732.531	555.745
35.129	732.360	557.089
35.071	731.216	557.771
34.661	731.222	557.196
34.996	731.564	555.694
34.561	732.189	554.924
34.217	730.847	554.200
34.628	731.161	553.095
34.209	730.661	550.792
35.009	730.782	551.712
35.066	730.272	553.583
34.811	730.253	554.263
34.688	729.693	553.855
34.939	730.227	554.913
35.090	730.960	555.381
34.896	731.926	553.875
34.819	732.411	553.324
34.999	732.785	552.969
34.857	732.961	553.347
34.508	732.344	553.416
34.571	730.956	553.438
35.297	729.291	554.082
35.032	729.013	554.639
35.057	729.384	556.552
34.887	729.419	557.506
34.959	730.054	557.859
35.135	731.171	557.106
34.695	732.365	556.715
34.617	732.768	555.447
34.987	733.450	554.804
34.713	733.127	554.204
34.671	734.539	552.143
34.510	734.722	551.008
34.505	734.925	550.341
34.555	734.961	551.915
34.816	735.022	552.296
34.816	734.456	552.779
34.618	733.474	553.649
34.587	734.070	553.859
35.024	735.536	553.298
34.844	735.765	553.732
34.771	735.303	553.973
34.740	733.188	553.276
34.864	732.125	554.266
35.045	731.808	554.451
35.197	731.630	554.214
35.075	731.843	554.027
35.116	732.967	553.912
34.609	734.208	554.408
34.320	736.714	553.837
34.160	738.321	554.377
34.550	738.287	555.496
34.662	739.016	554.664
34.855	740.797	552.642
34.556	740.325	551.725
34.550	739.018	551.937
34.355	738.558	552.244
34.459	738.487	552.839
34.452	736.855	552.914
34.560	736.403	553.018
34.301	735.402	551.840
34.818	735.347	551.527
34.413	735.807	550.963
34.791	735.455	551.517
34.614	735.539	552.414
34.469	734.949	551.859
35.096	734.726	553.324
35.103	734.764	554.054
34.827	733.638	554.503
34.737	733.392	554.073
34.695	734.114	552.103
34.734	734.846	551.465
34.652	734.081	551.891
34.916	734.276	552.270
34.505	733.926	552.427
34.427	733.607	552.606
34.956	734.274	552.281
34.615	734.701	550.565
34.769	735.629	550.484
34.559	736.523	549.940
35.164	735.911	550.571
34.408	735.453	551.317
35.315	735.119	551.705
34.637	736.070	551.237
34.630	735.922	551.210
35.083	735.848	551.012
34.914	736.249	551.463
34.622	736.441	551.025
34.278	736.108	551.372
34.851	734.932	552.587
33.786	735.787	552.007
34.090	735.780	551.123
34.065	734.741	550.065
34.589	734.746	548.832
34.868	734.956	547.833
34.846	734.720	546.723
34.713	735.049	548.361
34.413	734.577	548.226
34.562	733.419	549.104
34.843	733.613	549.039
34.239	733.796	550.111
34.355	733.138	551.250
34.847	733.324	551.708
34.971	733.303	551.684
34.746	734.596	550.051
34.535	735.134	549.969
34.414	734.611	550.284
35.050	735.556	548.607
35.030	736.593	548.222
34.858	736.589	547.825
34.302	734.824	549.622
34.203	733.409	550.951
34.875	733.593	550.433
34.408	734.192	548.182
34.517	733.514	548.313
34.594	733.630	548.345
34.916	732.859	549.583
34.735	733.310	549.558
34.893	733.740	549.147
34.988	734.448	548.303
34.340	733.171	550.135
34.554	733.991	551.366
34.193	735.112	552.612
34.566	736.372	552.752
34.829	737.140	553.621
34.933	736.630	553.765
34.774	737.222	553.496
34.742	737.742	552.506
34.934	736.857	553.186
34.531	736.146	552.594
34.578	736.691	552.218
34.703	736.176	553.208
34.374	736.165	553.273
34.872	736.151	553.600
35.017	735.701	554.058
34.549	734.218	553.920
34.518	732.799	554.119
34.718	731.838	554.819
35.047	732.622	554.111
34.769	732.914	553.518
34.654	732.768	553.416
34.386	732.212	552.648
34.627	730.660	553.178
34.456	729.290	552.914
34.926	729.760	553.107
35.211	730.920	553.159
34.733	732.477	552.193
34.818	733.428	552.275
34.813	733.471	552.532
34.785	732.511	553.359
34.935	732.042	554.541
35.524	731.469	556.041
35.713	730.215	557.238
35.135	730.795	557.458
35.238	732.130	556.409
34.989	732.422	555.048
34.854	732.137	554.784
34.807	731.435	554.258
35.153	731.516	554.263
34.773	731.226	553.504
34.859	731.778	553.447
34.456	732.147	552.531
34.621	732.311	552.279
34.950	732.328	552.478
35.020	731.668	552.491
34.961	731.114	553.207
34.356	730.854	552.020
34.406	730.041	551.512
34.816	729.944	552.392
34.761	730.125	551.556
34.551	729.334	551.968
35.296	728.490	552.311
35.075	728.672	551.789
35.330	729.454	551.344
34.762	728.696	550.659
35.573	728.785	551.443
35.306	728.910	551.518
35.126	728.830	553.068
35.299	728.539	551.930
34.793	728.907	551.507
35.049	729.646	552.183
35.022	729.909	552.313
34.883	730.143	552.228
34.735	731.246	551.464
34.676	733.198	550.285
34.436	733.826	550.612
34.616	734.125	552.332
34.749	734.387	552.610
34.654	735.106	553.579
34.863	735.829	554.660
34.907	736.589	554.272
34.611	737.260	553.219
34.637	736.455	552.685
34.523	735.872	551.992
34.627	735.882	551.776
34.326	735.060	551.282
34.459	734.233	551.849
34.712	733.441	552.148
34.602	732.493	551.193
34.106	732.152	549.111
34.577	731.840	548.107
34.707	731.750	548.870
34.526	732.193	549.509
34.836	731.811	550.129
34.728	732.432	550.493
34.233	732.598	550.498
34.790	732.799	551.131
34.632	733.795	551.776
34.937	734.024	552.015
34.647	734.050	552.464
34.497	733.587	552.156
34.718	734.195	552.152
34.793	733.889	553.059
35.174	733.995	553.551
35.037	733.780	554.533
34.891	733.045	555.595
35.296	733.721	555.686
34.669	733.299	555.071
35.471	733.799	554.316
34.930	733.584	554.300
34.797	733.750	554.494
35.186	733.675	554.442
34.725	732.578	554.027
35.040	732.259	554.042
34.651	732.539	553.335
34.765	732.700	552.702
34.571	733.250	551.909
34.320	733.275	550.296
34.853	733.158	550.123
34.777	734.135	549.766
34.459	734.372	550.823
34.558	734.546	551.216
34.581	734.724	551.664
34.688	734.588	552.532
34.474	734.479	552.813
34.801	733.696	552.608
35.133	734.344	552.990
34.463	734.134	551.936
35.034	734.605	551.752
34.991	734.892	551.729
34.384	734.746	550.468
34.812	734.735	550.268
34.494	734.636	551.037
34.478	734.746	551.827
34.700	735.053	552.034
34.875	734.518	552.839
34.766	735.565	553.401
34.776	735.046	553.082
34.751	734.510	552.525
34.933	733.641	552.736
34.539	734.156	552.227
34.341	733.596	551.793
34.350	734.206	550.948
34.886	733.223	551.530
34.762	733.905	551.200
35.095	733.995	551.828
34.571	734.683	552.143
34.834	734.652	552.809
35.079	733.857	554.653
35.197	733.604	555.745
35.225	734.491	556.070
35.199	735.473	555.727
34.913	736.377	555.904
35.175	736.173	555.477
34.684	736.461	555.202
34.800	735.834	555.154
34.878	735.501	554.328
35.177	735.669	554.812
34.709	736.261	554.105
35.155	736.560	554.111
34.627	736.725	554.709
34.700	736.870	554.186
34.807	736.361	554.716
34.970	736.256	555.357
35.007	735.766	555.062
34.912	735.652	555.134
34.939	735.310	554.788
34.908	734.954	553.786
34.488	735.112	553.526
34.968	735.124	554.391
34.888	735.150	554.150
34.618	734.529	553.642
34.886	734.689	553.773
34.911	735.911	552.206
35.204	736.971	551.642
34.999	737.193	551.761
34.586	735.556	552.397
34.397	734.615	552.501
34.752	733.942	553.383
34.782	733.412	552.463
34.820	734.274	550.728
34.691	734.383	550.832
34.956	733.534	551.662
34.479	734.851	550.853
34.195	735.217	550.408
34.468	733.546	550.134
34.704	732.864	551.303
34.678	732.546	551.436
34.962	731.771	551.201
34.699	731.480	551.767
34.608	731.572	552.035
34.811	731.926	553.210
34.771	732.580	553.957
34.760	735.407	552.846
34.630	736.253	552.992
34.135	736.413	554.848
34.336	739.091	554.313
34.707	740.743	553.891
34.785	739.925	553.206
34.916	738.598	553.659
34.781	738.334	553.798
33.749	735.117	552.549
34.537	734.046	553.059
34.202	734.325	551.402
34.899	734.823	550.705
34.370	735.055	550.919
35.025	733.835	552.663
35.108	733.752	553.123
35.106	734.068	553.398
34.665	734.057	554.241
35.049	733.564	554.894
35.150	734.118	555.258
34.936	733.931	555.387
34.679	734.278	554.285
35.121	734.417	554.024
35.100	734.306	554.600
35.202	734.894	555.304
34.795	734.937	554.353
35.268	734.734	554.499
35.089	734.642	555.247
35.023	734.373	555.913
34.952	735.062	555.024
34.900	735.008	555.340
35.117	734.118	555.271
34.976	732.643	555.428
35.337	732.326	555.895
35.076	732.017	557.016
34.769	730.795	556.877
34.916	730.175	556.834
34.849	730.745	554.667
34.525	730.261	554.937
34.930	729.430	554.461
35.007	728.660	555.018
35.000	728.043	555.452
35.485	728.083	554.464
35.020	729.034	552.690
34.953	730.655	551.940
34.843	731.434	551.837
34.836	731.929	551.427
34.701	731.544	552.020
34.717	731.604	551.788
34.572	731.422	551.977
34.905	731.922	550.797
34.744	731.963	550.972
34.591	731.571	551.053
34.551	730.518	551.722
33.984	730.136	550.437
34.875	728.734	549.462
34.907	728.694	550.600
35.319	729.160	551.000
34.929	730.144	551.142
34.838	730.585	551.506
35.304	731.701	552.143
34.708	732.591	552.516
34.390	733.660	551.601
34.023	733.192	550.655
34.664	732.856	551.010
34.795	733.648	550.523
34.890	734.193	551.070
34.431	734.114	550.756
34.810	733.802	551.101
34.434	734.411	549.589
34.540	735.422	547.640
34.535	735.015	547.938
35.024	735.599	547.626
34.656	736.162	547.330
34.655	735.052	548.219
34.469	734.822	548.282
34.657	734.252	548.352
34.643	733.301	548.606
34.724	733.070	549.310
34.446	732.925	550.100
34.277	732.413	551.680
35.357	731.830	552.830
35.213	731.554	553.169
35.287	731.969	553.949
35.569	731.471	555.088
35.228	731.992	555.349
34.870	732.676	556.242
35.177	733.200	555.784
35.074	734.002	556.041
35.203	734.453	556.761
35.515	733.047	557.184
34.813	732.332	557.014
35.207	732.901	556.192
34.946	733.532	556.626
34.724	733.518	557.728
35.056	734.367	557.523
34.857	735.111	556.629
34.647	735.347	555.281
34.724	734.262	554.076
35.061	734.674	553.735
34.733	735.038	553.635
34.500	734.641	554.283
34.123	735.384	552.138
34.361	735.130	551.497
34.542	735.283	550.601
35.034	736.783	549.529
34.607	736.089	549.114
34.412	734.737	548.488
34.593	733.773	548.559
34.888	733.117	550.291
34.822	732.424	550.550
34.704	731.231	552.605
34.233	729.817	552.402
34.712	730.118	551.826
34.902	730.260	552.325
34.957	729.631	551.637
34.603	730.339	550.537
34.478	731.466	549.113
35.065	731.905	547.949
34.703	732.450	548.749
34.466	732.475	548.476
34.903	731.925	548.410
34.284	731.785	549.182
34.464	731.802	549.547
34.411	732.739	550.639
34.374	731.602	551.112
34.176	732.196	549.473
34.562	731.007	549.387
34.605	731.030	548.997
34.638	731.348	548.897
34.666	731.362	548.839
34.784	730.441	550.504
34.764	731.678	549.711
34.815	732.514	549.865
34.587	734.022	548.937
34.502	733.787	549.543
34.656	734.492	550.651
34.659	733.996	551.809
34.746	734.117	551.669
34.501	733.484	551.014
35.100	733.713	550.930
34.734	734.011	551.446
34.923	733.036	551.834
34.210	733.127	551.847
34.567	732.892	551.765
34.514	732.844	549.964
33.953	731.436	549.703
34.927	730.824	550.539
34.639	731.342	550.528
34.510	730.435	550.917
35.029	729.385	551.030
35.361	728.966	550.818
35.097	730.662	550.708
34.423	732.300	550.781
34.444	733.850	550.810
34.698	735.478	551.546
34.697	735.835	552.213
35.035	735.938	552.586
34.827	735.518	553.446
35.072	735.994	553.698
34.524	736.096	554.791
34.881	737.054	554.419
35.070	735.928	553.433
34.409	735.023	551.554
34.154	735.421	549.138
34.465	734.070	548.624
34.766	734.091	549.350
34.393	733.164	550.467
34.805	734.620	549.371
34.839	734.894	549.121
34.758	734.634	549.756
34.722	734.662	550.673
34.527	734.620	551.292
34.889	735.432	551.119
34.504	735.225	551.974
34.668	735.206	552.104
34.890	734.241	552.497
35.052	733.073	553.759
35.129	733.174	554.270
34.999	734.121	554.320
35.141	734.061	554.435
34.914	735.203	552.868
34.572	736.010	551.398
34.847	735.125	550.871
34.553	733.670	550.688
34.186	733.254	550.512
34.607	732.774	551.426
34.621	733.176	552.924
34.343	732.938	552.983
34.648	732.799	553.118
34.816	733.202	552.324
35.244	733.188	553.444
35.370	732.909	553.662
35.230	732.443	554.463
34.694	732.122	553.165
34.761	732.047	551.970
34.664	731.512	552.262
35.249	732.179	551.839
34.988	731.091	552.807
34.931	730.600	553.727
35.115	730.859	554.473
35.085	731.042	554.627
35.276	731.615	554.780
34.810	731.978	553.938
34.931	730.385	553.997
35.232	729.786	553.926
35.377	729.877	553.915
35.192	730.555	553.623
35.320	731.871	553.584
34.976	732.936	553.288
34.722	732.971	553.182
34.264	731.830	552.162
34.246	731.688	550.631
34.508	731.692	550.943
34.541	731.752	550.742
34.889	731.200	551.914
35.187	729.757	552.817
35.185	729.502	553.980
34.608	729.415	553.589
35.185	728.502	554.064
34.979	729.308	553.409
35.045	729.705	552.130
35.014	730.670	551.251
34.672	730.758	551.724
35.010	731.641	551.753
34.577	731.867	551.542
34.399	731.947	551.188
34.819	731.181	550.839
34.848	730.315	551.751
35.283	729.701	552.014
34.975	729.552	551.815
35.279	730.600	551.747
35.045	731.121	551.817
35.350	730.831	552.899
34.708	731.605	553.819
35.279	731.870	553.813
34.770	731.740	554.186
35.065	731.989	553.572
34.957	732.072	554.077
35.041	732.499	554.315
34.981	733.136	554.014
35.428	733.599	554.145
34.896	733.373	554.155
35.189	732.361	554.650
35.215	732.104	555.413
34.569	731.635	553.864
34.635	731.236	552.824
34.573	730.386	552.312
34.442	730.276	550.284
34.945	729.571	549.841
35.008	730.216	549.854
34.936	729.524	549.727
34.844	729.674	550.609
35.174	729.382	551.080
34.808	728.372	550.307
35.072	727.431	550.474
35.391	726.013	550.341
35.740	724.757	551.342
35.639	724.520	551.257
35.389	724.522	552.143
35.326	725.875	552.013
34.890	726.521	552.224
34.962	728.519	550.919
35.226	730.070	550.625
34.871	730.805	550.128
35.074	730.700	550.801
35.211	729.728	551.798
34.938	728.251	552.787
35.720	727.260	553.570
35.758	727.322	553.985
35.736	727.375	552.627
35.566	727.196	553.244
35.555	727.836	553.037
35.095	729.270	552.426
34.967	730.575	551.137
34.869	732.395	551.561
35.024	732.786	552.935
35.243	732.478	553.293
35.404	732.631	553.961
35.568	733.243	554.481
34.982	734.355	553.303
35.140	733.966	553.349
35.306	735.432	551.967
35.049	735.052	552.429
35.360	734.561	551.636
35.223	735.235	551.851
35.223	734.380	552.840
35.034	733.504	553.324
34.871	731.638	553.023
34.846	730.737	553.726
35.115	730.583	553.525
34.583	730.930	552.213
35.225	730.957	552.651
35.276	730.427	553.658
35.221	730.685	554.213
35.350	730.539	554.742
35.544	731.478	555.171
35.209	731.623	554.607
34.940	732.092	554.257
35.171	731.528	554.480
35.219	731.240	554.524
35.504	730.867	555.352
35.633	730.404	556.273
35.522	731.085	555.979
35.820	731.321	556.652
35.326	732.823	557.044
35.763	733.862	557.455
35.444	733.268	557.275
34.878	733.259	556.419
35.486	733.362	556.308
35.715	732.147	556.758
35.193	731.946	556.657
35.113	732.322	557.214
35.074	732.690	556.111
34.831	732.677	554.894
35.272	732.443	555.366
35.540	732.412	555.474
35.676	732.286	555.282
35.265	733.623	555.895
35.190	734.474	556.995
35.704	733.743	557.466
35.527	734.794	556.377
35.595	734.500	556.773
35.589	734.070	557.302
35.249	734.349	557.494
35.765	733.778	557.571
35.115	733.680	557.342
35.043	734.329	555.519
35.546	733.474	554.626
34.977	733.120	553.841
34.767	733.783	552.908
34.616	733.510	552.357
35.100	732.901	552.101
35.202	733.240	552.143
35.333	732.787	553.234
35.087	733.143	553.990
34.772	733.132	553.949
35.172	732.418	554.286
35.368	731.769	553.937
34.623	732.231	552.660
34.553	732.399	550.314
34.705	732.287	549.538
34.405	732.204	550.257
34.985	731.068	550.702
34.726	732.631	550.810
34.810	734.427	551.123
34.363	735.516	551.640
34.838	736.292	552.713
34.934	737.207	552.843
34.820	739.047	552.463
34.621	739.459	552.556
35.212	739.327	553.159
35.214	739.111	552.427
34.707	738.900	551.189
34.750	737.251	551.070
34.729	736.040	550.912
34.957	734.559	550.906
34.706	733.273	551.876
34.953	732.818	552.356
35.039	734.009	551.418
34.292	734.315	552.135
34.692	734.367	553.134
35.042	734.791	552.579
35.043	735.364	551.880
34.931	735.755	551.007
34.971	735.529	551.729
34.815	735.838	552.187
34.599	734.774	552.266
34.729	734.252	552.446
34.691	734.369	551.652
35.042	733.587	551.661
35.022	735.081	551.192
34.713	734.425	551.149
34.838	735.542	549.588
34.683	736.006	550.292
34.602	734.762	551.354
34.914	733.596	552.682
34.743	734.516	553.919
34.829	735.328	555.302
35.256	735.334	555.350
35.122	735.447	554.895
35.271	735.677	554.244
34.793	735.940	553.078
35.079	736.293	552.678
35.132	735.451	552.754
35.292	735.687	552.322
34.828	735.076	552.704
34.944	734.552	553.060
34.572	734.737	551.583
34.898	735.582	550.846
35.046	735.661	551.241
35.016	735.628	550.973
35.053	734.919	551.572
34.945	734.624	552.577
34.648	734.435	552.950
34.282	733.995	551.103
34.305	733.010	550.566
34.743	732.694	551.190
34.980	734.018	550.807
34.859	734.689	550.722
34.749	734.246	551.590
34.676	734.428	552.237
34.946	734.976	551.061
34.503	733.718	550.309
34.770	732.905	550.653
34.806	732.371	551.727
34.565	730.999	552.771
34.907	730.409	553.775
35.270	729.490	554.122
35.027	728.062	552.920
35.693	728.007	551.985
35.108	728.457	551.243
35.464	728.344	550.734
35.249	728.487	550.503
35.021	728.813	550.807
35.065	729.174	551.256
34.991	729.695	549.406
34.745	730.511	547.619
34.845	732.134	546.514
34.855	732.231	547.557
34.741	731.278	549.210
34.910	730.980	548.707
34.915	731.210	548.771
34.637	730.806	549.020
34.664	730.474	548.396
34.894	729.895	549.085
34.814	730.531	549.607
35.016	730.663	551.273
35.129	732.024	550.653
34.766	734.085	549.996
34.647	734.934	550.322
34.907	734.349	551.268
34.675	733.727	551.142
34.801	734.505	551.410
35.031	735.139	551.137
34.589	734.808	551.812
34.373	735.150	551.501
34.843	733.803	551.984
34.126	733.058	551.820
34.461	732.464	551.168
35.222	730.944	552.926
35.193	730.724	554.388
35.186	730.181	555.766
34.998	730.533	555.824
34.868	729.806	556.349
35.389	730.874	555.837
35.363	731.828	555.767
35.434	732.587	555.529
35.470	732.940	556.014
35.408	732.459	556.646
35.516	732.644	557.276
35.881	732.392	557.921
35.629	732.224	558.510
35.212	731.700	558.441
35.178	731.985	557.692
35.008	733.892	556.221
35.008	734.448	554.937
34.791	734.227	554.258
35.036	733.741	554.343
34.928	734.363	553.840
34.997	734.835	553.181
34.936	735.347	552.523
34.773	735.668	553.374
34.721	735.946	553.434
34.381	736.141	552.088
35.154	735.517	552.660
35.010	736.056	553.325
35.095	735.357	553.343
34.846	735.350	552.749
34.683	734.737	551.949
34.916	736.065	550.830
34.739	735.490	552.133
35.018	734.412	552.741
35.245	733.107	554.492
35.232	732.693	554.772
34.931	732.772	555.780
35.587	731.807	556.094
35.242	732.028	556.911
35.126	732.056	555.733
34.746	730.746	555.710
34.826	731.050	554.644
34.789	730.354	553.750
35.223	729.578	553.992
35.275	729.075	554.239
35.365	728.494	553.513
35.552	727.794	554.245
35.262	728.688	553.272
35.541	729.297	552.828
34.834	729.752	552.043
34.938	728.675	551.602
34.943	729.063	550.214
35.138	728.684	549.735
35.171	728.374	550.402
34.888	729.099	549.181
34.931	730.131	548.347
34.955	730.046	549.321
34.410	730.822	550.236
34.943	732.594	550.464
34.647	733.164	550.684
34.718	733.906	551.082
34.950	733.985	551.046
34.480	733.858	550.325
34.843	732.597	551.563
35.016	732.927	552.548
34.949	733.285	553.433
34.493	732.730	552.927
35.069	732.394	553.762
35.417	731.602	554.274
35.033	731.165	553.961
35.036	731.816	552.664
35.156	732.224	551.976
34.838	733.356	551.697
34.527	733.762	550.517
34.628	734.098	549.976
34.728	734.070	550.474
34.802	733.759	550.818
34.589	733.030	551.303
34.094	731.529	550.566
34.466	730.855	550.394
35.058	731.365	550.052
34.938	732.412	548.837
34.798	731.638	550.058
34.741	731.809	551.078
34.544	731.913	551.460
34.915	732.365	550.875
34.669	732.013	550.430
35.094	731.313	549.866
34.858	732.016	550.204
34.416	731.732	550.633
33.940	730.830	550.936
34.031	729.709	549.883
34.787	729.821	548.786
35.025	729.564	549.649
34.703	728.582	550.437
34.821	728.586	549.342
35.303	728.893	549.097
34.980	729.703	548.755
34.903	729.862	549.426
34.620	731.434	548.984
34.776	732.035	548.847
35.019	731.517	549.629
34.747	731.615	549.499
34.889	732.572	547.090
35.208	733.235	545.890
34.835	732.365	545.593
34.626	731.956	545.718
34.155	730.523	545.243
35.073	730.398	545.094
34.780	729.694	546.688
34.815	730.064	548.240
34.594	729.669	549.080
35.083	730.267	550.109
35.053	729.761	551.815
35.050	730.302	552.659
35.314	730.394	553.245
35.031	730.234	553.463
34.830	731.749	552.232
35.159	731.548	552.849
34.879	732.204	552.991
35.363	732.320	553.214
35.190	732.329	553.336
35.197	732.409	552.734
35.007	732.019	552.921
34.763	731.671	553.270
34.728	731.953	552.613
34.347	732.435	550.311
34.808	732.813	550.324
34.909	734.497	549.958
34.739	735.550	550.194
34.777	736.550	549.480
34.983	735.882	550.305
34.864	735.545	550.513
34.590	735.137	551.556
34.664	734.415	552.844
34.903	733.961	552.416
34.918	733.961	553.278
35.223	733.694	554.391
35.197	734.824	553.570
34.967	735.241	554.107
35.149	734.922	554.589
35.283	735.099	555.653
35.313	734.869	554.282
35.090	735.006	552.917
34.662	735.016	551.462
34.634	734.340	550.944
35.326	735.335	549.162
34.884	735.264	547.720
35.139	735.979	546.340
35.004	735.810	544.963
34.526	735.792	545.565
35.086	735.799	546.763
34.879	736.605	547.104
34.714	735.982	547.247
34.769	735.205	547.210
34.760	734.539	546.635
34.849	734.596	546.360
35.029	733.811	547.449
35.124	734.057	546.896
34.956	733.918	546.950
34.978	734.644	545.833
35.033	733.935	546.922
34.418	732.912	548.690
34.753	732.849	550.458
34.866	732.843	551.409
35.149	732.704	551.802
34.955	731.019	553.068
35.232	729.679	554.093
35.076	728.646	554.504
34.785	727.648	553.795
35.299	727.366	552.887
35.425	727.687	552.929
35.448	729.688	552.081
34.577	731.601	552.036
35.003	732.782	552.000
34.929	732.839	552.263
34.915	733.019	552.575
34.415	732.260	552.131
34.475	732.227	551.296
34.396	732.107	550.740
34.748	733.379	550.377
34.881	733.640	550.188
34.834	732.954	551.612
35.181	732.995	552.414
35.133	732.685	552.155
34.983	732.878	551.812
35.002	733.627	551.055
34.830	733.818	550.581
34.803	733.784	551.935
34.921	733.398	553.676
35.170	733.737	553.794
34.477	733.286	552.968
34.462	732.995	551.706
33.917	731.875	550.952
34.341	731.376	548.771
34.689	730.100	548.532
35.207	729.773	548.937
35.013	730.547	549.064
34.600	731.313	549.987
34.669	731.452	551.733
34.292	733.000	552.593
35.232	733.764	552.796
34.684	735.696	552.253
35.076	735.930	551.857
35.049	736.719	551.505
34.776	736.255	552.156
34.855	736.443	552.262
34.892	735.989	553.238
34.980	736.398	553.435
35.157	735.175	554.944
35.384	733.831	555.930
34.978	733.942	555.909
35.185	734.227	554.720
35.094	735.010	554.365
34.990	734.618	555.257
35.468	734.521	555.379
34.938	733.976	554.820
34.957	733.266	554.756
35.369	732.378	555.161
35.157	731.729	554.930
34.713	731.969	553.585
34.755	732.029	552.758
34.772	731.198	553.100
35.135	730.411	552.819
35.076	729.706	552.568
35.095	730.186	552.670
34.326	730.678	551.396
34.864	731.398	550.495
35.073	731.267	550.416
34.880	732.437	549.669
34.545	732.383	549.879
34.819	732.148	549.343
35.080	731.403	550.455
35.049	731.108	551.039
35.314	731.010	551.369
35.202	729.895	551.950
35.443	729.892	551.369
35.034	729.955	552.241
35.206	730.725	552.205
35.230	731.378	553.178
35.150	731.331	553.512
35.191	732.011	554.680
35.331	732.472	555.568
35.202	733.174	555.900
35.570	732.920	556.132
35.395	733.004	556.156
34.873	732.598	555.083
34.573	731.922	554.414
34.679	731.206	553.570
35.142	731.244	554.432
34.867	731.514	553.447
34.472	731.888	552.273
34.523	731.224	552.104
34.536	730.356	551.382
35.231	729.423	551.406
35.506	729.218	552.066
34.783	729.432	553.199
35.412	730.419	552.342
34.893	731.282	552.463
34.522	732.682	552.979
34.512	734.965	553.627
35.373	734.929	554.791
35.434	735.563	555.331
35.138	735.331	555.340
35.117	734.784	555.378
35.314	734.826	555.141
35.461	734.696	555.143
35.504	734.854	555.127
35.034	734.752	555.014
35.169	735.190	555.669
35.284	735.162	555.869
35.578	734.460	556.157
35.383	733.780	556.576
35.305	734.464	557.221
35.442	734.187	556.906
34.789	733.550	556.915
35.197	734.035	556.858
35.376	734.493	556.468
35.021	735.130	555.871
35.218	736.405	555.105
34.517	737.234	554.933
34.830	738.952	554.294
34.898	739.518	554.820
34.661	739.185	555.341
34.887	738.105	555.116
34.546	736.927	553.941
34.182	736.816	552.993
34.478	736.938	553.142
35.069	736.204	553.529
34.977	734.433	553.713
35.091	733.762	553.380
34.651	734.274	552.529
34.758	733.469	552.815
34.803	733.526	551.702
34.170	732.543	551.810
34.793	732.910	552.252
35.011	733.320	552.090
34.618	733.427	551.719
35.228	733.103	552.305
34.968	734.031	551.152
35.019	733.917	551.016
34.898	734.534	551.280
34.820	735.419	551.259
34.681	735.000	551.049
34.426	734.262	550.814
34.771	732.932	551.261
34.685	733.367	550.184
34.703	733.547	549.835
34.731	733.648	548.880
34.508	733.165	548.863
35.037	733.793	547.135
34.787	732.989	547.395
34.605	732.532	548.393
34.832	732.486	548.336
34.827	732.360	548.408
35.024	731.511	549.168
34.930	731.033	550.063
34.444	730.389	550.402
34.853	729.448	551.226
35.619	728.370	551.802
35.263	728.559	552.707
35.321	730.130	551.999
34.972	730.873	551.438
34.994	731.067	551.637
35.190	731.721	551.840
34.946	733.597	550.963
34.840	734.750	550.227
35.119	735.927	547.683
34.701	736.533	545.610
34.778	737.327	545.450
35.258	736.433	546.104
34.956	735.479	546.913
34.658	734.241	546.730
35.165	733.348	548.460
34.803	732.762	549.194
34.776	733.357	549.666
34.683	733.852	551.003
35.093	733.742	550.977
34.527	733.134	552.279
34.514	733.030	551.548
34.769	733.630	551.236
34.307	733.261	550.549
34.839	732.673	551.642
35.027	732.977	552.356
34.864	732.198	551.981
34.204	731.666	551.108
34.617	732.112	549.863
34.935	731.401	550.913
35.066	730.813	551.334
35.184	730.540	551.581
34.932	730.659	551.812
35.191	730.124	552.492
35.211	728.954	552.668
35.421	728.926	553.165
35.889	728.861	553.933
35.655	729.331	554.937
35.566	728.323	556.068
35.564	727.784	556.116
35.288	728.548	556.827
35.631	729.151	557.138
35.342	729.545	556.368
34.989	730.316	554.733
34.954	730.561	554.232
35.004	731.352	553.432
35.221	731.793	552.507
35.198	733.197	552.177
34.794	733.084	551.336
34.882	734.022	550.338
35.220	734.799	548.741
35.001	734.260	549.474
35.009	734.581	549.607
34.617	735.002	549.504
35.322	735.464	550.288
34.887	735.975	549.111
35.022	735.167	550.410
34.824	734.808	550.553
34.757	734.133	551.523
34.669	733.514	552.015
34.819	734.138	551.400
34.785	734.077	550.904
34.967	734.171	550.760
35.035	734.641	550.515
34.491	734.616	551.424
34.657	733.807	551.039
34.716	732.512	551.214
34.576	734.277	549.535
34.648	733.443	551.289
34.598	733.253	550.968
34.880	735.074	550.085
35.758	736.011	549.287
34.662	734.765	550.024
34.531	732.998	551.048
34.430	731.956	550.887
35.075	730.927	552.264
35.052	730.971	552.138
35.011	730.907	553.294
35.076	731.722	553.940
35.064	732.320	553.887
34.640	732.675	552.859
34.631	732.616	551.274
34.355	731.984	551.140
34.470	731.125	551.455
34.847	731.281	551.073
35.055	731.987	551.146
34.787	732.073	551.924
34.983	732.347	552.448
34.533	733.053	551.049
34.352	733.379	550.303
34.753	732.508	551.618
35.243	732.888	552.580
35.321	732.376	553.384
35.104	731.981	553.458
34.467	730.637	552.419
34.254	730.578	550.112
34.678	731.819	548.964
34.728	732.626	547.536
35.034	733.420	547.032
34.669	733.067	548.128
35.166	732.406	549.996
34.771	731.460	552.324
35.137	730.367	552.684
34.855	730.564	552.716
35.229	731.377	553.746
34.750	731.314	552.628
35.045	732.039	552.666
34.745	731.587	552.124
34.705	732.992	550.661
34.783	733.043	550.095
34.917	734.462	549.660
34.466	735.227	549.736
34.775	734.954	551.143
34.815	735.789	552.138
35.119	734.961	553.230
34.903	734.987	553.889
34.945	735.103	553.440
34.998	733.394	553.611
34.578	733.425	553.006
34.808	732.638	553.254
35.045	732.655	553.745
35.202	732.571	554.018
34.490	732.268	552.441
34.683	731.818	551.426
34.305	731.078	550.217
34.756	730.465	551.494
35.069	729.136	551.666
35.190	730.153	550.928
34.953	730.551	552.055
35.118	731.637	552.725
34.924	732.794	552.865
35.129	732.676	553.727
35.137	733.237	554.053
35.424	732.941	553.683
34.681	732.806	553.374
35.081	733.222	552.923
34.437	733.017	552.177
34.868	731.932	553.080
34.682	732.738	551.864
34.997	732.786	551.725
34.689	733.554	552.157
34.632	733.895	553.627
35.391	734.044	555.515
35.282	733.150	555.544
35.256	732.917	555.597
34.806	733.493	554.454
35.149	732.472	553.733
34.992	732.296	554.026
34.762	732.673	552.466
34.730	732.931	550.872
34.281	732.264	549.651
34.044	731.596	547.689
34.440	731.368	547.948
34.190	730.432	547.035
34.569	729.144	546.933
35.093	729.356	546.133
34.856	728.362	546.205
34.811	727.228	547.157
34.926	727.198	547.962
35.034	727.227	549.237
34.781	728.136	549.432
35.110	728.700	548.723
35.050	730.263	548.965
35.034	729.944	549.715
34.689	730.219	548.906
34.889	729.964	548.156
34.773	729.666	548.458
34.977	729.712	548.665
34.864	730.587	548.127
34.771	731.006	549.946
34.795	731.341	551.509
35.449	730.964	552.861
35.114	731.198	553.561
35.348	731.538	554.366
35.388	732.728	553.672
34.943	733.344	554.026
34.969	733.415	554.813
34.569	734.952	555.502
34.979	735.933	556.434
34.697	736.417	556.957
35.654	735.476	558.591
35.172	735.654	560.113
35.239	736.063	560.909
35.549	735.694	561.502
35.041	736.232	563.343
35.311	736.718	562.874
35.136	736.835	562.395
35.371	737.082	561.278
35.085	736.871	559.746
35.004	737.188	559.739
35.177	737.475	560.066
34.817	736.526	559.563
34.714	736.437	558.279
34.938	736.263	558.105
35.516	735.836	559.288
35.137	735.890	559.138
35.193	736.906	559.071
34.794	737.451	558.921
35.255	737.939	558.379
34.828	737.416	558.059
34.963	736.635	557.200
35.095	737.228	556.232
34.874	737.127	555.630
34.487	738.209	553.737
35.171	738.977	552.571
34.808	738.249	551.853
34.507	736.960	551.225
34.891	737.515	549.239
34.831	737.786	548.417
34.574	735.894	549.012
34.691	734.605	549.891
34.950	733.725	550.424
34.817	733.557	551.057
34.784	734.443	550.443
34.810	733.926	550.881
34.408	734.554	550.538
34.714	735.393	550.079
34.799	735.403	549.674
34.911	735.025	550.132
34.731	735.293	550.610
34.685	734.738	551.765
34.873	735.734	550.370
35.144	735.708	549.013
35.158	735.620	549.300
34.260	736.215	549.670
34.339	735.515	550.799
35.058	734.413	553.007
35.190	734.026	552.925
34.583	733.787	553.140
34.581	733.500	551.628
34.551	732.858	551.079
34.432	732.851	549.498
34.793	732.237	548.978
34.734	731.518	549.256
34.797	731.354	549.258
35.028	730.086	550.063
35.087	730.211	549.375
34.863	730.905	549.708
34.580	731.925	550.968
35.190	733.061	551.895
35.240	732.434	553.308
35.493	732.103	553.560
34.833	732.341	554.091
34.904	732.759	553.879
35.370	733.114	554.331
34.991	733.127	554.241
35.265	734.185	554.134
35.192	734.253	554.106
35.152	734.552	553.615
34.990	734.805	552.946
34.724	735.953	552.364
35.024	735.873	552.477
35.337	735.448	552.546
34.968	734.873	552.815
34.771	735.001	552.568
34.672	734.971	550.800
34.762	735.508	548.784
34.918	734.809	548.973
34.434	733.262	549.458
34.804	731.065	549.478
35.044	730.360	550.607
35.001	729.372	551.192
35.067	728.665	550.973
35.770	727.272	552.209
35.560	725.967	552.766
36.006	726.005	552.639
35.511	727.098	552.921
35.719	727.448	553.463
35.648	727.220	553.201
35.288	728.125	552.532
35.021	729.856	552.046
35.595	731.258	551.144
34.877	732.324	551.273
34.533	733.130	552.766
35.350	733.982	553.865
34.894	734.222	554.388
35.122	734.689	554.649
34.827	734.380	554.180
35.082	734.504	554.082
35.289	735.083	554.057
35.047	734.628	554.350
34.965	734.269	554.306
34.695	733.553	553.972
35.055	732.850	553.800
34.621	733.254	553.099
34.639	732.910	551.824
34.849	733.541	550.193
34.571	733.705	550.886
34.492	732.547	551.849
34.334	731.091	551.616
34.674	731.352	551.672
34.671	731.599	551.725
34.937	731.941	551.989
34.825	731.690	551.692
34.871	731.171	551.966
34.956	731.726	551.850
34.687	731.875	552.118
35.266	731.790	553.095
35.020	732.363	552.753
35.125	732.021	553.708
35.161	732.359	553.695
34.649	731.986	552.651
34.635	731.882	551.646
34.446	731.984	550.169
34.334	731.332	549.898
34.321	729.896	549.757
34.771	730.127	548.687
35.350	728.181	550.572
35.634	728.998	549.984
35.186	730.094	549.992
35.126	730.340	550.054
35.033	730.169	550.276
34.854	730.371	548.913
35.089	729.499	549.220
34.705	729.035	547.779
35.044	728.661	548.479
35.091	729.232	548.960
34.801	730.187	549.031
34.760	729.782	549.723
35.007	730.349	550.871
34.835	730.811	551.613
34.755	731.415	551.095
35.174	731.448	550.540
35.133	730.855	552.251
35.669	731.079	552.541
34.883	730.920	552.742
35.068	731.287	553.326
35.118	731.143	552.568
34.826	731.610	552.701
35.192	732.866	552.733
35.449	732.807	554.209
35.117	731.268	554.604
35.493	731.068	554.800
34.835	730.804	554.313
35.310	730.710	554.622
35.171	730.800	554.636
34.771	731.687	552.875
35.000	732.300	553.041
35.131	731.569	553.765
34.939	732.564	553.999
34.817	732.200	553.301
35.173	731.903	553.425
35.064	731.352	554.101
35.472	730.320	555.108
35.436	729.873	555.952
35.602	730.295	556.554
35.152	731.806	556.191
35.619	731.278	557.274
35.310	731.767	557.264
35.183	731.091	557.678
35.398	730.801	556.969
35.129	731.525	555.572
34.905	732.727	554.357
35.287	733.818	553.679
34.831	733.894	553.588
34.726	734.567	554.016
35.033	734.090	553.965
35.195	734.182	553.739
34.879	735.313	553.558
34.819	735.344	553.016
35.223	734.465	553.419
34.741	734.427	552.693
34.761	734.341	552.128
35.034	733.634	551.562
35.361	734.418	551.959
35.051	735.122	551.202
34.916	734.268	551.610
35.080	734.531	551.041
34.508	734.886	551.098
34.852	734.372	552.329
34.829	734.520	552.253
35.047	733.631	553.652
34.767	732.794	554.571
35.023	732.722	553.395
34.917	733.280	552.441
35.135	733.047	553.187
35.325	733.619	552.575
34.757	734.265	552.207
34.755	734.302	551.914
34.572	733.803	550.590
34.216	732.785	551.227
34.738	731.728	551.142
34.576	730.835	551.172
35.124	730.053	550.741
34.714	730.462	550.402
34.984	731.623	549.085
34.960	731.583	549.407
34.879	731.679	549.121
34.757	731.377	550.156
35.508	730.166	551.612
35.002	730.123	552.050
35.468	730.056	552.681
34.910	731.154	552.965
35.156	732.157	553.072
34.749	733.347	552.417
35.178	732.670	552.395
34.980	733.444	552.240
35.244	733.431	552.869
35.014	734.056	552.937
34.811	735.429	552.405
35.160	736.215	552.174
35.295	735.826	552.508
34.854	735.466	552.583
34.799	735.013	551.257
34.774	734.873	551.042
34.942	733.720	551.497
34.923	733.341	550.946
34.746	732.406	551.078
34.756	731.418	550.954
34.834	730.892	551.833
35.146	732.073	552.759
34.854	733.581	552.807
35.173	733.742	553.607
35.358	733.876	554.396
35.410	733.624	554.416
35.364	733.384	554.485
35.370	732.803	554.210
35.350	732.928	555.084
35.446	732.781	555.412
35.329	732.438	555.441
35.401	732.444	554.475
35.234	732.619	554.374
35.528	732.985	554.407
35.332	732.720	554.411
35.233	733.101	554.130
34.615	732.071	553.049
34.851	731.552	553.220
34.701	731.861	551.907
34.861	732.117	551.607
34.983	731.736	552.334
34.918	732.491	551.711
34.910	732.905	551.932
34.905	733.100	552.233
34.826	733.394	551.768
34.811	733.773	552.515
35.282	732.381	554.187
35.286	731.133	554.101
34.998	730.870	554.298
35.068	729.747	554.363
35.513	730.136	553.889
35.408	730.780	554.450
35.277	732.120	554.383
35.399	732.704	553.972
34.795	732.271	553.629
34.852	732.158	552.694
34.767	731.613	551.628
34.980	731.018	552.650
34.754	729.365	553.375
35.060	728.380	552.804
35.192	728.310	553.098
34.770	729.354	552.076
35.084	729.667	552.607
35.085	730.296	552.404
35.263	729.900	551.792
35.324	730.183	552.644
35.112	731.145	553.110
34.825	732.031	552.724
35.104	732.551	553.004
35.029	733.108	553.224
34.869	732.472	553.534
35.160	731.826	554.279
35.252	731.824	554.313
34.877	731.938	553.937
34.746	733.137	553.532
35.411	733.207	554.217
34.973	733.536	553.670
35.061	734.494	553.340
34.977	734.395	552.206
35.163	733.595	552.305
35.080	733.461	552.343
34.851	732.793	552.022
34.903	733.082	551.928
34.788	733.112	551.750
34.730	734.064	551.525
35.315	732.719	553.191
35.395	732.185	553.613
34.718	732.466	553.049
35.043	731.253	553.155
35.140	730.197	553.095
34.700	730.518	553.003
35.592	731.174	553.131
34.962	730.586	553.299
35.018	731.729	552.708
35.150	732.256	553.468
35.079	732.612	551.511
35.050	732.537	551.095
35.201	734.446	549.976
35.315	735.719	548.482
35.019	735.865	547.534
34.741	734.651	547.885
34.785	735.712	545.751
34.465	734.634	546.810
35.130	734.949	547.818
34.758	733.594	549.542
34.919	732.211	551.005
34.757	732.470	550.944
34.714	731.036	551.325
34.896	730.553	550.757
34.830	730.036	550.675
34.750	730.406	549.269
34.746	730.108	548.592
35.108	730.313	547.362
35.034	730.036	547.321
34.882	730.120	548.120
35.121	730.551	548.882
34.986	730.214	550.735
35.137	729.654	551.788
35.235	729.599	551.837
35.291	730.654	551.269
34.699	730.293	551.234
35.283	729.485	550.910
35.179	730.024	549.961
34.777	730.758	548.074
34.822	730.377	547.560
35.138	729.955	547.909
34.641	730.385	547.005
34.957	730.339	547.998
35.175	730.110	547.850
35.024	730.056	549.245
35.219	729.940	549.444
34.862	730.081	549.596
34.875	731.100	549.088
35.136	731.638	548.583
34.963	732.807	548.791
35.339	733.570	547.878
34.725	734.215	548.675
35.489	734.814	548.221
34.790	734.745	548.460
35.135	733.075	549.776
35.097	732.458	551.807
35.163	731.398	552.898
35.127	730.494	552.499
35.187	730.835	550.846
34.802	732.410	548.540
34.471	731.731	546.960
34.648	731.633	546.946
34.598	731.354	548.723
34.699	731.313	549.406
34.851	731.528	550.365
34.281	732.607	551.035
35.116	733.374	551.364
34.432	734.194	552.131
34.529	733.890	552.343
34.904	733.563	552.490
34.902	732.467	553.705
35.247	731.836	554.204
35.318	732.174	554.620
35.348	732.233	554.469
35.250	732.254	553.911
35.066	732.016	553.488
34.965	732.330	553.704
35.144	732.276	552.636
35.095	732.058	553.006
34.529	731.089	552.027
34.936	731.150	551.188
34.979	731.537	550.767
34.835	733.353	550.543
34.822	733.472	551.150
35.257	733.666	550.554
34.865	733.735	551.385
34.879	735.088	551.335
34.541	735.754	551.357
34.832	736.491	551.202
35.235	735.399	551.744
35.051	736.032	551.082
34.954	736.623	550.478
35.171	736.336	549.943
35.441	735.096	550.081
34.936	735.091	550.393
35.059	734.392	551.104
34.855	734.290	551.309
34.949	734.534	550.843
34.508	734.196	550.956
35.073	734.973	550.498
35.059	734.993	550.562
34.917	733.737	551.811
34.907	733.405	551.973
34.881	733.150	551.461
34.625	733.341	550.620
35.077	733.521	549.801
34.714	733.589	551.033
34.969	732.580	552.405
34.924	732.391	551.999
35.604	731.088	553.618
35.451	731.011	554.255
35.522	731.523	554.596
35.413	732.492	555.651
35.393	732.758	556.426
35.165	733.975	556.981
35.687	734.722	557.900
35.290	736.010	557.682
34.962	735.354	558.571
35.377	735.055	558.171
34.876	733.649	557.176
35.536	734.891	557.400
35.570	734.493	556.529
35.283	735.041	556.946
35.261	735.429	556.741
35.317	735.927	556.904
35.247	735.671	556.881
34.604	735.315	555.419
35.082	734.720	554.525
35.364	735.155	555.176
35.122	734.396	554.743
35.489	734.224	554.854
35.499	733.882	555.028
34.933	735.628	554.085
34.915	736.660	553.686
34.832	736.947	553.727
35.290	736.353	554.571
34.655	735.305	554.436
35.111	734.732	552.535
34.711	735.198	551.496
35.196	733.895	551.296
34.467	733.136	550.938
35.070	732.694	550.929
35.078	732.684	551.652
35.319	731.722	552.775
35.249	732.026	552.956
35.309	732.547	552.971
35.271	732.207	553.299
35.021	730.669	553.624
35.172	731.243	553.786
35.321	730.763	554.176
35.152	730.670	554.680
35.973	731.420	554.999
35.871	730.614	554.889
35.598	730.652	555.214
35.442	730.068	554.526
35.359	730.769	554.431
35.350	731.776	553.471
35.523	731.934	553.304
35.031	732.586	553.075
35.073	734.113	552.850
35.007	734.873	553.265
35.106	734.789	554.094
35.208	733.924	555.502
35.432	733.531	556.013
35.469	734.431	555.625
35.271	734.342	556.688
35.405	733.937	556.431
35.438	734.237	555.559
35.337	734.682	556.059
35.119	734.770	554.771
35.202	734.980	553.951
35.247	734.253	554.413
35.024	732.860	554.408
35.583	732.877	554.008
35.420	732.578	554.082
34.844	733.082	553.723
35.109	733.002	552.946
35.022	732.428	552.957
35.038	731.996	552.944
35.236	731.985	553.051
35.354	732.354	553.144
35.381	733.016	553.101
35.469	734.407	551.894
34.929	733.951	551.487
34.462	733.306	549.543
35.076	733.478	549.849
34.639	733.720	550.501
35.274	734.284	551.773
34.899	733.495	552.760
35.342	733.027	552.864
35.037	733.241	551.632
35.254	733.688	550.260
34.909	733.218	549.954
34.389	733.601	550.381
34.595	734.848	549.836
34.729	734.313	550.892
34.980	733.888	551.939
35.096	734.118	552.388
34.706	735.366	552.467
34.860	735.065	553.117
35.438	734.423	554.357
35.247	732.658	554.565
34.864	732.207	554.514
35.345	731.746	554.719
34.892	730.191	554.170
34.958	728.723	553.572
34.794	728.497	552.575
35.178	727.497	551.763
35.485	727.163	551.218
35.716	727.244	550.047
34.971	728.049	550.286
34.830	728.871	550.640
34.133	732.148	551.152
34.935	732.846	551.426
35.207	732.999	552.243
35.594	732.968	553.215
35.378	733.130	553.908
35.407	732.954	554.606
35.609	733.583	554.736
35.190	734.402	554.295
35.023	733.867	553.769
35.095	733.854	553.693
34.904	734.487	551.750
34.350	733.591	549.305
34.838	732.573	549.584
34.629	732.454	551.133
34.954	731.709	550.855
34.911	732.637	551.125
35.348	732.734	552.202
35.029	731.475	552.894
35.082	731.826	552.456
35.013	731.299	552.914
34.845	731.747	552.473
35.359	731.501	553.078
35.228	731.498	553.232
34.759	729.762	552.962
34.678	729.900	551.430
35.384	729.943	550.365
34.762	730.412	550.308
34.919	728.589	549.533
35.304	728.509	549.512
35.056	728.517	548.659
35.201	729.036	548.435
35.304	728.851	547.080
35.195	729.143	546.442
35.130	731.093	545.612
35.298	732.413	546.618
35.197	732.408	546.720
35.296	733.507	545.948
35.336	734.807	545.325
35.255	735.075	543.632
35.186	736.367	542.255
35.302	734.996	543.726
35.371	733.646	545.884
34.881	732.924	547.149
34.632	730.998	547.804
34.518	729.785	548.668
34.996	729.775	547.945
35.217	730.326	546.386
35.112	729.949	546.708
35.309	729.861	547.245
35.083	729.635	548.673
35.266	728.861	550.825
35.779	728.207	550.760
35.338	727.719	550.965
35.761	726.952	551.228
35.730	726.359	551.506
35.792	725.953	552.200
35.581	726.136	551.663
35.699	725.495	552.409
35.284	725.891	551.945
35.298	726.947	552.027
35.471	726.918	552.485
35.704	727.713	552.203
35.502	729.094	552.344
34.727	729.329	552.933
35.530	728.622	553.460
34.876	728.655	552.519
34.926	729.549	551.937
34.895	729.603	551.524
35.118	730.185	551.280
34.990	731.695	549.803
34.852	733.297	549.910
34.937	733.538	549.445
35.169	732.688	550.427
34.899	733.119	550.891
34.415	734.018	549.906
34.773	733.750	550.841
34.685	734.088	551.169
34.946	734.158	550.899
34.922	735.568	549.448
35.292	735.414	549.028
34.702	734.038	549.317
34.958	733.123	550.262
35.078	733.452	550.456
34.916	732.932	550.803
35.291	733.179	551.509
34.787	733.568	551.993
34.825	732.758	552.492
34.782	733.139	552.692
35.036	732.481	552.296
34.557	732.627	552.112
34.917	732.973	552.127
35.288	733.163	552.377
34.647	733.607	550.946
35.150	734.150	551.582
34.730	735.158	550.963
35.242	734.283	552.545
35.379	733.323	554.367
35.616	733.094	554.745
35.542	733.613	554.898
35.419	734.504	554.897
35.510	733.348	555.951
35.339	733.360	555.216
35.451	733.799	554.833
34.794	733.429	553.864
34.531	731.762	553.061
35.231	732.474	552.551
35.081	732.696	552.522
35.014	733.601	552.243
34.504	733.010	551.820
34.638	731.887	551.266
35.047	731.251	550.812
35.281	729.229	552.140
35.719	728.648	552.166
35.310	729.981	552.117
35.159	731.597	551.872
35.102	732.684	551.978
35.333	733.480	552.736
34.918	733.567	552.894
34.936	735.000	552.720
34.620	734.223	552.895
