33.353	728.224	554.183
34.310	726.098	552.846
35.912	724.689	552.524
35.782	724.106	552.468
35.638	724.035	551.584
35.672	724.175	551.803
35.150	724.816	551.583
34.990	725.988	551.598
35.477	726.747	550.992
35.216	727.575	550.613
35.294	728.602	549.875
35.109	729.362	549.934
35.515	728.600	551.713
35.123	730.330	552.238
35.264	730.795	552.537
35.365	731.122	554.075
35.063	732.168	554.899
35.703	732.568	556.458
35.482	733.532	556.080
35.560	734.850	555.900
35.283	734.401	556.421
35.277	733.895	555.706
35.319	734.195	556.760
35.377	734.981	557.627
35.685	735.719	557.848
34.788	736.150	556.991
34.894	736.142	555.730
34.796	735.684	554.858
34.786	737.179	554.185
34.553	738.308	553.027
34.765	737.335	553.087
35.228	735.801	553.574
34.772	735.171	553.841
34.985	734.482	553.681
35.597	733.841	554.404
35.131	735.184	554.206
34.709	737.045	553.769
35.010	737.002	554.686
34.958	739.202	554.130
34.519	740.092	554.617
34.764	740.321	556.236
34.704	740.334	557.046
34.858	741.601	556.479
35.227	741.233	557.002
34.916	741.127	557.451
34.487	741.120	558.712
34.134	742.259	559.679
35.157	741.083	560.820
34.552	742.545	561.194
34.434	743.592	560.630
34.665	745.092	560.658
34.842	745.640	560.718
34.550	745.434	559.963
34.561	745.202	558.458
34.947	745.461	557.129
35.194	744.615	556.896
34.647	745.725	557.713
34.323	745.754	558.415
34.516	745.946	559.060
34.532	745.115	559.159
34.643	744.397	559.761
34.818	742.394	560.233
34.834	741.166	558.765
34.924	741.363	558.067
34.964	740.673	557.797
34.625	739.709	557.341
34.863	740.254	556.664
34.809	739.324	556.832
34.949	739.987	556.521
35.390	738.420	557.244
34.882	738.049	557.677
34.705	737.979	559.009
34.814	737.693	558.497
34.957	737.703	557.706
34.844	737.986	557.496
35.149	736.580	558.067
34.799	735.546	557.535
35.050	734.995	557.536
35.105	735.171	557.870
34.928	735.277	555.999
35.279	734.880	556.518
34.918	734.972	556.569
34.977	734.666	556.972
34.787	733.812	556.030
35.257	732.793	555.992
34.674	733.607	553.797
34.874	735.963	551.998
34.538	735.419	551.760
35.227	734.713	552.374
34.782	735.720	550.608
35.026	735.144	550.953
34.646	735.319	550.266
34.958	734.057	549.763
34.844	734.266	549.492
34.862	733.535	549.615
34.772	734.420	549.482
35.301	734.732	549.495
35.220	733.896	550.502
34.941	734.275	550.837
35.209	735.314	549.891
35.100	735.871	548.613
35.192	736.485	548.791
34.929	736.536	549.332
35.267	737.829	546.909
34.934	737.406	546.182
35.027	736.914	545.570
34.882	736.818	544.358
35.049	736.110	544.819
35.004	735.453	545.708
35.024	734.809	546.375
35.276	735.128	546.119
34.751	734.663	545.668
34.938	734.703	545.251
34.621	733.384	547.007
35.201	733.665	547.295
35.021	734.019	548.033
34.702	733.441	549.712
34.890	733.939	549.041
34.758	734.513	548.548
34.506	734.314	547.586
34.763	733.997	548.196
35.260	734.610	547.037
34.971	735.126	548.008
34.944	734.945	548.609
34.923	733.657	550.591
34.994	733.568	551.286
34.762	734.086	551.819
35.076	734.574	551.439
35.118	733.673	552.499
34.786	732.251	552.654
34.862	732.122	552.404
34.883	732.386	552.230
35.099	731.973	552.587
35.412	732.368	552.980
35.345	732.003	553.950
34.982	732.191	554.102
35.403	731.292	554.540
34.707	730.907	553.649
34.903	731.440	552.442
34.814	731.171	551.042
34.618	730.834	549.832
34.729	730.571	549.217
34.561	730.781	547.777
35.368	730.919	546.516
35.026	731.151	547.002
34.997	730.916	547.587
34.908	731.098	548.197
34.701	731.710	547.428
34.904	731.468	547.947
35.050	730.726	548.832
34.867	730.910	549.753
35.079	731.375	550.881
34.840	731.495	551.233
34.814	730.326	550.458
35.139	730.209	549.837
35.354	729.333	550.532
35.394	729.429	550.627
35.304	727.878	551.643
35.009	728.652	549.744
35.125	729.418	547.627
35.336	729.817	546.371
34.707	730.941	547.033
35.313	730.168	548.878
34.881	729.087	549.876
35.084	728.554	549.876
34.985	729.571	549.675
34.963	729.744	550.248
34.909	729.199	549.688
35.244	728.742	549.328
35.096	729.061	549.802
35.336	728.277	550.800
35.514	727.096	551.734
35.565	728.051	551.538
35.148	728.957	550.860
35.024	729.280	551.327
35.154	729.756	551.506
35.118	730.922	551.972
35.201	730.924	552.109
34.906	731.038	552.003
34.544	729.076	551.315
35.267	726.719	551.139
35.270	725.190	551.213
35.457	723.494	551.565
35.552	721.283	551.822
34.895	719.979	551.081
34.873	718.332	551.138
35.129	716.971	551.775
35.108	717.471	552.407
34.966	717.609	552.493
34.980	718.003	552.692
35.260	718.620	552.946
35.272	719.520	552.889
35.081	719.408	553.332
34.742	718.900	553.770
35.309	719.400	553.594
35.276	718.970	554.051
35.313	719.722	552.555
34.933	719.960	552.846
35.391	720.662	552.091
35.305	721.747	551.270
35.357	721.683	551.016
34.591	722.025	550.977
35.030	723.384	550.931
35.142	724.020	550.942
35.236	723.433	551.872
34.974	724.284	551.913
35.398	724.551	551.531
35.411	725.843	551.642
35.572	727.233	551.223
35.068	728.687	550.457
35.104	729.406	550.617
35.142	729.752	550.378
35.546	729.213	550.804
35.074	729.083	550.378
35.210	728.941	550.198
35.189	728.338	551.013
35.249	728.398	550.875
35.415	728.419	551.351
35.227	727.880	550.923
35.622	727.721	551.115
35.598	727.838	552.151
35.437	728.952	551.808
35.218	729.230	552.257
35.558	729.037	552.922
35.615	729.821	552.937
35.105	730.906	552.924
35.275	730.880	553.710
34.517	730.439	553.565
34.440	728.791	553.280
34.558	728.306	552.475
35.195	727.862	551.405
35.345	727.276	550.096
35.267	727.604	549.266
35.367	729.762	548.473
35.226	731.115	547.405
34.910	733.294	546.272
34.736	733.169	547.055
34.982	734.379	547.613
34.676	734.045	548.951
34.774	733.603	550.192
34.785	733.667	551.609
34.774	733.909	552.993
35.475	733.709	553.906
35.139	733.305	555.130
35.044	733.190	556.109
35.329	733.671	557.121
35.242	734.505	557.781
35.293	735.774	558.615
35.026	736.017	559.822
35.129	736.987	560.902
34.710	738.211	561.475
34.492	739.483	562.324
33.690	740.759	562.231
34.541	741.709	562.183
34.592	742.385	562.293
34.461	742.576	561.237
34.603	742.809	561.221
34.887	742.221	561.278
34.931	741.413	561.789
34.572	740.949	562.634
34.448	740.887	564.084
34.809	741.139	563.693
34.762	739.808	563.900
34.752	738.078	565.243
35.212	737.874	564.828
35.252	737.362	565.702
34.839	735.362	566.054
34.324	733.847	565.611
34.261	732.444	563.464
34.689	731.925	561.252
35.309	732.877	561.125
35.008	733.804	560.138
35.603	733.359	559.835
35.263	733.205	559.875
34.852	733.842	560.171
34.837	734.964	560.644
34.484	734.885	559.893
35.173	734.578	560.554
35.512	735.249	562.009
35.463	733.861	563.218
35.634	733.765	563.998
35.527	733.403	566.015
35.146	734.189	566.499
35.020	735.265	566.961
35.533	733.510	568.675
35.260	733.579	571.219
35.524	734.604	572.505
35.076	736.193	574.185
34.677	737.244	575.165
35.090	738.586	574.851
35.299	739.589	575.294
35.323	740.090	574.123
35.488	740.707	573.642
34.582	740.329	572.805
34.821	739.463	570.541
35.082	740.228	569.331
35.061	740.489	569.467
34.286	741.982	568.711
34.650	742.320	569.957
35.285	742.786	569.680
35.084	742.867	569.338
34.628	742.031	568.702
34.973	741.481	569.730
34.897	742.350	569.561
35.135	742.305	569.175
34.746	742.151	569.412
34.498	741.944	569.969
34.722	742.163	570.506
34.744	743.264	569.621
35.014	742.271	569.220
34.797	742.284	568.438
35.190	741.600	569.088
35.245	741.806	568.315
34.603	741.096	567.392
34.906	741.029	566.783
35.568	740.366	566.723
34.700	740.973	565.755
34.480	743.169	565.276
34.740	743.770	564.557
34.827	743.197	565.820
34.349	744.983	565.657
34.693	746.431	565.671
34.496	746.662	566.370
34.630	747.853	566.405
34.608	748.862	566.323
34.104	748.908	567.517
34.565	748.818	568.725
34.656	747.941	569.952
34.929	748.311	570.271
34.926	748.376	569.872
34.827	748.721	569.931
34.012	748.954	572.960
34.821	748.665	574.348
35.108	748.398	574.879
35.072	748.502	575.414
35.052	748.792	574.222
34.999	748.187	573.712
34.889	748.762	572.292
34.790	748.739	571.968
35.120	747.620	571.208
34.764	747.229	569.488
34.608	746.403	567.924
34.739	746.044	568.044
34.875	746.694	566.848
34.916	747.154	566.620
34.762	746.399	566.384
34.595	745.374	565.716
34.220	743.220	564.305
34.308	740.813	564.030
34.353	741.820	563.782
34.667	742.838	562.955
34.592	744.324	562.778
35.294	745.602	560.554
34.953	747.454	559.650
34.572	746.836	558.504
34.833	746.664	558.549
34.691	744.828	559.428
34.998	742.977	559.763
34.652	741.210	559.649
34.794	739.452	560.091
34.875	739.022	560.673
34.744	739.421	561.166
33.992	741.343	561.717
34.729	741.851	561.293
34.517	741.884	561.551
34.709	742.017	561.627
34.913	742.930	561.497
34.498	742.218	560.192
35.172	741.231	559.458
34.676	740.322	559.384
34.973	740.264	559.424
34.525	739.952	559.261
34.941	740.066	559.290
34.916	738.919	559.721
34.966	738.670	560.890
34.767	739.321	561.453
34.691	738.234	561.965
34.406	738.392	562.771
34.607	739.433	563.132
34.668	739.772	563.943
34.653	740.024	562.989
34.747	741.234	562.084
34.734	740.894	562.402
34.474	742.944	561.671
35.014	742.863	561.778
34.500	742.638	562.385
34.784	742.220	562.465
34.693	741.519	562.408
34.359	740.883	562.352
34.977	739.378	562.020
34.782	738.443	562.527
34.419	737.823	562.474
34.577	738.318	561.873
34.618	738.666	563.103
35.096	738.748	562.819
34.414	738.174	561.905
34.801	738.104	561.728
34.465	738.313	561.980
34.624	739.358	561.095
34.599	738.670	561.421
35.004	738.484	562.500
33.886	739.800	563.146
34.125	741.448	562.380
34.770	742.111	562.139
35.018	741.232	562.974
34.384	740.512	562.040
34.592	740.983	561.454
34.672	739.583	561.032
34.196	738.795	560.390
34.693	738.151	561.132
35.053	737.193	561.531
35.267	736.454	561.860
34.604	736.493	559.832
35.451	737.356	558.940
35.099	737.073	560.082
34.867	737.030	559.973
34.653	736.881	559.891
34.891	736.853	559.752
34.808	736.174	560.276
35.142	736.512	559.635
34.626	738.136	560.039
34.814	738.373	561.109
35.098	738.461	562.273
34.651	738.763	562.842
34.567	738.874	562.249
34.823	740.715	560.728
34.820	741.021	559.326
34.916	742.147	556.473
35.113	742.439	554.967
34.731	741.274	555.871
34.643	740.632	555.981
34.521	739.586	554.979
34.645	738.585	553.358
34.136	736.865	552.468
34.709	736.996	552.241
34.972	738.341	550.691
34.457	740.012	550.457
34.643	741.738	549.024
34.905	742.469	548.822
34.700	742.397	549.136
34.752	741.228	549.891
35.402	741.327	549.928
34.871	739.764	551.332
34.367	740.271	551.690
35.197	740.845	551.011
35.038	743.259	550.137
35.033	745.040	549.269
34.989	745.611	547.827
34.637	745.730	545.929
34.529	745.221	544.122
34.428	744.313	544.608
34.336	740.178	547.136
35.113	738.572	548.418
34.950	738.715	549.215
35.006	738.949	548.971
34.928	738.078	548.531
35.474	738.972	548.130
35.489	739.571	548.010
34.956	740.807	547.090
34.635	741.905	546.639
35.102	743.067	546.047
34.486	743.237	545.114
34.477	742.060	545.353
34.470	739.824	546.856
34.967	739.418	547.677
35.089	738.440	548.812
34.933	737.294	549.074
34.668	736.324	550.081
34.932	735.747	549.609
34.931	735.785	550.974
34.540	736.452	551.492
34.603	737.420	550.805
35.406	739.294	549.628
34.657	739.738	549.989
35.016	739.339	550.657
35.172	739.735	550.964
34.131	738.662	551.582
34.406	737.192	552.228
34.617	735.381	552.507
34.511	735.865	552.856
35.381	736.400	552.825
34.884	736.089	552.411
34.838	737.487	550.135
35.317	738.033	548.712
34.950	737.252	550.799
34.671	736.693	551.480
34.391	736.642	551.506
35.109	735.263	552.846
35.001	734.868	553.576
34.976	735.711	553.740
35.263	735.618	554.823
34.876	735.333	553.877
34.672	735.863	552.361
34.740	736.931	548.901
34.672	735.832	547.763
34.981	736.390	547.713
34.904	736.245	547.083
34.766	736.692	547.484
34.331	737.598	548.009
34.873	737.035	549.464
34.801	736.017	550.448
34.612	735.457	550.786
34.729	737.003	550.235
34.250	738.390	550.898
34.245	738.907	552.206
34.364	738.816	552.867
34.752	737.796	553.783
35.390	735.919	554.818
34.973	734.707	555.168
34.929	734.958	554.223
35.081	736.434	553.918
35.077	735.772	554.403
35.444	735.296	555.209
34.427	735.834	556.129
34.813	736.763	556.537
35.583	736.630	558.288
35.012	736.884	559.103
35.067	736.650	559.906
35.314	735.735	561.143
34.936	733.857	561.344
34.911	732.886	561.407
34.954	732.517	560.500
35.233	733.952	559.297
34.947	734.479	559.113
35.004	734.184	558.326
34.972	732.746	558.225
34.968	732.933	558.068
34.971	733.282	557.920
35.124	732.615	558.705
34.864	731.837	559.943
35.244	730.964	560.149
34.982	730.634	559.876
34.913	730.588	560.917
34.319	730.321	559.844
34.486	729.411	559.068
35.855	728.093	560.182
35.805	727.449	561.146
35.321	724.920	562.065
34.892	722.341	563.322
35.551	719.682	564.239
35.559	719.859	564.299
35.475	719.049	564.947
35.784	718.888	565.162
35.387	718.913	565.669
35.618	719.321	565.883
35.581	718.775	565.594
35.522	718.940	566.184
35.229	718.504	567.720
35.355	719.359	569.249
34.981	720.868	569.491
34.775	722.484	569.711
34.772	722.566	570.225
34.970	723.540	570.826
35.233	723.422	572.458
34.536	721.989	572.124
35.510	721.650	574.070
35.204	721.493	575.168
35.134	720.317	575.341
34.981	721.082	574.278
35.376	720.668	575.323
35.101	720.008	575.578
35.352	719.911	576.729
35.304	721.103	577.356
35.363	722.427	576.707
35.345	723.506	576.478
35.286	724.486	574.791
35.252	724.419	574.599
34.986	723.907	573.688
34.754	723.283	573.834
34.441	722.185	572.228
34.296	720.914	570.859
35.210	720.413	571.658
34.041	719.631	569.490
34.604	717.985	568.174
35.082	717.102	567.000
35.147	716.480	566.288
35.519	716.111	566.044
34.904	715.406	566.055
35.434	715.392	566.961
34.464	716.522	568.015
35.259	718.923	567.605
35.533	721.219	567.174
35.294	723.928	566.406
34.965	725.888	566.450
35.359	727.253	565.649
35.164	727.960	565.826
35.459	728.745	566.730
35.662	729.484	566.753
35.625	729.987	565.216
35.450	731.487	563.544
35.178	731.948	563.420
35.286	731.398	563.062
34.906	729.838	564.042
35.079	730.155	564.283
35.280	729.422	564.402
35.481	728.950	565.424
35.598	730.011	566.609
35.602	729.774	567.545
35.404	730.748	568.052
35.650	731.899	566.855
35.529	733.182	565.636
35.764	733.546	566.191
34.966	734.028	565.184
35.294	734.348	566.282
35.571	733.562	567.189
35.010	732.238	567.099
35.776	731.977	567.798
35.468	732.693	567.742
35.070	731.202	567.941
34.974	729.448	568.048
35.457	728.979	568.275
35.774	729.103	568.572
35.534	728.623	570.117
35.268	727.436	570.332
35.125	726.985	570.516
35.096	726.060	571.147
34.861	725.202	571.289
35.111	724.806	570.990
35.351	724.896	570.284
35.387	724.990	569.341
34.665	724.622	566.993
35.064	724.362	566.694
34.563	723.354	565.460
34.677	721.711	564.232
35.578	721.188	564.597
35.450	720.107	564.257
36.044	720.400	563.193
35.416	720.194	563.273
35.257	720.472	563.489
35.561	720.139	564.285
35.626	719.440	564.122
35.318	719.199	564.587
35.098	720.062	565.164
34.569	722.162	566.260
34.546	723.935	566.492
35.165	725.306	566.690
34.897	725.872	567.306
35.791	727.335	566.320
35.376	728.232	566.155
35.309	730.318	566.110
35.390	731.538	567.393
35.177	733.045	567.576
35.500	733.091	568.734
35.546	732.727	569.407
35.673	732.992	569.340
35.465	733.178	568.450
35.672	733.641	567.944
35.508	735.696	567.333
34.981	736.057	566.233
35.172	735.285	566.255
35.467	735.305	566.971
35.446	735.131	567.942
35.494	734.863	569.094
35.483	734.985	570.036
35.540	734.509	570.323
35.495	733.480	569.414
35.375	731.835	570.104
34.300	730.462	567.749
35.304	729.448	568.020
34.988	728.827	566.240
35.190	729.552	566.210
35.335	729.701	566.509
34.960	730.580	565.334
35.600	731.511	566.034
35.399	733.431	565.582
35.708	735.099	564.575
34.774	734.873	563.752
35.481	734.713	562.681
35.295	734.313	563.194
35.282	733.990	563.284
34.849	732.040	563.062
35.283	730.718	562.696
35.837	729.923	563.557
35.234	727.830	565.264
34.742	726.698	564.845
35.244	727.162	563.665
34.869	728.000	562.445
35.570	728.396	560.343
35.033	728.374	559.499
35.060	729.022	558.505
35.329	729.975	559.722
35.032	730.878	559.132
34.983	731.179	557.871
34.567	729.900	558.123
35.366	729.357	558.437
35.346	729.357	558.086
35.479	728.690	557.857
34.823	728.752	557.176
35.259	728.844	556.929
35.668	728.036	557.880
35.430	727.576	557.773
35.135	728.964	556.309
35.024	728.326	556.105
35.337	727.753	555.617
34.843	727.704	554.849
35.231	727.280	554.414
34.925	727.812	552.028
34.832	729.052	551.452
34.995	730.270	551.038
34.374	732.023	550.914
34.744	731.704	551.643
35.161	731.639	554.189
34.749	731.421	553.874
35.015	731.242	554.127
35.081	730.692	554.325
34.814	731.291	553.820
34.920	732.391	553.791
35.032	731.929	554.444
35.122	732.397	553.354
35.057	732.682	553.321
34.933	733.668	552.634
34.765	733.837	552.621
34.529	733.639	552.438
34.791	733.948	551.434
34.841	734.893	550.491
34.176	733.638	551.611
34.259	734.042	551.437
34.414	734.231	547.908
33.961	733.074	546.811
35.263	733.644	546.177
35.005	734.164	546.710
34.490	734.343	546.827
34.777	734.443	544.703
34.561	732.712	545.183
34.207	731.950	545.419
34.379	732.285	544.946
34.584	731.534	544.010
34.764	733.523	542.967
34.314	733.892	543.202
34.701	734.608	541.663
34.211	734.723	542.536
34.342	734.892	543.739
34.470	734.005	544.764
34.406	734.571	545.308
34.322	736.236	545.242
34.523	736.149	545.510
34.401	735.992	546.587
34.571	735.527	548.774
34.386	734.645	550.301
34.871	734.791	550.483
34.125	734.068	550.495
34.520	734.159	551.319
34.745	733.899	552.257
34.321	733.817	551.795
34.383	732.644	553.472
34.053	732.475	550.944
34.302	733.154	548.486
33.899	732.412	546.845
34.482	731.913	545.164
34.982	732.917	543.690
34.747	734.663	542.107
34.598	736.346	540.147
33.943	738.235	539.293
34.336	739.810	537.311
33.663	740.722	538.058
34.380	742.856	536.807
34.630	744.512	536.153
33.468	745.674	536.266
33.795	747.887	536.070
34.793	749.435	535.583
34.234	747.573	537.681
33.744	746.744	539.723
34.280	746.059	538.846
33.710	743.888	538.713
33.676	741.687	538.621
34.217	740.453	538.762
34.056	739.369	539.038
34.335	738.688	538.820
34.511	737.827	540.095
34.080	738.391	540.515
34.679	737.247	541.664
34.498	735.770	543.770
34.637	735.039	545.969
34.502	734.674	547.497
34.549	735.410	546.808
34.893	734.917	548.423
34.403	734.393	550.015
33.981	735.046	551.553
34.747	734.766	553.062
34.683	735.002	553.233
34.615	735.122	554.219
34.514	736.604	554.816
34.752	738.228	555.133
34.724	738.497	554.564
34.428	738.941	554.735
34.501	739.786	554.044
34.585	738.287	553.878
34.622	736.995	553.728
34.126	736.377	553.928
34.120	735.408	552.658
34.669	735.626	550.604
34.494	736.345	547.749
33.983	735.422	546.263
34.171	733.958	546.800
34.218	732.803	549.681
34.495	732.549	550.981
34.563	731.668	552.347
34.447	730.476	553.390
34.531	729.119	552.810
35.165	727.975	553.504
34.715	728.273	553.051
35.144	726.836	552.476
35.178	725.508	552.012
35.055	725.454	551.165
35.307	724.420	552.508
35.348	722.533	554.619
35.536	722.355	555.217
35.204	721.633	554.034
34.993	722.267	552.189
34.640	721.477	550.661
34.695	720.932	549.304
34.597	719.671	548.847
34.738	721.182	548.129
34.665	722.904	547.820
34.548	723.361	548.873
34.075	724.377	549.110
34.542	725.107	549.314
34.348	725.728	549.834
34.593	726.987	550.529
34.738	728.372	550.356
34.870	728.925	550.618
34.992	730.523	551.122
34.864	731.282	550.503
34.341	731.188	551.178
34.507	731.156	551.712
35.048	730.857	553.121
34.756	730.879	552.927
34.921	730.778	553.909
34.757	730.116	554.441
34.040	728.840	553.718
34.737	727.124	554.660
34.550	725.874	554.181
35.092	724.863	552.631
35.227	725.937	552.020
35.215	727.154	551.762
35.244	727.627	551.512
34.772	728.750	549.967
34.803	728.971	550.563
34.769	730.070	550.289
34.761	729.870	550.350
34.647	730.782	549.328
34.683	730.575	549.673
34.416	729.992	550.612
34.872	729.501	551.475
35.307	729.544	550.459
34.486	729.511	549.383
35.003	727.913	551.186
35.399	726.833	552.327
35.029	727.579	552.004
35.467	727.762	551.601
34.999	726.634	551.550
35.344	726.610	551.919
35.423	727.031	551.912
34.968	727.359	552.726
35.116	727.648	553.825
35.254	727.995	555.431
35.146	728.097	555.117
34.826	727.975	554.705
34.797	728.122	553.562
34.983	727.982	553.119
34.969	727.156	553.013
34.581	725.566	551.612
34.656	723.126	552.255
35.288	720.962	552.830
34.333	718.651	552.159
35.108	717.871	552.269
34.832	718.159	551.978
34.817	718.505	551.499
34.560	718.936	551.174
34.899	719.482	550.939
34.668	719.086	551.084
34.470	718.356	551.797
34.747	716.852	553.532
34.967	717.552	553.029
34.745	717.864	552.577
35.000	718.198	551.470
34.497	717.527	550.665
34.601	717.107	550.108
34.713	716.238	550.143
35.159	715.999	548.326
35.129	715.757	548.475
35.170	715.743	547.639
34.921	715.732	548.842
35.190	715.615	548.178
34.872	716.022	547.614
34.409	717.257	548.156
34.686	716.682	547.863
34.662	717.489	548.114
34.743	716.864	548.856
34.607	716.992	550.205
34.884	716.933	551.425
34.832	717.495	551.877
34.919	717.482	551.565
34.535	717.289	553.011
34.537	717.488	553.944
34.905	717.063	554.791
35.172	717.323	555.344
34.448	717.991	555.476
35.326	718.166	555.615
34.878	718.507	555.863
34.914	719.432	555.170
35.296	718.972	554.501
35.084	718.771	554.975
34.708	719.638	555.340
35.557	720.252	554.985
35.547	720.509	554.133
35.210	720.129	554.420
35.202	719.792	553.704
35.328	719.664	554.241
34.920	719.896	554.792
35.308	719.892	555.735
35.098	719.771	556.477
34.117	720.375	556.780
33.800	719.817	558.602
35.249	719.672	560.260
35.047	721.165	560.536
34.927	722.910	560.795
35.431	724.305	560.417
35.164	725.358	559.643
35.303	725.592	560.816
35.219	727.182	561.604
34.850	727.534	563.153
35.336	729.457	563.650
35.514	730.794	563.637
35.420	732.723	563.136
35.015	734.657	562.606
34.622	734.935	564.102
35.177	734.037	564.388
34.981	732.879	563.753
34.543	731.968	562.418
34.738	731.198	561.726
35.118	731.069	561.176
35.386	731.099	561.667
35.198	730.887	562.381
35.494	731.078	562.779
35.432	730.404	563.161
34.987	729.190	563.024
35.017	728.880	562.599
35.817	729.649	562.667
35.453	730.156	562.385
35.335	730.445	562.326
34.758	729.014	561.552
34.598	728.371	561.048
35.362	727.480	561.520
35.171	727.005	561.666
35.363	725.983	563.069
35.148	725.493	563.364
35.731	723.958	563.807
35.237	723.327	563.800
34.818	722.686	565.322
35.151	722.306	565.911
34.693	722.842	566.744
34.791	723.639	567.615
35.284	723.606	568.711
34.739	724.341	568.561
34.535	722.638	569.739
34.695	721.544	570.076
34.982	721.964	569.863
34.782	721.655	569.360
35.068	720.356	568.293
35.352	719.771	566.813
34.653	719.015	565.371
35.034	719.852	563.792
35.386	720.568	563.238
35.167	720.229	563.805
35.279	719.543	563.711
35.392	719.968	563.997
35.463	719.716	564.505
35.287	719.481	563.830
35.730	719.590	563.820
35.825	720.945	563.245
35.370	722.228	562.038
35.121	723.108	561.218
34.589	725.182	560.808
34.229	728.591	560.661
35.230	731.308	560.553
35.200	731.671	560.896
34.810	732.659	560.913
34.674	734.215	560.814
34.473	734.306	560.599
34.899	734.875	560.731
35.234	735.083	562.041
35.133	734.812	562.044
34.508	734.103	561.403
34.542	733.975	559.384
34.587	733.909	559.361
34.489	733.449	557.556
34.083	733.920	554.815
34.149	732.191	553.779
33.575	730.362	552.646
34.403	728.918	553.247
34.004	727.360	553.204
35.084	726.960	550.849
35.042	726.517	550.556
34.607	726.823	548.635
34.733	726.046	547.754
33.982	723.682	546.590
34.605	721.616	547.219
34.451	722.088	548.201
34.474	722.869	547.184
34.674	721.377	548.563
34.458	720.901	550.314
34.694	721.501	549.930
35.167	722.094	549.281
34.809	722.266	548.173
34.821	721.968	548.385
35.048	722.244	547.174
34.255	722.418	546.598
34.733	721.913	547.711
34.505	722.254	548.586
35.094	723.019	547.667
34.760	722.859	547.520
35.083	723.260	548.561
34.811	723.770	548.583
34.490	725.693	548.519
34.616	726.325	549.774
35.226	725.279	551.277
34.862	724.727	550.954
34.318	723.649	549.566
34.054	721.099	549.169
34.052	719.688	548.826
33.772	718.376	547.355
34.781	715.911	547.751
34.852	715.942	546.856
35.096	715.489	548.215
34.845	714.692	549.129
34.804	715.160	549.582
35.009	715.860	549.069
35.057	716.495	547.696
35.132	716.271	547.322
34.952	716.216	546.419
34.740	716.553	546.193
34.453	717.640	546.974
34.525	717.259	548.095
34.469	717.559	549.554
34.327	718.764	549.964
35.105	719.606	549.549
34.934	719.957	549.523
34.544	720.411	548.839
34.901	721.019	548.662
34.466	720.762	550.531
35.141	720.535	550.538
34.745	719.965	551.048
34.656	718.920	550.471
34.607	718.248	548.562
34.715	718.096	549.465
34.768	718.921	549.406
34.152	721.041	548.372
34.782	721.120	548.171
34.381	721.090	548.299
34.037	720.462	549.807
34.875	721.016	548.425
34.802	721.632	546.657
34.746	721.019	548.444
34.348	721.465	548.747
34.972	722.574	548.163
34.753	723.237	547.850
35.169	722.400	549.421
34.849	722.086	549.342
35.313	721.338	549.454
34.723	721.413	548.630
34.431	722.210	548.595
34.156	722.619	548.916
33.587	724.263	549.453
33.360	726.198	548.948
34.182	727.025	550.548
35.227	727.538	552.268
34.594	729.937	551.891
34.984	730.532	553.581
35.207	731.092	554.685
35.193	731.748	555.453
35.287	733.066	555.232
35.105	733.033	555.961
34.789	732.429	556.445
34.937	731.425	555.922
35.205	731.540	555.517
35.336	731.281	556.958
35.063	730.239	557.430
35.001	729.557	557.870
35.040	729.304	558.440
34.798	728.051	558.143
35.000	727.325	557.586
34.952	725.427	557.969
35.351	723.451	558.465
35.626	721.868	557.905
35.826	721.258	557.717
35.640	719.920	558.233
35.380	720.103	556.925
35.763	719.894	556.183
35.610	718.889	556.234
35.319	718.050	556.755
35.422	717.841	556.458
34.964	718.476	555.739
35.286	717.281	555.186
35.261	716.726	555.171
35.333	716.912	554.412
35.351	717.062	553.678
35.202	716.324	554.132
35.423	714.722	554.352
34.741	715.669	553.357
34.850	716.537	552.755
35.225	717.104	552.857
35.246	716.656	552.931
35.562	716.247	552.621
35.245	715.420	552.578
35.001	715.566	551.723
35.425	714.945	553.018
35.322	714.292	553.963
35.517	713.688	553.982
35.433	713.644	554.750
35.521	714.569	555.100
34.971	715.454	554.583
34.719	716.403	553.921
35.128	715.596	555.031
35.145	715.306	554.498
35.409	714.267	553.738
35.324	714.166	553.830
35.537	714.561	553.085
35.179	714.719	552.932
35.131	715.740	553.575
34.734	715.926	553.667
35.019	717.337	552.755
34.330	717.929	553.617
34.686	718.845	554.289
34.996	720.300	553.056
34.835	720.162	553.045
35.133	719.712	553.460
34.882	719.673	553.631
35.193	719.741	555.535
35.256	719.307	556.733
35.193	719.225	556.562
35.353	718.271	556.812
35.203	718.548	556.540
35.277	718.915	556.984
35.422	719.235	556.960
35.170	719.578	556.317
33.814	721.217	555.538
34.044	722.903	555.766
32.697	725.154	555.068
32.812	726.878	555.628
33.368	729.372	556.876
33.277	731.602	557.564
34.196	734.613	558.962
34.893	736.048	560.091
34.883	735.921	560.705
34.889	735.879	560.784
35.281	735.658	560.101
34.767	736.184	561.295
35.161	736.739	560.911
34.873	737.645	559.324
34.823	739.948	556.136
34.243	740.960	553.598
34.580	741.005	552.906
34.859	740.398	553.085
35.184	741.683	552.138
34.487	742.669	552.600
34.706	742.020	553.787
34.641	740.583	553.997
34.508	739.249	554.372
34.551	738.097	553.843
34.122	736.118	553.607
34.455	735.599	554.242
35.102	736.209	555.402
34.541	736.103	556.243
34.898	735.739	557.247
34.948	736.869	557.538
35.126	736.680	559.562
34.942	736.868	560.702
34.828	735.496	562.957
34.552	734.129	563.087
35.291	734.405	563.536
35.064	733.679	564.974
35.071	733.294	566.302
34.540	730.702	567.561
34.782	727.955	569.304
34.391	724.691	571.018
35.450	722.934	572.547
34.662	720.886	573.783
34.374	719.116	573.500
34.912	718.134	573.408
34.698	717.056	573.437
35.430	717.281	572.558
35.156	717.135	573.766
34.899	717.746	574.710
34.746	718.133	575.120
34.383	718.471	574.257
35.092	717.707	574.010
34.236	717.389	572.312
35.006	717.036	572.055
34.635	717.671	569.311
34.975	717.137	568.288
35.079	717.497	566.553
35.446	717.707	567.166
35.344	718.907	565.684
35.508	719.906	564.563
35.103	720.719	565.984
35.346	721.381	566.016
35.294	721.806	565.028
35.597	722.156	563.831
35.326	720.664	564.200
35.232	719.961	564.795
35.064	719.286	566.086
35.214	718.995	565.277
34.746	718.835	563.454
35.103	718.222	560.591
35.280	717.657	558.862
35.426	718.023	558.646
35.545	717.931	559.542
35.709	717.480	560.371
35.578	718.404	559.053
35.336	718.041	558.621
35.773	717.937	558.533
35.532	717.893	559.258
35.794	717.686	559.868
35.185	717.686	561.493
35.128	718.220	561.565
35.445	718.316	562.589
35.413	718.084	563.439
35.043	718.396	563.319
35.609	718.854	562.767
34.956	719.558	563.215
35.478	720.392	564.046
35.144	720.576	565.229
35.070	720.665	565.596
34.171	722.468	567.038
34.632	723.631	567.184
34.943	725.163	567.275
35.084	725.764	566.935
34.805	726.394	568.015
35.111	726.275	569.261
34.811	725.188	569.479
34.491	724.258	569.287
34.773	723.811	568.847
35.188	725.018	567.921
34.930	725.724	567.408
35.078	725.918	567.484
34.406	724.969	568.837
34.632	724.814	568.997
34.949	725.188	569.207
34.769	723.747	570.405
35.284	722.621	571.166
34.880	721.701	571.221
34.707	721.118	571.429
35.265	720.481	570.267
34.434	718.804	569.210
34.711	718.078	568.397
35.179	717.205	568.302
34.849	716.882	566.496
35.164	717.202	564.501
34.925	715.698	563.689
35.378	716.869	562.522
35.328	717.393	560.432
35.876	718.726	557.575
35.272	720.405	555.678
35.278	721.571	554.439
35.523	722.017	552.921
35.145	722.493	552.905
34.974	721.782	552.956
34.685	722.119	553.431
35.104	722.286	552.869
35.072	721.852	552.819
34.887	722.653	550.404
34.879	721.605	550.163
35.182	722.698	549.123
34.946	721.439	550.145
34.948	720.987	550.032
34.991	720.161	550.275
34.551	719.345	550.285
34.636	718.839	549.825
34.841	719.798	549.573
34.412	720.005	550.487
34.625	719.837	549.703
34.338	718.740	550.167
34.860	718.851	549.343
34.691	718.737	549.600
34.493	717.961	550.491
35.123	717.798	551.060
34.517	717.232	552.027
35.190	717.520	551.248
34.640	718.578	550.845
34.538	719.268	551.278
34.427	718.341	552.291
34.502	718.777	552.305
34.297	719.411	552.119
34.331	720.231	552.219
33.963	721.142	551.806
33.579	721.866	552.073
34.320	724.126	550.547
33.576	725.591	550.362
34.717	726.965	550.727
34.842	728.118	551.431
34.917	729.462	551.354
34.975	729.779	551.696
35.047	730.798	552.919
34.763	731.815	552.731
34.736	731.375	553.274
34.335	730.228	553.914
34.610	729.364	554.377
35.441	728.862	555.043
35.678	729.098	556.681
35.720	729.444	557.662
34.864	730.276	557.938
35.374	730.929	558.402
35.011	731.904	557.563
34.997	732.350	558.010
35.176	732.765	558.159
35.083	733.864	558.416
35.022	734.047	558.465
34.989	734.304	558.417
35.152	732.644	558.754
34.780	733.041	558.741
34.633	734.510	557.036
34.672	735.282	555.527
34.640	735.938	554.336
35.006	736.111	554.928
35.062	736.561	554.823
35.020	737.418	554.776
34.625	737.351	554.788
34.661	738.005	555.133
34.644	738.755	555.264
34.810	739.529	554.723
34.935	740.129	554.882
34.790	741.159	555.349
34.639	740.453	556.973
34.839	738.545	557.777
35.117	737.351	558.092
35.072	738.224	557.446
34.502	737.810	556.144
35.192	737.462	556.142
34.903	737.009	555.523
34.377	736.056	554.516
34.934	735.285	554.971
34.906	734.120	556.089
35.266	734.449	556.841
34.842	735.091	558.318
34.653	736.558	557.711
34.598	737.225	558.590
34.691	736.707	559.023
34.537	736.688	559.107
34.928	736.102	558.677
34.587	737.308	557.704
34.829	736.679	557.643
34.530	738.287	556.583
34.637	738.160	556.103
34.453	738.359	555.329
34.287	739.231	555.899
34.298	740.077	555.911
34.844	740.342	555.612
34.152	740.069	555.504
34.554	738.448	556.269
34.792	737.043	556.243
34.600	735.979	555.873
34.781	733.630	556.281
34.955	733.151	555.529
34.293	732.612	554.947
34.174	733.122	553.512
33.943	731.540	553.199
34.664	731.989	551.814
34.350	732.529	551.427
34.195	733.468	550.404
33.832	731.739	549.658
34.116	730.288	549.695
34.678	730.069	550.241
34.647	730.189	550.883
34.777	730.578	551.819
34.916	731.296	552.597
34.931	731.113	553.957
34.937	731.429	553.569
35.095	731.784	553.088
34.986	731.862	554.262
34.584	732.281	554.786
34.985	732.618	554.643
34.936	732.999	555.344
34.915	733.602	555.032
34.445	734.294	553.324
34.295	733.728	552.953
33.917	731.585	553.557
34.147	729.386	555.204
34.411	727.712	555.220
34.729	726.318	554.622
34.798	726.279	553.886
35.176	726.709	553.115
35.556	726.157	552.769
34.477	724.932	552.019
35.263	723.559	551.314
34.880	722.711	550.707
34.880	723.166	549.465
34.839	721.945	549.003
34.717	720.966	550.424
34.588	720.741	550.961
34.719	721.298	551.010
34.444	720.340	551.235
34.560	718.770	551.805
34.319	718.424	551.514
34.506	717.400	551.150
34.441	716.538	550.573
34.532	716.242	549.960
34.790	715.176	549.415
34.743	715.108	549.399
34.919	715.747	549.443
34.289	716.130	550.749
34.919	716.655	551.148
34.294	717.430	551.990
34.460	718.063	552.096
33.772	718.881	552.528
34.350	719.642	553.249
33.736	720.513	553.460
33.512	720.446	554.338
34.404	719.921	555.211
34.942	720.009	555.228
34.530	720.357	554.410
34.801	720.579	553.826
35.134	721.611	553.350
35.029	721.278	552.665
35.190	719.841	553.485
34.780	720.015	552.805
34.909	718.755	552.742
34.747	718.774	553.107
34.752	718.762	554.361
34.869	719.084	554.429
34.626	718.913	555.218
35.089	719.510	555.103
34.759	722.007	553.847
34.511	723.320	552.786
35.107	723.543	551.929
34.692	725.271	551.715
34.646	725.750	551.818
34.865	727.160	552.062
34.912	728.068	552.613
35.170	728.586	553.431
35.384	728.214	555.093
35.227	727.841	557.469
35.465	727.508	558.942
35.088	727.859	561.204
35.194	728.541	561.109
34.966	728.403	562.038
35.237	727.745	562.573
35.507	728.489	561.880
34.488	728.058	563.838
34.952	729.091	565.330
35.132	730.165	567.124
34.956	730.108	569.556
35.316	730.453	569.904
35.729	730.205	569.154
35.501	730.848	568.376
35.515	731.860	567.199
35.136	732.265	567.494
35.309	732.819	567.614
35.463	733.841	567.238
34.836	735.187	566.075
34.665	737.573	564.896
34.313	738.988	563.621
34.409	739.010	564.494
34.674	738.049	564.403
34.324	738.562	564.425
34.338	739.660	564.250
34.972	739.889	565.192
34.495	740.514	565.185
34.089	739.629	563.153
34.185	738.785	562.815
34.497	737.963	563.237
34.219	738.449	562.847
34.463	738.426	561.976
33.931	736.664	560.605
34.047	735.363	559.052
34.037	733.847	558.727
34.729	732.932	559.971
34.804	732.129	561.702
34.895	731.436	562.568
34.428	731.382	562.125
34.963	731.228	561.859
34.220	729.974	561.646
34.632	729.909	562.433
34.921	730.706	562.789
34.425	730.821	562.171
34.844	731.962	559.471
34.562	733.979	557.702
35.007	734.046	557.936
34.375	732.204	558.626
34.224	731.358	559.431
34.838	730.458	558.155
34.817	730.948	557.091
34.235	730.618	556.422
35.020	730.337	557.769
34.718	730.320	558.999
34.589	730.511	559.657
34.622	731.587	562.005
35.089	733.019	563.447
34.884	733.586	562.763
34.934	735.064	563.563
34.476	736.296	564.787
34.484	737.782	564.729
34.637	739.586	564.929
34.682	738.817	564.282
34.796	738.282	563.506
34.259	738.559	562.515
34.040	738.745	560.806
34.344	738.151	560.159
34.398	736.924	559.407
34.675	737.096	559.288
34.707	737.659	558.582
34.600	737.737	558.537
34.364	738.464	558.617
34.712	738.775	559.233
34.642	738.633	559.056
34.518	738.883	559.184
34.637	737.939	559.413
34.628	736.557	559.827
34.483	735.765	560.261
34.426	736.398	558.432
34.744	735.901	558.376
34.348	737.607	558.095
34.576	737.447	559.760
34.430	738.402	560.535
34.552	739.263	560.802
34.734	739.270	559.906
34.814	739.777	559.911
34.750	740.426	559.532
35.035	739.032	560.231
34.122	738.078	557.790
34.613	738.804	555.852
35.095	739.311	555.609
35.067	739.483	555.122
34.466	740.275	554.719
34.815	740.587	554.556
34.705	740.649	555.928
34.856	740.530	555.642
34.722	739.594	555.924
34.201	738.831	554.814
34.783	738.917	554.972
34.820	739.770	554.922
34.742	740.169	555.195
34.410	740.387	555.742
34.712	739.887	555.897
34.605	740.277	555.461
34.442	740.392	555.515
34.724	740.318	555.516
34.718	740.006	555.949
34.957	739.827	556.515
34.146	740.278	556.164
34.537	740.091	555.936
34.969	741.321	555.198
34.707	741.990	554.961
35.105	742.051	554.173
34.784	741.981	554.695
34.007	742.950	556.227
