35.423	734.633	550.747
35.728	734.004	551.852
35.501	734.281	551.583
35.201	733.897	552.663
35.136	733.962	552.336
35.308	733.205	551.624
35.612	732.856	552.708
35.291	733.703	552.466
35.313	733.772	551.735
35.237	733.216	551.817
34.963	731.993	551.296
35.137	731.315	550.983
35.237	731.193	551.185
35.732	732.026	551.130
35.661	733.317	550.626
35.079	734.365	549.463
35.566	733.445	549.433
35.213	733.482	549.283
35.458	732.341	549.763
35.348	732.995	550.599
34.807	734.853	551.092
35.148	735.151	551.959
35.620	735.558	551.943
35.131	735.364	552.778
35.142	735.148	552.985
34.913	735.549	551.055
35.119	734.645	550.179
35.110	734.177	550.895
35.150	734.048	551.864
35.540	733.317	550.738
34.836	732.857	550.122
34.894	732.207	549.979
35.581	731.442	549.698
35.173	731.675	550.135
35.082	731.859	551.397
35.588	731.816	552.259
35.229	731.979	552.152
35.681	732.146	552.811
35.379	732.069	553.147
35.471	733.039	552.238
35.262	732.858	551.978
35.464	733.920	551.311
35.419	734.799	550.629
35.505	733.822	551.934
35.830	733.665	552.113
35.393	733.828	552.004
35.559	734.617	550.646
35.470	735.475	550.600
35.578	735.922	549.721
35.038	735.816	549.666
35.488	735.317	550.700
35.351	735.470	551.449
35.346	735.941	551.272
35.361	736.753	550.829
35.438	735.943	551.320
35.222	735.427	551.818
35.294	733.764	552.608
34.667	733.476	552.115
35.348	732.708	552.141
35.707	733.647	551.277
35.207	733.781	551.256
35.248	734.078	550.782
35.341	733.860	550.107
35.258	734.806	549.263
35.368	735.703	548.468
35.465	735.261	548.826
35.247	734.367	549.319
35.387	733.448	549.723
35.423	731.958	551.523
35.445	731.525	552.700
35.790	732.016	552.403
35.363	732.487	552.046
35.368	732.389	552.225
35.624	732.429	551.803
35.488	732.968	550.828
35.227	733.037	550.630
35.166	732.974	550.188
35.028	732.967	550.070
35.491	732.139	550.685
35.702	732.187	551.975
35.370	732.565	552.619
35.516	733.012	552.276
35.197	732.385	552.031
35.164	732.513	550.431
34.926	732.593	549.657
35.566	732.757	550.051
35.238	732.130	549.339
35.127	731.386	548.759
35.484	732.128	547.933
35.552	732.549	547.086
35.528	732.688	548.443
35.338	732.419	549.536
34.955	732.329	550.996
35.079	732.529	551.472
34.964	733.481	551.670
35.622	734.325	551.406
35.369	734.012	550.731
35.494	735.001	550.016
35.047	734.584	550.483
35.237	733.735	550.085
35.488	732.980	551.651
34.891	733.562	549.925
34.832	732.824	549.578
35.066	732.597	550.805
35.201	733.353	549.629
34.970	732.548	549.047
35.306	732.256	549.592
34.909	732.413	548.952
35.090	732.073	549.541
35.598	732.918	550.046
35.038	733.575	548.882
35.144	733.517	547.525
35.088	732.711	549.016
35.649	733.003	549.408
35.522	734.060	549.005
35.580	735.885	547.721
35.744	736.898	547.764
35.346	735.736	547.170
34.267	734.017	547.547
34.946	731.730	548.516
35.316	732.405	548.292
35.661	732.079	546.166
35.813	731.627	546.459
35.179	731.895	546.994
35.437	732.437	548.074
34.901	732.848	548.379
35.778	733.201	548.333
35.851	733.753	547.493
35.440	734.088	547.659
35.371	732.643	549.690
35.029	733.572	548.823
35.275	733.715	549.325
35.247	733.925	549.632
35.167	733.074	551.275
35.153	733.144	551.492
35.531	732.947	550.462
34.909	733.186	550.458
35.494	733.510	549.828
35.273	733.267	550.970
35.710	733.707	550.350
35.454	733.945	549.355
35.378	733.484	549.228
35.595	733.212	549.837
34.742	733.046	550.597
35.111	732.926	551.038
35.170	732.309	551.747
35.489	732.013	552.058
34.984	732.804	552.170
35.457	733.320	552.300
35.527	733.307	551.424
35.232	732.556	551.185
35.236	732.646	551.548
35.187	732.445	551.725
35.425	731.493	552.213
35.540	731.030	551.996
35.727	731.940	551.117
35.309	732.642	550.705
35.067	732.480	551.612
35.092	732.618	551.180
35.401	732.016	551.210
35.342	732.674	549.044
35.127	733.143	547.799
35.733	733.557	547.093
35.538	734.485	546.232
35.960	732.913	548.176
35.480	732.018	550.263
35.591	731.719	550.036
34.792	732.671	549.248
35.331	732.029	549.303
35.064	732.255	549.765
35.238	732.697	549.312
35.371	733.686	548.910
35.140	733.611	550.484
35.404	733.393	550.605
35.468	732.369	550.356
35.184	731.786	550.522
35.293	731.975	551.301
35.195	732.009	550.436
35.470	732.810	549.122
35.305	732.858	548.306
35.166	732.935	547.124
35.546	732.850	547.546
35.595	732.515	548.486
35.474	733.251	547.047
35.711	733.107	546.729
35.514	733.720	546.785
35.527	733.880	546.231
35.286	733.270	546.087
35.122	731.722	545.562
35.355	731.566	546.221
35.366	731.543	547.404
35.398	731.670	548.454
35.162	730.836	550.146
34.941	731.215	549.817
35.339	732.281	549.889
35.331	732.209	550.430
35.034	732.751	550.500
35.418	732.713	550.569
35.071	732.622	551.567
35.501	733.654	551.375
35.369	732.999	552.287
35.709	733.283	551.619
35.095	733.908	551.175
35.614	733.626	550.216
35.300	732.952	550.458
35.321	733.844	549.690
35.297	734.253	551.125
35.296	734.287	551.388
35.387	734.019	550.113
35.186	733.359	549.870
35.300	733.069	549.769
35.483	733.069	549.184
35.815	733.188	549.192
35.548	732.409	550.085
35.234	732.127	549.501
35.085	733.402	549.381
35.624	732.917	549.820
35.241	734.053	549.774
35.751	734.475	549.443
35.096	733.928	550.334
35.370	735.174	550.313
35.344	735.002	549.663
35.461	734.967	549.895
35.583	735.041	549.769
35.282	734.759	548.799
35.430	734.595	549.213
35.578	735.026	549.500
34.999	734.397	549.698
35.659	734.446	549.308
35.228	734.266	549.047
35.279	733.102	550.006
35.311	733.828	549.000
35.144	733.245	550.290
35.096	733.451	549.496
35.239	733.833	550.047
35.233	734.316	550.129
35.465	735.770	548.789
35.600	736.073	548.841
35.383	736.285	549.244
35.465	736.506	548.672
35.118	736.638	548.979
35.597	736.589	549.525
35.380	736.665	549.298
35.635	736.015	549.475
35.288	735.271	550.440
35.507	734.195	550.356
35.389	734.173	550.366
35.262	734.440	550.221
35.451	733.842	550.188
35.409	733.951	549.416
35.459	733.858	548.135
35.769	733.730	548.595
35.415	733.511	549.298
35.459	732.616	549.631
35.518	732.068	550.248
35.600	731.047	551.223
35.366	731.301	551.351
35.451	731.172	550.798
35.567	730.196	551.014
35.136	729.571	550.011
35.243	729.970	549.836
35.563	729.801	550.424
35.163	730.667	549.551
35.418	731.327	549.903
35.552	732.546	549.457
35.328	732.735	549.950
35.100	732.799	550.850
35.291	733.707	550.371
34.820	732.797	550.449
34.941	732.378	549.734
35.299	731.773	549.173
35.502	732.173	549.502
35.547	733.108	549.207
35.514	732.440	549.332
35.210	731.347	550.347
35.232	730.646	550.327
35.474	730.364	550.639
35.144	730.234	551.711
35.725	730.752	551.958
35.065	731.537	550.992
35.530	731.243	551.626
35.916	731.080	551.563
35.331	731.164	551.814
35.937	729.854	552.872
35.817	729.894	553.322
35.502	729.624	553.045
35.643	730.635	553.097
35.419	732.340	552.476
35.400	731.212	552.180
35.332	731.364	551.731
34.854	732.392	551.959
35.197	734.145	551.272
35.353	735.451	550.586
34.973	734.863	551.406
35.432	735.581	551.579
35.534	736.019	552.181
35.148	735.237	552.862
35.336	734.750	552.346
35.418	734.696	551.540
35.370	733.944	552.045
34.862	733.398	551.366
34.957	732.570	550.416
35.553	731.746	551.096
35.058	732.984	550.879
35.667	733.273	551.006
35.282	732.646	551.606
35.095	734.139	551.109
35.241	733.687	551.976
35.357	734.537	551.109
35.120	734.102	551.296
35.354	733.322	551.508
35.288	732.825	552.627
35.789	733.549	553.625
35.648	734.451	553.130
35.619	734.876	552.401
35.419	735.437	552.060
35.498	734.454	552.971
35.477	734.788	552.390
35.514	735.442	551.677
35.540	734.969	552.020
35.062	734.313	552.334
35.515	734.675	551.714
35.165	734.472	551.132
34.610	733.115	550.770
35.614	731.418	551.900
35.119	731.053	551.573
35.391	731.369	551.975
35.282	732.544	550.939
35.240	733.380	550.632
35.490	733.348	551.229
35.146	734.162	550.966
35.158	735.184	551.127
35.738	735.703	550.196
35.528	735.686	550.029
35.359	735.471	550.225
35.778	734.177	550.095
35.425	735.142	548.313
35.565	735.499	547.846
35.616	735.125	549.206
35.770	735.313	549.038
35.431	734.036	550.578
35.346	733.926	551.239
35.260	733.673	550.392
35.403	732.769	550.278
35.158	732.689	550.147
35.072	733.564	549.796
35.563	734.898	549.140
35.169	734.027	549.328
35.301	733.753	550.044
35.319	733.851	551.248
34.966	735.217	550.864
35.478	735.315	550.714
35.583	735.610	550.558
35.469	735.349	551.760
35.150	734.493	552.171
35.160	733.582	552.453
35.505	732.955	553.070
35.254	732.789	553.021
34.865	733.391	551.678
35.270	732.261	551.594
35.554	732.513	551.534
35.496	734.335	550.280
35.620	734.099	550.175
35.723	733.679	549.928
35.378	733.681	550.286
35.529	733.687	550.151
35.160	733.602	550.224
35.126	733.696	550.907
35.461	734.575	551.075
35.829	734.914	550.870
35.168	733.882	551.833
35.610	733.873	552.363
35.464	734.297	551.734
35.703	734.845	550.476
35.453	735.188	549.399
35.493	734.534	549.181
35.326	734.344	550.033
34.850	732.653	549.952
35.068	732.781	548.523
35.343	733.754	547.836
35.418	733.135	547.856
34.814	732.849	548.988
35.496	732.543	549.984
35.475	731.850	551.102
35.468	733.462	550.059
35.300	733.118	549.672
35.404	732.736	549.824
35.714	734.159	548.443
35.435	734.589	548.307
35.157	735.071	548.472
35.490	734.975	548.437
35.666	734.826	547.958
35.688	735.125	548.612
35.266	734.751	548.026
35.159	733.758	549.267
35.295	733.238	549.793
35.554	733.215	549.727
35.589	732.463	550.368
35.289	732.234	550.757
35.161	731.981	552.276
35.836	732.432	552.384
35.273	732.187	552.501
35.442	732.540	552.594
35.395	731.748	553.810
35.433	730.917	553.852
35.227	730.973	553.183
35.276	732.337	552.656
35.544	733.201	551.655
34.986	733.279	550.736
34.832	733.309	550.009
35.101	732.276	549.870
35.390	732.034	550.324
35.135	731.763	551.026
35.225	732.488	550.628
35.295	732.791	550.751
35.450	734.021	551.164
35.340	733.890	550.752
35.300	733.421	551.236
35.206	733.808	550.921
35.237	734.070	551.351
35.194	733.079	550.756
34.960	732.332	551.065
35.264	731.995	550.664
35.450	733.538	550.372
35.156	734.100	549.679
35.104	733.172	551.178
35.435	732.917	551.980
35.415	732.650	552.611
35.009	732.810	551.893
34.888	731.553	552.050
34.555	730.916	551.726
35.226	730.848	550.913
34.946	730.629	550.074
35.071	731.391	549.433
34.870	731.309	549.577
35.262	730.884	551.203
35.314	731.521	551.003
35.415	731.480	551.962
35.539	731.273	553.244
35.246	731.980	551.933
35.342	731.753	551.885
35.067	731.464	552.307
35.432	730.928	551.776
35.338	732.435	551.150
35.234	732.243	550.152
34.885	732.296	551.044
34.925	732.207	552.411
35.760	732.383	552.830
35.702	732.047	553.759
35.528	732.193	553.963
35.538	731.769	554.509
35.310	732.851	553.930
35.423	733.438	553.524
35.438	732.964	552.806
35.165	732.502	551.604
35.039	733.200	550.635
34.906	733.535	548.570
35.462	733.087	548.999
35.347	733.132	547.707
35.883	734.318	547.804
35.741	735.621	547.619
35.776	737.104	547.516
35.292	736.369	549.427
35.433	735.318	549.653
35.267	734.721	550.268
35.332	734.014	551.206
35.378	734.264	551.786
35.532	734.137	551.035
35.389	733.657	551.222
35.226	733.670	551.445
35.161	733.506	551.803
34.942	733.462	551.934
35.545	732.773	551.548
35.193	733.741	550.807
35.569	734.549	551.343
35.363	734.924	551.326
35.638	734.887	551.098
35.566	734.654	550.773
35.428	735.427	550.914
35.342	735.300	551.118
35.655	735.271	550.940
35.524	734.409	552.306
36.007	732.488	553.293
35.459	731.616	552.979
35.768	732.148	552.207
35.631	731.192	553.120
35.391	731.991	552.938
35.589	732.198	553.157
35.350	731.977	552.629
35.329	731.731	552.198
35.258	732.303	551.469
35.522	732.289	551.700
35.386	732.724	551.497
35.005	733.289	550.388
35.383	733.574	548.932
35.078	733.300	548.565
35.302	733.444	547.780
35.973	733.773	547.294
35.683	734.396	547.277
35.316	733.490	547.976
35.545	733.643	547.988
35.706	734.083	548.190
35.638	733.376	549.359
35.349	732.349	550.139
35.203	732.788	549.560
35.625	733.436	549.279
35.640	733.033	548.810
35.477	732.622	550.185
35.207	732.617	549.874
35.405	732.538	550.989
35.282	732.958	551.424
35.063	732.637	552.065
35.185	733.164	552.562
35.438	732.476	552.046
35.440	732.918	552.173
35.489	733.913	551.967
35.456	734.792	551.545
35.041	735.226	552.017
35.671	735.086	552.127
35.071	733.323	552.383
35.197	732.605	552.684
35.136	732.907	552.615
35.597	733.359	552.414
35.062	733.421	551.886
35.446	733.055	552.571
35.455	734.129	552.340
35.415	734.473	551.925
35.770	735.575	550.527
35.398	735.979	551.112
35.743	736.313	550.818
35.351	736.091	551.398
35.657	735.435	551.716
35.191	734.677	551.515
35.455	735.089	551.500
35.635	733.743	551.782
35.082	734.101	552.685
35.704	733.507	553.151
35.564	733.485	553.443
35.158	733.421	552.333
35.420	732.998	551.718
35.317	733.544	550.896
35.688	735.124	550.425
35.126	735.694	548.883
35.365	734.374	549.458
35.216	733.171	550.084
35.244	732.902	550.183
35.328	732.694	550.132
35.250	732.438	549.998
35.441	732.335	549.750
35.485	732.759	548.868
35.115	733.642	549.623
35.652	734.187	549.721
35.961	734.081	549.405
35.205	733.832	549.138
35.503	734.137	549.568
35.442	733.741	550.165
34.961	733.614	550.313
35.490	734.079	550.103
35.305	733.768	550.721
35.447	734.157	551.678
35.545	733.911	552.360
35.463	734.235	552.430
35.221	733.933	551.865
35.127	735.239	551.787
35.671	735.867	552.131
35.133	737.503	550.513
35.390	736.981	551.038
35.421	735.461	550.883
35.549	734.353	551.701
35.679	734.869	551.360
35.538	734.321	551.708
35.222	733.710	551.865
35.465	734.119	551.325
35.490	735.203	550.579
35.723	735.617	551.121
35.234	735.443	551.343
35.262	736.242	550.600
35.393	735.531	551.324
35.747	736.100	551.263
35.103	735.821	550.793
34.999	735.111	550.331
34.919	735.251	549.527
35.308	735.327	548.759
34.805	733.919	548.954
35.089	732.232	549.537
35.409	731.584	550.479
35.013	731.874	550.224
35.236	732.312	550.161
35.305	732.267	550.297
35.302	731.978	550.994
35.356	731.326	552.055
35.746	731.513	552.074
35.069	732.067	552.552
35.470	732.061	552.237
35.789	731.777	551.698
35.169	731.928	551.873
35.369	731.769	552.633
35.216	732.697	551.339
35.221	732.532	551.571
34.925	733.374	551.355
35.251	733.456	552.227
35.353	732.923	552.503
35.196	733.002	553.211
35.392	733.803	553.050
35.108	732.107	552.926
35.238	732.143	552.264
35.248	732.372	552.000
34.889	732.457	550.555
35.578	732.632	550.144
35.242	733.315	548.554
35.622	733.251	548.126
35.247	732.919	548.356
35.244	732.948	548.956
35.462	733.622	549.471
36.034	733.247	550.345
35.216	733.653	550.500
35.102	733.402	551.266
35.405	734.239	551.834
35.339	735.602	551.609
35.530	736.265	552.106
35.751	735.138	552.753
35.062	733.602	553.134
35.283	732.932	552.556
35.151	732.105	552.855
35.443	732.972	551.453
35.557	733.636	550.636
35.260	733.157	551.841
35.512	732.892	553.153
34.983	734.156	553.185
35.795	734.051	553.785
36.050	734.046	553.919
35.466	735.512	552.681
35.413	735.513	552.685
35.739	735.603	552.899
34.806	735.306	551.485
35.024	734.099	551.329
35.212	734.081	550.833
35.221	734.187	551.481
35.335	734.714	550.580
35.736	734.976	550.056
35.158	734.556	549.728
35.433	734.538	549.605
35.514	735.731	549.594
35.656	736.668	549.219
35.348	735.768	550.154
35.422	736.114	550.755
34.978	734.604	552.827
35.389	734.721	552.493
35.138	734.312	551.823
35.363	734.241	551.780
35.666	734.510	552.095
35.470	733.989	552.574
35.202	733.532	552.376
35.428	733.833	552.038
35.364	733.953	551.747
35.557	733.879	551.832
35.320	733.112	552.060
35.082	732.486	552.309
35.671	731.047	553.158
35.322	730.159	553.357
35.508	729.862	552.993
35.175	730.374	551.557
35.260	730.834	552.035
35.121	731.638	551.234
35.281	731.576	551.301
34.925	731.850	551.838
35.088	732.360	552.456
35.517	732.321	552.455
35.724	731.654	552.484
35.381	731.872	552.974
35.658	732.105	552.700
35.330	733.624	550.950
35.089	734.015	551.653
35.512	733.541	552.165
35.595	732.979	552.486
35.145	731.873	552.139
34.965	732.146	551.811
35.266	732.339	551.297
35.674	733.920	549.152
35.259	733.901	548.850
35.144	733.356	550.116
35.124	731.616	549.913
35.336	731.607	550.373
35.208	730.756	551.328
34.847	730.790	550.211
35.166	731.950	549.625
35.223	732.292	550.069
35.183	732.773	550.330
35.394	733.276	550.670
35.173	732.810	551.140
35.428	732.735	550.673
35.301	732.744	551.326
35.726	733.517	550.739
35.490	734.393	551.098
35.412	735.573	549.317
35.538	735.343	548.687
35.401	734.348	550.009
35.427	734.113	550.267
35.497	733.866	550.641
35.515	733.905	551.846
35.053	734.072	552.023
35.547	733.654	552.694
35.330	733.503	553.603
35.703	733.630	554.597
35.791	733.373	554.788
35.347	732.506	555.010
35.599	733.435	554.645
35.204	734.308	552.896
35.317	734.733	552.295
35.261	733.979	551.572
35.241	733.942	551.434
35.117	734.489	550.702
35.540	734.153	551.174
35.350	734.009	550.955
35.243	734.196	551.054
35.718	732.983	552.468
35.573	732.858	552.318
34.703	732.527	552.020
35.109	732.726	551.754
35.351	732.531	552.096
35.303	732.534	552.579
35.031	732.559	552.242
35.056	732.407	552.073
35.252	731.706	550.508
34.855	730.934	551.015
35.406	730.964	551.131
34.940	730.903	550.702
35.385	729.983	550.936
35.359	729.328	551.066
35.697	731.282	549.772
35.180	733.044	548.758
35.421	733.777	547.953
35.112	733.515	547.867
35.009	732.864	547.988
35.205	733.192	546.482
35.555	733.498	546.417
35.645	733.143	546.841
35.520	732.938	548.412
35.219	731.849	549.568
35.089	730.986	550.566
35.391	729.824	551.914
36.001	729.590	552.489
35.847	728.790	552.621
35.916	729.091	552.960
35.548	729.388	552.510
35.869	729.719	552.478
35.647	731.102	551.928
35.548	731.921	552.070
35.087	731.703	552.456
35.466	730.729	552.649
35.737	732.106	552.002
35.607	733.181	552.012
35.724	732.875	552.290
35.414	733.342	551.444
35.218	733.883	550.899
35.794	733.960	551.553
35.683	733.601	552.831
35.220	734.033	553.096
35.667	734.455	552.203
35.472	734.047	550.911
35.562	734.220	550.704
35.495	733.223	551.216
35.024	733.500	550.443
35.612	734.984	548.641
35.194	735.554	548.515
35.561	736.076	549.310
35.710	736.189	549.448
35.267	736.058	548.797
35.967	736.312	548.363
35.853	736.612	547.692
35.300	736.982	547.873
35.624	736.702	548.793
35.548	735.882	549.996
35.708	735.753	549.754
35.474	735.553	550.272
35.432	734.458	551.564
35.642	733.994	552.029
35.656	733.914	552.111
35.297	733.332	551.922
35.336	733.197	552.196
35.475	733.220	551.980
35.564	734.085	551.215
35.432	735.175	548.638
35.189	733.865	549.326
35.511	733.968	549.977
35.288	734.145	550.357
34.873	733.593	550.838
35.293	734.742	550.257
35.306	735.031	550.407
35.294	734.433	550.680
35.545	735.044	550.623
35.333	737.622	550.173
35.464	737.569	550.571
35.586	736.215	551.606
35.810	734.977	553.084
35.225	734.656	552.224
34.987	734.818	551.247
35.334	735.270	550.273
35.478	735.270	550.296
35.519	735.237	549.622
35.356	734.977	550.079
35.505	734.593	550.524
35.472	734.415	550.927
35.319	733.195	551.671
35.244	732.381	551.846
35.344	731.048	552.084
35.214	731.190	551.041
35.256	731.481	551.711
35.707	731.829	552.719
35.133	733.090	553.067
35.325	733.315	553.674
35.562	733.542	554.891
35.702	734.937	554.773
35.164	734.167	554.468
35.325	733.834	553.841
35.277	733.069	553.159
35.355	734.278	550.883
35.194	734.288	550.088
35.483	734.102	549.775
34.863	733.690	551.019
35.042	734.259	550.685
35.232	734.541	551.607
35.479	734.232	553.027
35.355	734.608	552.428
35.249	735.117	550.961
35.385	735.183	550.913
35.122	734.100	552.334
35.291	733.743	551.526
35.189	733.971	552.130
35.261	734.208	552.093
35.537	734.534	552.127
35.274	734.852	551.361
35.340	734.799	550.760
35.454	733.911	551.570
35.591	734.148	552.114
35.255	734.923	552.395
35.896	736.174	550.867
35.315	735.697	550.248
35.530	734.462	550.230
35.103	733.866	549.246
35.470	733.385	550.007
35.249	733.373	549.440
35.491	731.881	550.175
35.020	731.616	550.362
35.335	731.784	550.580
35.151	732.700	551.292
35.316	733.133	551.594
35.240	732.354	552.170
35.373	731.331	552.931
34.968	731.737	553.154
35.696	732.047	553.378
35.500	732.625	552.891
35.621	734.172	552.633
35.030	733.524	553.422
35.524	735.123	551.791
35.611	736.323	549.978
35.351	735.591	549.321
35.393	735.659	548.381
35.372	735.660	548.785
35.073	734.463	550.020
35.101	733.258	550.849
35.303	731.585	550.944
35.471	731.516	551.185
35.672	731.567	551.545
35.476	732.330	552.138
35.444	732.329	552.477
35.568	731.972	552.256
35.397	731.421	552.520
35.311	731.719	552.702
35.551	732.695	552.292
35.188	733.976	550.851
35.415	734.228	549.501
34.941	733.074	549.578
34.927	733.321	548.355
35.708	733.159	547.902
35.673	733.558	547.417
35.300	733.959	547.219
35.488	733.193	547.681
35.523	732.575	548.138
35.731	732.602	548.985
35.084	732.223	550.769
34.830	731.569	552.344
35.228	731.810	553.064
35.368	732.476	553.337
35.343	731.658	553.554
35.574	732.311	553.345
35.166	732.566	551.689
35.273	733.764	550.820
35.213	733.343	551.917
35.596	732.527	552.128
35.416	731.857	552.737
35.184	731.639	553.052
35.626	731.510	552.840
35.349	731.232	553.340
34.815	731.445	551.800
35.644	730.875	551.488
35.215	730.674	550.632
35.349	730.805	551.518
35.465	731.088	552.176
35.608	731.066	551.934
35.334	732.367	550.330
35.157	731.240	550.567
35.017	730.659	551.076
35.397	731.508	551.569
35.290	732.431	551.914
35.669	732.406	551.921
35.759	733.353	551.297
35.428	734.222	550.732
35.485	734.136	551.312
35.320	733.470	551.658
35.047	732.937	551.949
35.207	732.486	551.679
35.324	732.603	550.586
35.061	732.977	550.346
35.034	733.015	550.108
34.909	733.113	550.598
35.354	732.946	551.278
35.416	733.531	550.708
35.023	734.046	551.660
35.499	734.692	552.295
35.012	735.030	550.706
35.385	734.445	551.155
35.552	733.962	550.421
35.145	733.749	550.252
35.577	733.524	550.853
35.189	733.833	550.960
35.469	735.098	549.883
35.438	735.060	549.825
35.274	734.358	549.671
35.662	735.225	548.557
35.972	736.612	548.167
35.437	737.451	547.495
35.614	737.124	546.292
36.110	736.960	546.359
35.763	736.551	546.757
35.606	736.901	546.262
35.439	736.039	546.927
35.544	735.987	546.959
35.517	735.241	548.217
35.056	734.546	548.974
35.340	734.343	549.366
35.498	734.181	549.014
36.102	734.651	549.502
35.603	734.980	550.633
35.762	734.700	551.089
35.454	734.786	550.664
35.543	734.741	552.631
35.504	735.556	552.498
35.386	736.819	550.881
34.891	736.492	549.893
34.988	734.146	550.707
35.182	733.062	551.071
34.900	732.401	551.218
35.511	732.535	550.566
35.376	732.701	551.955
34.741	731.875	551.212
35.309	732.920	549.678
35.504	734.415	549.212
35.384	733.567	549.779
35.448	733.558	550.737
35.451	733.566	551.072
35.390	732.987	551.135
35.226	732.185	552.053
35.458	731.816	552.169
35.485	732.598	551.730
35.743	733.401	552.680
35.256	733.107	553.198
35.394	733.762	552.521
35.278	733.951	552.560
35.305	734.384	552.257
35.437	734.246	551.997
35.447	733.775	552.858
35.208	733.134	551.669
35.212	733.500	550.423
35.351	732.609	550.452
34.981	732.138	550.888
35.250	732.204	551.341
35.151	732.292	551.477
35.246	732.366	551.714
35.045	732.831	551.518
35.512	732.656	552.256
35.297	732.708	552.083
35.273	731.887	552.099
35.255	731.539	552.344
35.262	732.466	551.756
35.524	733.414	550.940
35.723	733.891	550.953
35.348	734.150	551.976
35.139	733.746	552.705
35.224	733.633	553.123
35.455	733.367	553.467
35.563	734.223	552.736
35.216	733.689	553.154
35.767	733.547	553.061
35.514	732.809	553.483
35.726	732.449	552.846
35.133	732.042	551.597
35.683	732.956	550.541
35.200	733.456	550.313
35.426	733.803	549.844
35.200	734.365	551.411
35.245	734.592	551.862
35.220	735.105	552.436
35.156	734.096	552.592
35.445	733.591	553.358
35.339	733.641	553.557
35.958	733.134	554.491
35.945	732.744	554.139
35.261	732.761	553.425
35.298	732.461	552.018
35.277	732.731	551.554
35.319	733.542	550.583
34.838	733.614	550.259
35.261	733.246	550.801
35.515	732.642	551.097
34.917	732.258	551.362
34.910	732.177	551.636
35.151	732.825	551.883
35.413	733.307	551.930
35.721	733.015	552.653
35.265	733.524	553.134
35.694	733.829	552.660
35.491	734.657	552.229
34.991	734.482	551.264
35.624	733.588	552.274
35.773	733.580	551.613
35.576	733.933	552.161
35.741	733.162	553.630
35.591	733.131	554.920
35.733	734.125	554.839
35.391	734.297	554.368
35.278	733.408	553.170
35.020	732.906	552.140
35.138	733.524	551.857
35.324	733.016	551.968
34.934	732.453	551.739
35.545	732.224	551.147
35.161	731.546	550.814
35.388	732.628	550.649
35.410	733.508	549.484
35.385	733.247	548.963
35.699	733.416	548.544
35.601	733.047	549.482
35.263	733.304	549.234
35.005	733.226	550.413
35.324	733.298	550.904
35.186	735.224	549.893
35.522	737.409	549.103
35.676	738.086	549.013
35.826	738.599	548.919
35.319	738.098	550.274
35.541	736.420	551.300
35.352	735.629	551.475
35.852	736.488	551.264
36.171	736.433	549.958
35.378	736.217	548.813
35.439	735.555	547.398
35.892	736.579	545.638
35.923	737.486	545.692
35.702	737.868	545.838
35.135	738.185	546.975
35.411	738.031	548.167
35.833	736.987	548.789
35.389	735.481	548.411
35.389	733.703	548.036
35.208	732.497	548.902
35.408	732.644	548.863
35.439	732.943	549.278
35.174	732.625	550.209
35.062	732.122	551.776
35.398	732.796	551.812
35.565	733.998	551.317
35.371	733.667	552.062
35.595	734.635	551.398
35.171	735.402	551.059
35.517	734.642	551.535
35.387	734.694	553.074
35.474	734.665	553.815
35.546	735.482	552.198
35.755	734.281	553.144
35.439	734.275	553.314
35.357	733.788	552.695
35.395	733.479	552.906
35.551	733.945	552.177
35.525	732.907	552.707
35.397	732.632	553.350
35.351	732.940	553.052
35.413	732.223	553.394
35.442	732.434	552.549
35.809	731.884	552.672
35.331	732.477	551.777
35.934	733.897	550.090
35.396	735.443	549.159
35.337	734.833	549.738
35.552	734.003	551.116
35.233	733.736	550.427
35.433	733.153	549.739
35.625	734.408	548.766
35.573	735.044	548.252
35.450	734.825	547.842
35.215	734.337	547.175
35.779	733.319	547.750
35.290	732.766	548.186
35.524	733.172	547.926
35.458	733.331	548.795
34.943	732.901	549.614
34.754	733.010	551.515
34.987	733.094	551.837
35.685	731.402	553.212
35.397	731.033	552.772
35.548	731.965	552.315
35.444	732.634	551.891
35.217	733.036	552.788
35.356	733.222	553.083
35.429	733.279	553.137
35.321	732.918	552.796
35.601	732.966	552.530
35.146	734.178	552.395
35.625	733.529	551.940
35.216	733.068	551.755
34.872	733.681	550.772
35.510	733.502	551.464
35.144	733.978	551.543
35.438	732.456	552.640
35.673	732.468	552.797
35.793	733.799	551.361
35.759	735.082	550.273
35.139	734.235	550.194
35.501	733.553	550.162
35.652	733.951	549.856
35.099	733.195	550.854
35.694	733.139	551.042
35.253	733.663	550.325
35.521	734.204	549.844
35.639	734.008	549.282
35.438	733.280	549.107
34.250	730.959	549.291
35.451	730.212	549.505
35.227	729.995	549.961
35.616	729.922	550.249
35.440	730.372	549.803
35.479	731.660	549.184
35.550	731.553	549.149
35.166	731.507	548.809
35.223	731.955	548.664
35.226	732.114	549.805
35.186	732.242	551.607
35.719	732.248	551.837
35.558	732.707	551.744
35.905	733.683	551.444
35.605	733.884	551.599
35.450	732.611	552.543
35.398	732.193	552.848
35.248	732.464	552.276
35.360	732.594	550.977
35.047	733.487	550.404
35.452	732.986	551.010
35.654	734.108	550.083
35.276	734.907	550.453
35.477	733.991	550.907
35.399	733.584	551.822
35.345	732.533	551.892
35.459	733.105	551.820
35.738	734.248	551.044
35.513	734.893	550.266
35.208	734.154	550.365
35.830	734.479	548.937
35.429	733.791	549.179
35.340	733.981	549.471
35.534	733.831	548.806
35.069	733.338	549.543
35.131	732.171	549.881
34.890	732.586	550.477
35.724	732.480	551.068
35.496	732.186	551.473
35.110	732.244	550.714
35.036	731.099	551.382
35.309	731.178	551.005
35.256	731.371	551.374
35.107	731.889	551.009
35.229	731.271	551.508
35.420	731.126	552.362
35.256	731.264	551.812
35.221	731.814	551.539
35.184	733.018	551.916
35.501	733.360	551.055
35.489	733.576	551.477
35.427	734.499	551.556
35.686	733.983	551.952
35.592	733.587	551.819
35.061	734.046	550.621
35.312	733.366	551.190
35.103	732.835	551.251
35.300	732.556	551.323
35.345	732.583	552.274
35.227	733.569	552.184
35.507	734.258	551.698
35.427	734.375	551.592
35.434	733.774	552.214
35.044	734.052	551.502
35.282	733.397	551.934
35.422	733.099	551.425
35.547	733.168	550.889
35.652	733.133	551.188
35.132	733.744	550.978
35.682	735.939	549.323
35.625	736.185	548.830
35.420	736.172	548.958
35.054	735.717	550.871
35.121	735.873	551.410
35.929	736.079	550.040
35.694	734.872	550.128
35.337	736.437	549.147
35.582	736.909	549.144
35.670	735.351	550.255
35.669	734.008	551.627
35.250	733.774	552.378
35.281	735.079	551.487
35.593	735.242	550.871
35.381	734.291	552.125
35.710	732.821	553.048
35.425	732.638	553.557
35.267	733.521	553.000
35.203	732.407	553.177
35.374	731.368	553.167
35.439	730.904	553.845
35.584	731.080	553.874
35.115	731.636	552.261
35.383	731.156	551.650
35.124	731.522	550.740
35.572	731.872	550.742
35.919	732.946	551.344
35.116	734.203	551.924
35.487	734.079	552.053
35.592	734.351	551.637
35.079	733.773	551.339
35.490	733.556	550.984
35.003	733.149	550.754
34.920	732.575	550.042
35.369	731.833	551.728
35.292	731.590	552.048
35.328	732.052	551.033
35.054	731.785	551.272
35.143	732.533	549.931
35.414	732.804	549.855
35.926	732.942	549.989
35.619	732.585	550.085
35.537	733.676	549.424
35.614	735.184	548.175
35.683	735.657	547.821
35.482	735.124	547.768
35.638	734.867	548.486
35.145	733.844	550.011
35.170	733.472	550.729
35.029	733.597	550.273
35.176	732.968	550.534
35.031	732.483	550.065
35.176	732.017	550.819
35.691	731.796	551.919
35.325	733.379	551.780
35.068	732.913	550.753
35.085	732.133	552.287
35.225	732.060	552.040
35.602	731.065	552.724
35.046	730.369	552.632
35.503	729.789	553.097
35.026	729.705	551.721
35.182	730.890	550.401
35.723	730.300	551.321
35.765	729.245	551.613
35.251	729.581	550.540
35.258	730.096	548.979
35.558	730.345	548.637
35.293	729.799	549.630
35.218	730.608	550.450
35.345	732.199	549.952
35.442	732.528	550.242
35.519	734.375	548.753
35.659	734.787	547.786
35.599	734.314	547.963
35.720	734.347	548.198
35.351	734.353	548.507
35.503	733.464	549.738
35.601	734.045	549.764
35.563	734.151	549.282
35.886	734.568	548.913
35.381	734.435	549.278
35.686	734.386	549.073
35.521	735.870	548.164
35.549	736.338	548.222
35.692	736.904	548.084
35.575	737.058	548.718
35.813	736.211	550.064
35.339	736.338	548.243
35.351	736.165	547.739
35.661	735.255	549.463
35.543	734.537	548.859
35.057	733.689	550.659
35.776	733.443	551.876
35.912	732.402	553.001
35.528	733.096	552.362
35.857	733.235	551.998
35.243	732.464	552.589
35.695	732.650	553.099
35.359	732.530	552.626
35.426	732.531	553.550
35.200	733.166	553.692
35.700	732.520	554.413
35.523	732.794	554.941
35.472	732.602	555.505
35.684	734.392	554.409
35.904	734.759	553.104
35.581	735.394	551.699
36.029	735.263	551.798
35.765	735.290	552.023
35.824	734.131	553.252
35.317	734.395	552.350
35.313	735.377	550.782
35.512	735.725	550.195
35.398	734.782	550.483
35.230	733.314	550.705
35.097	733.032	550.404
35.440	733.664	549.862
35.499	733.757	550.010
35.532	734.942	549.658
35.262	736.059	549.772
35.609	736.389	549.327
35.660	736.219	548.978
35.572	736.250	547.667
35.726	736.434	547.180
35.681	736.313	546.831
35.209	736.525	547.908
35.498	736.960	548.382
35.434	737.802	548.590
35.708	736.913	550.275
35.083	735.666	550.657
35.101	734.818	551.529
35.417	735.157	552.181
35.167	734.251	553.375
35.391	735.046	552.948
35.569	734.973	553.325
35.370	734.177	553.853
35.720	733.794	554.821
35.465	734.482	553.777
35.544	733.674	554.270
35.742	733.894	553.554
35.411	733.495	553.782
35.243	732.161	554.365
35.722	732.598	553.989
35.318	733.896	553.067
35.426	734.938	552.544
35.480	735.011	552.893
35.651	735.149	552.323
35.684	735.313	551.765
35.318	734.843	551.782
35.610	735.286	552.136
35.437	735.237	550.913
35.179	734.933	549.303
35.369	734.746	548.735
35.738	735.020	549.178
35.269	734.726	550.314
35.501	733.697	551.350
35.425	733.417	552.385
35.698	731.900	552.951
35.342	732.216	552.454
35.039	732.669	551.300
35.506	733.142	550.496
35.417	733.192	548.781
35.520	732.406	549.199
35.209	730.819	548.754
35.177	730.636	548.534
35.097	730.950	548.867
35.449	730.611	549.449
35.282	731.305	548.360
35.275	730.960	548.516
35.544	731.046	548.889
35.313	729.913	549.457
35.239	730.030	550.125
34.843	730.899	550.512
35.408	731.927	550.142
35.168	733.170	550.275
35.603	733.770	550.372
35.373	734.525	549.457
35.307	735.008	549.408
35.368	735.281	548.936
35.830	735.574	548.813
35.148	735.437	549.605
35.191	734.784	550.346
35.629	735.266	550.268
35.357	734.583	551.065
35.171	733.440	551.678
35.316	733.183	551.475
35.433	732.898	551.339
35.300	732.450	551.885
35.314	732.594	551.388
34.970	732.910	551.795
35.433	733.936	551.939
35.331	734.008	552.221
35.382	735.218	551.276
35.773	735.234	550.972
35.727	735.278	551.151
35.658	735.487	551.255
35.374	735.026	550.849
36.000	734.336	551.564
35.304	734.068	552.963
35.153	733.534	552.885
35.851	733.026	553.354
35.513	733.484	552.863
35.526	732.888	552.921
35.350	733.083	553.235
35.366	732.698	553.274
35.739	733.297	553.117
35.309	733.753	553.003
35.746	733.552	553.558
35.502	733.790	553.350
35.272	733.354	552.899
35.037	734.220	552.478
35.199	733.584	551.185
35.172	733.563	551.980
35.482	733.497	552.939
35.530	733.082	552.990
35.379	732.895	552.993
35.517	732.273	552.812
35.547	732.473	552.523
35.247	733.422	552.769
35.429	735.192	551.413
35.270	735.005	551.159
34.977	734.474	552.494
35.548	735.329	551.211
35.260	735.283	550.890
35.531	735.100	549.991
35.334	733.921	551.024
35.347	733.800	551.439
35.506	734.144	550.858
35.330	734.345	550.390
35.253	733.970	550.029
35.761	734.168	549.330
34.938	732.974	550.640
35.524	733.505	550.202
35.119	733.208	550.609
35.336	733.045	551.333
35.257	733.031	551.525
35.554	733.226	552.484
35.162	732.954	551.678
35.135	733.583	551.187
35.405	733.457	551.194
34.983	733.281	551.930
35.638	733.708	552.283
35.547	734.148	551.533
35.369	733.395	551.432
34.762	732.557	551.119
34.882	732.728	550.987
34.634	732.413	549.441
34.865	731.922	548.973
35.436	731.679	549.729
35.286	731.607	550.213
35.564	731.222	550.679
35.505	731.787	550.596
35.270	731.390	550.043
34.924	730.267	549.762
35.297	730.113	550.343
35.452	729.659	550.456
35.551	730.307	549.851
35.776	730.664	549.945
35.430	732.213	549.896
34.931	733.757	549.835
35.607	734.381	550.773
35.626	734.415	550.535
36.028	733.431	551.721
35.373	733.309	552.450
35.106	733.904	552.578
35.641	733.896	553.447
35.558	733.670	554.014
35.713	733.466	554.500
35.577	732.241	553.782
35.408	732.057	553.911
35.723	732.600	553.180
35.145	733.220	552.519
35.165	732.486	552.634
35.909	732.707	552.582
35.742	733.067	552.551
35.437	732.526	553.097
35.789	732.920	553.848
35.302	733.554	552.710
35.662	733.443	553.137
35.154	733.698	553.128
35.703	735.199	553.176
35.483	734.997	552.963
35.367	734.373	554.235
35.700	734.422	553.023
35.741	734.925	552.742
35.748	735.415	553.030
35.511	734.560	553.122
35.711	733.900	553.547
35.487	734.230	553.974
35.737	734.040	553.702
35.461	734.419	553.733
35.566	734.799	553.462
35.715	736.024	552.400
35.389	735.808	551.904
35.849	735.122	553.305
35.269	735.390	553.029
35.390	735.885	552.008
35.205	736.514	550.338
35.262	736.352	550.134
35.696	735.812	550.746
35.415	736.244	550.961
35.788	735.046	551.620
35.901	736.448	550.720
35.652	736.348	549.485
35.835	735.716	548.230
35.558	734.131	548.294
35.485	732.353	549.235
35.357	731.744	550.424
35.409	731.979	550.258
35.118	731.905	550.372
35.635	732.225	550.379
35.224	734.066	549.332
35.122	733.293	549.975
35.714	734.339	549.976
35.672	733.861	550.132
35.532	733.825	550.289
35.698	734.140	551.065
35.632	734.482	551.701
35.641	734.345	551.987
35.579	735.251	550.743
35.985	735.856	549.480
35.478	735.441	548.307
35.455	733.707	549.206
35.374	733.839	549.958
35.856	734.897	549.285
35.637	735.166	549.413
35.481	734.255	550.231
35.274	734.122	549.893
35.414	734.380	550.361
35.218	733.687	550.382
35.422	733.358	551.308
35.490	732.429	551.350
35.609	731.510	552.039
35.447	731.334	552.142
35.504	731.043	551.788
35.456	731.076	552.623
35.692	731.540	552.898
35.319	731.833	553.372
35.777	732.523	552.304
35.176	733.413	552.077
35.620	733.009	551.608
35.502	733.063	551.843
35.337	733.863	550.701
35.475	732.933	550.663
35.696	733.735	550.553
35.717	734.955	550.257
35.489	734.294	550.461
35.553	733.688	550.575
35.422	734.154	551.127
35.126	734.424	551.248
35.406	734.489	551.517
35.216	734.982	551.152
35.119	734.622	549.711
35.459	732.894	549.915
35.446	732.506	549.985
35.246	732.775	550.702
35.583	731.866	553.082
35.251	732.202	552.283
35.695	731.793	551.259
35.124	732.508	550.622
35.357	733.993	550.327
35.506	733.486	550.641
34.928	733.353	551.726
35.067	733.521	552.195
35.653	734.087	551.714
35.720	735.509	551.233
35.582	735.103	551.930
35.061	734.712	551.364
35.498	734.618	550.594
35.624	735.642	550.326
35.559	736.292	548.934
35.902	736.002	549.035
35.751	735.487	548.947
35.527	733.702	549.644
35.286	732.824	551.444
35.257	732.307	552.618
35.811	732.582	552.864
34.862	731.790	552.437
35.591	731.289	552.044
35.722	730.420	552.766
35.721	730.321	553.373
36.148	730.041	554.011
35.766	730.797	554.290
35.529	731.060	553.451
35.225	731.348	551.964
35.430	731.923	551.535
35.611	732.677	551.921
35.134	733.303	551.350
35.074	733.627	551.417
35.312	734.095	551.194
35.528	733.817	551.179
35.498	733.602	551.527
35.089	733.534	551.335
35.506	734.075	550.551
35.721	735.261	549.610
35.475	735.259	549.848
35.731	735.872	549.705
35.062	735.463	550.588
35.729	734.536	551.394
35.653	735.813	550.813
35.273	735.103	551.464
35.581	734.678	551.493
35.403	734.639	551.618
35.162	733.712	551.559
35.370	733.997	550.911
35.230	734.974	551.070
35.394	734.844	551.408
35.411	734.560	551.423
35.437	734.655	551.123
35.269	734.626	551.149
35.818	734.500	550.365
35.380	735.172	551.325
35.495	734.891	551.365
35.661	734.414	550.848
35.088	733.511	550.644
35.473	733.010	550.542
35.154	732.508	550.914
35.418	733.330	550.734
35.190	732.818	550.825
34.898	733.494	550.336
35.185	733.213	550.246
35.727	733.174	550.017
35.188	733.026	550.146
35.414	732.055	550.935
34.998	732.167	550.995
35.370	732.676	550.762
35.254	732.932	551.524
35.535	732.788	553.191
35.340	732.202	553.378
35.163	732.589	552.887
35.067	732.993	552.225
35.607	733.643	551.644
35.864	734.790	552.106
35.219	735.579	552.516
35.584	736.153	553.075
35.727	735.310	553.870
35.329	735.399	553.206
35.240	735.485	552.968
35.253	734.649	552.980
35.435	734.522	553.640
35.449	734.025	552.612
34.987	733.942	552.177
35.553	733.090	552.064
35.469	733.745	551.488
35.410	733.056	552.519
35.335	732.637	553.029
35.655	733.360	553.062
35.326	732.620	552.873
35.226	733.289	551.928
35.296	733.071	550.896
35.408	732.773	551.537
35.553	732.631	552.511
35.245	732.944	552.886
35.561	732.193	553.683
35.924	731.786	554.043
35.395	732.540	554.482
35.295	733.292	554.555
35.297	734.340	554.568
35.332	735.629	553.615
35.768	736.942	552.689
35.773	736.920	552.193
35.682	736.778	551.815
35.377	737.003	550.542
35.181	735.937	551.108
35.518	734.771	551.567
35.495	734.396	551.797
35.322	733.636	551.784
35.241	733.982	550.696
35.481	734.186	550.919
35.312	734.400	550.655
35.401	733.441	551.093
35.022	733.306	551.199
35.227	732.776	550.886
34.718	732.439	549.694
35.103	732.662	548.793
35.183	732.695	549.950
35.441	733.339	550.365
35.303	733.380	551.209
35.305	733.887	551.478
35.339	734.390	552.078
35.250	735.356	552.251
35.679	734.912	552.481
35.642	735.745	551.754
35.548	735.787	552.320
35.515	736.173	552.780
35.532	735.593	553.662
35.720	737.311	554.220
35.411	737.594	553.757
36.166	737.399	553.739
35.555	736.442	553.175
35.583	736.050	552.916
35.622	736.217	552.832
35.442	735.001	552.644
35.653	734.453	552.514
35.598	734.574	551.838
35.105	734.445	551.785
35.373	733.961	551.669
35.751	734.129	552.207
35.281	733.449	551.526
34.761	732.438	550.991
35.024	732.312	550.937
35.297	732.681	550.955
35.289	733.737	551.592
35.310	734.570	553.174
35.438	734.486	553.636
35.550	735.194	553.505
35.493	735.604	553.382
35.554	736.196	553.629
35.437	736.327	553.441
35.409	735.921	552.117
35.518	735.139	552.317
35.370	735.343	551.794
35.029	735.374	552.062
35.326	734.241	552.512
35.278	734.237	552.574
35.188	734.273	553.250
35.213	734.102	553.297
34.990	734.155	552.316
35.094	734.049	551.883
35.258	734.232	551.412
35.374	735.153	550.485
35.172	735.159	550.029
34.953	735.596	550.389
35.081	735.898	550.318
35.412	735.515	550.833
35.456	735.123	550.712
35.419	734.463	550.712
35.325	733.230	551.526
35.237	732.495	552.546
35.024	732.253	552.719
35.174	733.173	552.291
35.243	732.676	552.186
35.676	732.614	552.024
35.642	733.294	552.382
35.574	733.378	552.373
35.491	733.393	552.212
35.210	732.984	551.469
35.680	732.353	551.431
34.943	732.405	550.998
35.424	732.931	550.763
35.067	733.529	550.370
35.128	733.700	550.884
35.194	734.704	551.108
35.650	734.668	550.797
35.508	734.608	551.025
35.303	734.560	551.108
35.117	734.552	551.485
35.190	733.933	552.129
35.195	733.981	551.411
34.964	732.558	550.885
35.338	731.676	551.608
35.517	731.405	552.028
35.272	731.239	551.084
35.256	731.498	550.286
35.362	732.027	549.554
35.582	733.116	548.765
35.779	733.293	547.814
35.377	733.349	547.135
35.676	733.861	546.821
36.176	734.283	547.802
34.934	733.712	549.867
35.428	732.640	550.434
35.984	731.723	550.874
35.283	733.057	550.624
35.826	734.270	550.243
35.566	734.535	549.728
35.469	735.569	549.961
35.614	736.170	549.836
35.479	735.394	549.781
35.588	734.766	549.131
35.589	734.981	549.938
35.087	734.229	551.336
35.450	734.040	551.471
35.076	734.031	550.971
35.067	733.454	551.578
35.399	733.296	552.217
35.538	733.760	551.654
35.010	732.522	552.017
35.393	732.322	551.739
35.672	733.737	550.736
35.840	733.814	550.948
35.933	735.016	549.866
35.315	734.466	550.096
35.556	734.032	549.776
35.574	734.129	548.943
36.055	734.937	548.074
35.351	733.987	548.664
35.580	734.069	548.586
35.094	733.000	548.336
35.086	731.780	548.604
35.079	731.493	549.686
35.467	731.653	549.286
35.217	732.148	549.843
35.366	732.920	549.880
35.697	733.212	550.611
35.339	734.463	551.013
35.502	734.935	551.252
35.684	734.501	551.383
35.179	734.839	550.150
35.656	735.722	549.616
35.385	735.108	551.162
35.469	734.698	551.673
35.260	734.736	551.310
35.097	733.922	550.852
35.155	733.078	550.983
35.605	734.496	550.302
35.062	733.659	550.581
35.388	733.628	550.089
35.606	733.630	550.068
35.417	733.353	550.093
35.749	734.617	548.093
35.228	734.686	547.979
35.029	733.312	549.624
35.492	733.379	550.057
35.366	733.584	549.618
35.107	733.694	550.929
35.486	733.883	550.892
35.442	733.926	551.769
35.299	733.710	552.870
35.539	733.578	553.242
35.234	733.491	553.331
35.182	732.940	552.641
35.198	733.109	552.028
35.150	733.331	551.968
35.239	733.507	551.234
35.249	733.872	549.704
34.573	732.793	549.008
35.383	731.916	548.364
35.087	731.374	549.091
35.055	731.405	549.017
35.513	731.199	548.760
35.138	730.700	549.308
35.227	731.217	549.291
35.299	730.889	550.695
35.369	731.730	550.681
35.370	732.118	551.824
35.104	731.771	553.150
35.656	732.259	553.807
35.641	733.036	553.835
35.755	732.995	553.913
35.361	733.071	553.362
35.376	732.895	553.190
34.847	732.859	552.434
35.230	732.615	551.850
35.589	732.892	551.067
34.845	732.308	550.657
34.852	732.792	550.469
35.222	732.259	550.370
35.176	732.126	550.909
35.052	731.674	550.886
35.420	732.160	550.468
35.281	732.458	550.116
35.541	733.736	549.995
35.216	734.150	549.938
35.457	735.445	549.250
35.158	735.218	549.250
35.309	735.211	548.522
35.547	734.383	549.637
35.266	733.760	551.377
35.521	735.199	550.001
35.350	735.372	549.507
35.792	735.555	548.858
35.530	736.313	547.616
35.846	735.887	547.928
35.974	735.808	548.008
35.498	735.160	548.596
35.419	734.122	549.389
35.281	733.173	549.989
35.595	732.791	550.536
35.413	733.497	550.816
35.521	733.364	550.667
35.129	732.482	551.266
35.305	731.770	550.631
35.097	731.670	550.438
35.485	731.542	551.045
35.496	731.707	551.951
35.837	732.271	552.686
35.349	732.338	553.077
35.267	732.632	553.642
35.702	733.050	554.523
35.486	734.221	554.463
35.384	734.416	553.553
35.748	733.833	554.347
35.541	734.757	552.625
35.700	734.714	553.644
35.889	734.353	554.205
35.657	733.681	553.417
35.683	735.604	551.442
35.395	735.549	550.644
35.322	734.953	551.353
35.452	735.077	550.327
35.540	733.801	551.570
35.286	734.629	552.773
35.766	735.192	552.872
35.783	735.326	552.649
35.663	734.486	553.322
35.245	733.665	552.931
35.139	733.381	552.410
35.216	733.223	551.227
35.322	733.310	550.375
35.524	733.348	549.161
35.582	733.042	549.540
35.358	732.681	549.842
35.037	732.523	550.003
35.019	732.238	550.017
35.494	732.148	548.243
35.483	732.117	547.533
35.310	730.611	548.998
34.987	730.651	549.008
35.478	731.073	549.061
35.376	732.048	548.100
35.435	732.160	547.901
35.630	732.174	547.684
35.023	732.920	548.713
35.077	733.231	549.867
35.256	732.705	549.651
35.525	732.999	550.548
34.979	733.415	550.919
35.185	732.214	550.583
35.306	732.621	550.941
35.088	733.720	550.195
35.249	733.167	549.904
35.740	734.022	549.081
35.431	733.964	549.135
35.443	733.794	548.988
35.300	733.412	549.716
35.138	732.413	549.893
35.161	733.360	549.282
35.628	734.302	548.418
35.686	733.889	548.795
35.431	734.447	550.069
35.001	733.970	550.976
35.373	733.718	551.351
34.967	732.834	550.443
35.306	732.184	550.662
35.304	731.178	551.222
35.336	730.448	551.267
35.416	730.823	550.019
35.108	730.995	550.243
35.517	731.750	549.571
35.240	732.864	548.995
35.611	732.976	548.851
35.307	734.025	548.253
35.390	733.766	548.625
35.327	735.170	548.869
35.427	734.284	550.090
34.992	733.558	550.989
35.149	734.321	551.861
35.410	735.127	551.654
35.600	735.172	551.456
35.707	734.579	550.899
35.402	735.556	549.857
35.219	736.386	550.092
35.372	735.382	550.883
35.659	735.514	550.665
34.663	734.555	550.763
34.849	733.552	550.570
34.737	733.323	549.984
35.507	732.681	551.167
35.677	733.819	550.926
35.189	734.516	552.183
35.333	735.179	553.613
35.965	735.031	554.399
35.742	734.787	553.893
35.374	734.738	553.561
35.624	734.004	553.977
35.613	733.588	554.244
35.294	733.546	553.835
35.458	733.329	552.530
35.080	733.026	551.823
35.461	733.406	550.808
35.399	733.769	549.756
35.395	733.702	551.057
35.572	734.046	551.855
35.717	733.967	552.023
35.654	733.785	552.521
35.584	733.797	552.777
34.680	733.098	551.225
35.006	732.894	550.302
35.579	733.980	549.592
35.629	733.802	549.434
35.371	734.378	548.250
35.254	734.065	548.626
35.321	733.405	549.437
35.652	732.301	550.505
35.186	732.123	550.286
35.262	731.741	550.768
35.374	732.384	551.725
35.475	732.192	552.847
35.417	732.187	553.162
35.601	733.601	551.415
35.588	733.702	550.608
35.262	733.060	551.670
35.246	733.574	550.257
35.198	733.140	549.568
34.761	732.366	550.553
35.405	732.743	550.612
35.487	734.231	549.147
35.287	734.599	549.633
35.334	734.800	549.978
35.751	735.813	548.439
35.596	736.605	548.040
35.254	736.154	548.477
35.520	735.306	549.289
35.371	735.471	549.485
35.090	734.899	549.170
35.214	735.316	549.248
35.338	735.487	549.514
35.664	735.420	550.058
35.483	734.615	550.518
35.309	735.344	551.039
35.220	734.513	551.097
35.295	734.742	550.310
35.312	733.715	550.655
35.448	733.672	551.030
35.870	734.389	550.681
35.862	735.672	549.179
35.670	736.019	547.911
35.636	735.124	548.775
35.340	734.808	549.285
35.197	733.959	549.190
35.422	732.957	549.595
35.117	733.216	549.793
35.524	733.121	549.079
35.465	732.277	549.277
35.663	731.758	549.145
35.019	732.266	549.883
34.945	732.918	550.557
35.646	734.067	550.888
35.389	733.274	552.043
35.229	732.297	552.706
35.275	731.705	553.044
35.309	732.260	552.991
35.439	733.780	552.684
35.164	736.543	552.141
35.423	735.986	552.724
35.413	735.292	552.859
34.930	734.002	551.674
35.055	733.596	550.999
35.428	733.712	551.253
35.099	734.962	550.375
35.517	734.275	550.514
35.361	735.109	551.619
35.446	734.786	552.124
35.399	734.935	552.610
35.569	735.081	553.794
35.576	735.052	552.596
35.967	735.351	550.929
35.389	734.520	549.697
35.487	733.808	549.690
35.248	733.390	549.336
35.310	733.228	548.673
35.195	734.127	548.915
35.290	734.847	549.596
35.554	735.766	549.709
35.492	735.926	549.259
35.353	735.540	548.447
35.301	735.912	547.709
35.267	736.102	548.522
35.429	735.506	548.560
35.281	735.491	548.790
35.561	734.106	549.816
35.504	733.093	550.740
34.993	732.973	551.000
35.359	732.975	550.729
34.808	732.825	551.697
35.169	733.982	552.253
35.553	734.157	552.761
35.450	733.961	553.444
35.090	733.728	552.131
35.254	735.197	550.730
35.080	734.765	550.387
35.356	734.287	550.081
35.145	733.766	549.905
35.673	734.170	549.776
35.510	734.970	549.053
35.639	735.954	548.724
35.361	737.750	548.904
35.356	738.308	550.379
35.549	736.084	550.718
35.272	735.441	551.099
35.351	735.062	551.080
35.797	734.612	551.439
35.561	735.392	550.117
35.221	735.390	549.327
35.388	735.300	549.157
35.545	735.008	548.591
35.160	735.252	549.376
36.148	735.425	548.899
35.716	734.874	548.754
35.642	735.115	549.152
34.995	734.740	550.244
35.335	734.752	550.783
35.493	734.168	551.384
35.227	733.471	551.826
35.182	732.516	551.882
35.394	731.897	552.356
35.156	731.968	552.035
35.405	731.770	551.786
35.432	732.870	550.968
35.328	733.216	549.981
35.148	733.564	549.740
34.785	733.200	549.605
35.374	732.315	550.678
35.181	732.120	550.060
34.523	731.780	548.336
35.520	732.004	547.889
35.618	732.104	547.799
35.254	732.720	547.914
35.332	733.113	548.573
35.421	733.102	548.672
34.986	733.158	549.540
35.749	733.630	550.485
35.755	734.669	549.614
35.355	734.883	551.059
35.520	734.581	551.428
35.157	735.149	551.058
35.658	734.869	550.138
35.079	734.731	549.428
35.366	736.243	548.066
35.236	736.311	548.635
35.638	736.027	549.331
35.632	736.058	549.312
35.540	735.060	549.570
35.478	734.788	551.739
35.655	734.942	552.579
35.752	734.629	552.759
35.183	733.957	552.530
35.193	733.440	552.164
35.329	733.269	551.255
35.798	733.151	551.387
35.309	733.585	551.348
35.608	734.274	551.460
35.569	734.128	551.986
35.513	735.047	551.828
35.034	735.572	552.207
35.551	735.526	552.171
35.323	734.994	551.758
34.703	733.671	551.284
35.226	733.053	549.487
35.166	732.379	548.699
35.346	732.256	548.787
35.232	731.820	550.044
35.278	732.626	549.561
35.207	734.504	548.682
35.249	734.524	547.893
34.918	733.509	547.891
35.615	733.748	548.649
35.239	734.717	547.852
35.731	735.371	547.627
35.361	734.607	549.226
35.303	734.879	549.248
35.111	733.668	549.861
35.203	733.310	550.543
34.830	732.101	550.806
35.362	732.355	551.369
35.422	732.232	551.818
35.169	732.791	551.517
35.538	733.398	550.833
35.281	734.614	549.302
35.192	734.032	550.062
35.354	733.495	549.810
35.222	733.108	549.890
35.491	734.076	549.417
35.251	734.497	549.581
35.344	733.457	550.904
35.482	732.317	552.053
35.183	731.962	552.123
35.179	732.696	551.677
35.188	733.788	550.547
35.477	733.554	551.538
35.201	733.578	551.107
35.074	733.586	550.336
35.480	733.621	549.579
35.317	734.341	549.622
35.458	733.266	550.372
35.281	732.745	550.627
34.823	732.361	551.695
34.996	733.388	551.928
35.530	733.672	552.080
35.349	734.401	552.314
35.466	734.216	552.945
35.647	733.474	553.039
35.490	733.992	553.397
35.707	735.048	551.843
35.336	735.241	550.661
34.862	733.908	551.247
35.191	733.127	551.984
35.187	733.208	552.725
35.117	734.760	552.416
35.296	735.813	552.418
35.117	733.838	552.653
34.890	733.214	552.502
35.307	732.624	552.608
35.540	733.143	553.127
35.711	733.693	552.901
35.271	733.621	552.846
35.113	733.236	553.193
35.060	732.481	552.496
35.555	731.789	552.643
35.370	731.694	552.903
35.332	732.547	552.505
35.148	733.274	552.848
35.060	733.372	552.061
35.196	733.054	552.737
35.338	733.324	552.098
35.316	733.406	551.910
35.174	732.972	552.333
35.097	732.274	552.265
35.419	733.484	550.849
35.166	734.001	550.195
35.201	733.923	550.698
35.471	734.470	552.378
35.408	734.093	552.795
35.675	733.653	554.246
35.260	733.568	553.758
35.520	734.274	553.811
35.590	735.404	552.812
35.650	735.227	552.265
34.920	734.514	551.769
35.558	735.396	551.054
35.238	735.313	550.195
35.580	734.156	550.325
35.734	734.344	549.935
35.466	734.236	550.141
35.497	734.726	549.650
35.615	735.035	549.854
35.591	735.202	548.372
35.695	734.994	548.439
35.324	734.072	548.770
35.477	733.161	549.667
35.310	732.557	550.392
35.110	732.952	550.983
35.593	733.256	550.289
35.569	733.513	548.814
35.507	734.270	548.608
35.936	734.402	549.075
35.407	733.676	549.424
35.732	734.058	549.519
35.107	734.071	549.380
34.843	733.619	549.683
35.285	733.581	550.898
35.236	733.253	551.942
35.375	733.288	551.450
35.286	733.534	552.087
35.097	733.853	552.498
35.061	733.940	552.173
35.488	732.124	552.044
35.081	732.474	552.061
35.602	732.932	551.940
35.286	733.298	552.468
34.899	732.185	552.697
35.510	732.993	552.928
35.344	733.317	553.710
35.578	734.357	553.061
35.034	733.931	553.112
35.397	735.132	552.499
35.355	735.733	550.504
35.413	734.872	551.205
34.994	734.714	550.745
35.524	734.222	550.058
35.404	734.210	550.531
35.189	733.177	551.826
35.137	732.958	552.418
35.375	732.933	552.387
35.426	732.212	552.312
35.679	732.406	552.533
35.648	731.917	553.036
35.207	731.784	552.827
35.334	732.082	552.298
34.944	732.295	551.335
34.899	732.800	550.488
35.401	733.625	549.504
35.623	734.614	549.357
35.824	734.497	548.618
35.130	733.395	549.032
35.539	732.504	549.492
35.549	732.881	549.015
34.941	732.368	549.772
35.263	731.655	550.554
35.230	733.104	550.721
35.231	733.576	550.932
34.765	733.774	550.007
35.503	734.015	549.136
35.531	734.004	549.664
35.546	734.050	550.601
35.391	734.431	551.450
35.099	733.216	551.531
35.529	732.427	552.937
35.791	732.878	552.783
35.271	733.027	552.196
35.157	733.168	551.346
35.238	734.103	550.672
35.469	735.004	550.156
35.538	735.170	550.213
35.045	735.601	550.586
35.381	735.819	551.758
35.601	736.603	551.864
35.914	737.705	550.960
35.689	738.001	550.542
35.394	736.595	551.773
35.131	736.906	551.764
35.308	735.813	551.218
35.020	735.052	549.833
35.318	733.401	549.701
35.261	733.141	548.907
35.299	733.184	548.519
35.384	734.089	548.808
35.064	734.445	550.031
35.244	734.721	550.425
35.061	735.773	550.072
35.498	735.579	550.746
35.281	735.187	552.042
35.171	735.064	551.583
35.428	733.954	552.690
35.357	733.147	552.803
35.064	732.423	552.828
35.604	730.991	553.826
35.417	730.909	554.002
35.205	732.117	552.883
35.206	732.402	552.689
35.243	733.513	552.575
35.556	733.408	553.683
35.516	733.708	552.565
35.398	733.722	551.877
35.632	734.337	552.067
35.478	734.873	552.067
35.539	736.623	550.938
35.427	736.971	551.536
35.393	737.011	551.846
35.194	736.267	551.250
34.900	734.575	551.645
34.751	733.712	551.143
35.360	733.413	551.284
35.350	732.784	550.854
35.172	732.953	550.998
35.177	733.058	550.235
35.048	733.801	549.762
35.557	734.596	549.501
35.558	734.817	550.197
35.204	735.634	549.074
35.359	735.419	550.547
35.276	734.027	552.401
35.057	733.219	551.358
35.483	732.611	551.879
35.545	733.492	552.182
35.281	732.911	552.337
35.607	732.332	553.107
35.674	732.702	553.373
35.495	733.147	553.824
35.336	732.187	553.738
35.681	732.121	552.822
35.484	732.673	552.022
35.364	733.377	552.670
35.507	732.889	552.539
35.306	733.240	552.998
35.235	733.994	552.232
35.230	734.465	552.562
35.099	734.157	552.553
35.539	733.713	553.726
35.854	734.763	553.679
35.493	733.546	553.956
35.184	732.708	553.591
35.378	733.283	553.561
35.250	733.499	553.127
35.357	733.194	552.269
35.029	733.137	551.102
35.456	733.184	551.464
35.228	732.891	551.097
35.395	733.378	551.284
35.484	733.247	552.214
35.223	733.680	551.940
35.125	733.071	552.008
35.355	732.597	551.872
35.617	732.817	552.110
35.546	733.450	551.343
35.469	733.686	550.380
35.294	734.305	549.803
35.426	734.646	549.194
35.284	734.374	550.204
35.289	733.940	550.214
35.296	733.298	551.561
35.147	732.540	552.273
35.368	732.798	552.125
35.517	733.104	551.220
35.376	733.286	551.425
35.279	733.728	551.282
35.771	735.087	550.092
35.349	733.891	551.055
35.383	734.329	551.491
35.084	734.720	550.529
35.211	734.062	552.093
35.148	733.226	552.139
35.428	732.925	551.927
35.133	733.364	551.343
35.347	733.516	550.953
35.483	734.368	550.454
35.317	733.997	549.759
35.237	733.858	550.472
35.568	734.032	549.855
35.440	734.752	549.305
35.255	734.854	548.836
35.409	734.557	549.205
35.093	734.034	549.450
35.203	734.505	549.409
34.902	734.628	549.902
35.372	734.790	551.264
35.542	734.717	552.000
35.596	735.004	552.885
35.163	734.862	553.267
35.551	734.161	553.275
35.463	733.704	553.089
35.054	733.289	552.482
35.613	733.072	551.534
35.524	733.262	551.977
35.184	732.194	551.688
35.454	732.200	552.432
35.262	732.645	551.601
35.063	732.628	552.110
35.231	732.873	551.882
35.296	733.432	552.138
35.403	734.132	551.632
35.405	734.421	551.333
35.426	733.987	550.983
35.346	734.167	550.890
35.190	733.657	551.361
34.770	733.889	552.101
34.967	734.652	551.346
35.424	735.785	551.406
35.957	734.807	552.182
35.437	734.110	552.334
35.316	732.931	551.834
35.627	734.072	550.291
35.099	734.786	550.008
35.861	733.968	551.127
35.319	735.270	551.517
35.154	734.445	552.875
35.458	735.342	551.572
35.584	735.369	551.057
35.594	734.713	550.001
35.478	734.627	549.242
35.243	734.298	549.153
35.077	733.401	549.610
35.304	733.881	548.823
35.503	733.329	549.925
35.306	733.748	549.663
35.431	733.911	550.062
34.979	733.573	550.345
35.294	733.542	551.184
35.818	733.585	551.395
35.344	733.209	552.133
35.318	732.257	553.134
35.208	731.727	553.520
35.693	731.908	554.223
35.281	732.628	553.560
35.235	733.304	552.526
35.358	732.301	552.544
35.486	732.321	552.450
35.461	732.494	551.694
35.041	733.817	551.033
35.539	734.332	550.612
35.676	734.102	550.505
35.274	734.370	550.677
35.483	733.638	551.017
35.075	732.935	551.756
34.914	733.779	552.505
35.207	734.388	553.164
35.711	734.414	552.918
35.472	734.170	552.434
35.118	733.818	552.225
35.485	732.990	552.403
35.067	733.201	551.317
35.543	733.655	550.828
35.294	733.635	551.704
35.723	734.157	552.764
34.955	732.293	552.490
35.098	732.588	550.357
35.129	733.656	550.153
35.266	733.851	550.851
34.980	733.881	550.245
35.552	733.282	549.877
35.603	733.093	549.955
35.184	733.898	550.314
35.340	733.989	550.639
35.598	734.919	550.213
35.266	733.800	551.025
35.190	733.160	551.183
34.914	732.790	551.068
35.332	733.457	552.011
35.729	732.606	553.568
35.787	733.343	553.634
35.569	733.057	553.261
35.572	733.700	552.961
35.125	733.151	552.334
35.093	733.565	550.805
35.434	734.164	550.513
35.286	733.820	550.484
35.284	734.246	549.546
34.731	732.913	550.134
35.547	733.179	549.729
35.069	732.944	549.795
35.330	732.658	548.624
35.482	733.019	548.522
35.143	733.145	548.876
35.355	733.612	548.716
35.750	734.438	548.257
36.190	733.970	547.955
35.713	735.036	548.153
35.789	734.577	547.952
35.329	734.497	547.778
35.672	734.024	547.718
35.355	734.197	549.047
35.537	734.613	548.720
34.986	734.076	550.013
35.061	732.748	550.802
35.341	732.983	551.027
35.272	733.421	550.029
35.326	733.791	549.147
35.461	732.966	549.479
35.172	733.076	548.885
35.366	732.752	549.718
35.212	733.843	550.686
35.305	734.275	551.462
35.259	735.091	551.322
35.585	734.606	550.684
35.112	734.084	551.081
34.879	733.531	550.417
35.293	733.468	550.540
35.810	733.323	550.375
35.096	733.278	551.131
35.315	732.726	551.330
35.303	733.112	551.596
34.883	734.090	551.331
35.126	734.852	550.397
35.570	734.657	550.660
35.265	734.385	550.575
35.092	733.696	550.736
35.389	733.823	551.185
35.791	735.044	550.217
34.913	734.070	550.784
35.120	733.282	551.629
35.123	732.770	552.063
34.947	732.741	552.060
35.418	733.399	552.184
35.133	733.566	551.565
35.557	733.379	552.381
35.842	734.373	550.637
35.568	733.995	550.661
35.432	734.117	550.739
35.182	734.428	550.664
35.231	733.118	551.020
35.581	732.808	551.963
35.334	732.926	552.301
35.189	732.792	551.498
35.134	733.258	551.638
35.410	733.312	551.643
35.364	733.965	550.697
35.271	733.680	552.039
35.208	733.718	551.682
34.569	733.332	550.996
35.032	732.418	550.481
35.365	731.252	549.966
35.480	730.036	550.317
35.308	729.475	550.704
35.550	729.538	550.007
35.383	730.396	549.960
35.392	730.145	550.679
35.515	730.007	550.842
35.756	730.396	551.253
35.133	730.966	550.968
35.303	731.556	551.360
35.505	731.470	552.161
35.562	731.174	552.774
35.389	731.039	553.419
35.209	731.050	552.205
35.017	731.334	551.099
35.449	730.567	550.640
35.282	732.140	549.471
35.227	732.504	548.485
35.312	732.251	549.116
35.251	731.174	549.472
35.428	731.417	549.231
35.326	731.591	548.492
35.203	731.653	549.309
35.479	731.827	549.821
35.434	733.008	549.214
35.329	732.706	549.294
35.121	733.110	550.277
35.511	732.742	551.166
35.429	733.048	551.307
35.081	732.351	551.210
35.567	732.635	550.586
35.226	734.295	549.530
35.153	734.991	549.747
35.518	736.120	549.344
35.475	734.561	550.142
35.425	733.389	550.675
35.334	733.852	550.777
35.319	734.493	549.969
35.605	734.275	549.529
35.462	733.571	551.168
35.491	734.911	550.087
35.217	734.778	549.996
35.175	735.124	549.745
35.531	734.538	549.889
35.654	734.006	550.386
35.085	733.905	549.656
35.750	733.735	550.830
35.175	734.237	551.999
35.680	734.478	552.515
35.188	734.395	551.726
34.943	733.226	551.845
35.265	732.867	553.276
35.167	734.150	552.800
35.414	734.909	552.461
34.832	734.335	552.259
35.181	733.986	551.547
35.461	733.675	551.779
35.366	734.098	552.313
34.975	732.901	552.663
35.025	733.290	552.398
35.180	733.302	552.142
35.326	733.054	551.987
35.213	733.285	551.723
35.053	732.920	552.578
35.021	732.620	552.857
35.219	732.599	552.630
35.585	732.751	553.050
35.289	733.256	552.737
35.150	733.665	552.416
35.850	734.561	551.599
35.242	736.639	551.202
35.304	735.833	551.215
35.172	734.472	550.784
35.256	733.013	550.597
35.275	733.173	550.883
35.599	733.831	550.859
35.260	734.142	551.502
35.324	734.461	552.090
35.541	733.171	552.720
35.089	733.056	552.853
35.118	732.711	552.512
35.076	732.851	552.055
35.281	733.220	552.260
35.102	733.893	551.588
34.730	734.196	552.166
35.109	733.680	552.503
35.316	733.239	552.831
34.929	732.988	552.815
35.740	733.387	552.675
35.159	733.923	552.275
35.067	733.645	551.718
35.337	733.512	551.856
35.207	732.868	552.287
35.274	731.812	552.410
35.240	731.353	551.928
35.195	730.894	552.139
35.251	731.326	552.963
35.478	732.477	552.802
35.601	733.254	552.578
35.167	733.524	552.814
35.586	733.804	553.548
35.144	733.516	553.456
35.566	732.927	553.241
34.961	732.051	552.771
35.090	731.498	552.829
35.485	730.827	552.741
35.506	730.846	552.998
35.606	730.667	553.507
35.086	730.872	553.498
35.262	731.627	551.697
35.476	732.178	550.727
35.246	732.079	551.110
35.634	732.070	551.370
35.307	731.462	551.298
35.478	730.882	551.578
35.181	731.453	551.870
35.802	731.647	552.149
35.141	732.891	552.635
35.334	734.629	552.349
35.559	736.050	551.633
35.458	735.586	551.646
35.455	736.386	551.280
35.328	736.493	550.905
35.133	736.029	551.392
35.561	735.845	551.689
35.168	735.880	551.202
35.659	736.334	550.921
35.286	735.554	551.577
34.956	735.959	551.649
35.443	733.800	552.987
35.586	733.479	552.850
35.347	732.919	552.833
35.300	733.625	552.602
34.859	733.099	551.529
34.763	732.588	551.831
35.451	733.291	552.406
35.595	732.706	553.081
35.549	732.711	554.379
35.190	732.963	553.943
35.119	733.129	552.546
35.124	733.346	551.555
35.412	732.908	552.446
35.338	733.388	552.529
35.221	733.956	551.232
35.081	733.946	550.102
34.941	734.181	550.299
35.189	733.960	550.670
35.394	733.981	550.765
35.283	734.535	550.710
35.561	735.766	550.118
35.344	735.324	550.012
35.507	734.137	550.921
35.237	733.465	551.625
35.759	732.464	552.942
35.150	732.368	553.437
35.394	732.285	553.802
35.332	732.539	554.850
35.834	732.626	554.902
35.317	732.909	554.582
35.016	732.669	553.596
35.378	732.700	554.118
35.599	732.782	552.966
35.574	733.582	551.306
35.583	734.181	550.997
35.289	733.993	552.133
35.471	734.034	551.686
34.827	732.668	552.105
35.360	733.299	552.109
35.292	733.201	552.450
35.558	732.378	552.264
35.494	732.180	552.378
35.240	731.682	552.208
35.651	733.219	550.831
35.103	734.600	550.131
35.088	734.192	550.505
35.160	733.935	551.502
34.893	733.889	550.971
34.934	733.924	550.264
35.309	733.542	550.475
35.160	734.138	549.652
35.474	734.489	549.642
35.409	734.006	550.045
35.480	734.050	550.670
35.222	734.193	551.118
35.536	733.905	551.191
35.409	734.108	551.406
35.490	734.038	551.258
35.186	734.085	551.203
35.543	733.843	551.660
35.195	733.289	551.359
35.203	732.898	550.864
35.075	732.515	551.107
35.255	733.506	550.087
34.975	733.742	550.177
35.169	733.652	550.178
35.232	734.042	549.359
35.357	734.646	548.955
35.162	734.709	549.721
35.502	735.958	549.532
35.485	735.755	549.669
35.856	735.375	548.629
34.978	735.318	548.721
35.536	734.937	548.495
35.431	734.502	548.671
35.262	734.377	549.196
35.380	733.698	549.298
35.573	733.778	549.289
35.314	733.915	548.694
35.355	733.372	549.406
35.369	732.287	549.475
35.298	732.584	548.822
35.427	732.865	549.659
35.559	733.781	549.559
35.622	734.340	548.951
35.360	733.938	549.258
35.512	732.663	549.331
34.948	732.137	549.811
35.087	731.796	551.219
35.460	732.694	550.623
35.457	733.829	550.864
35.749	735.614	549.284
34.999	735.165	550.113
35.384	732.673	551.489
35.383	732.660	551.162
35.292	733.001	552.191
35.351	733.247	551.842
35.756	733.532	551.414
35.466	734.547	550.803
35.558	734.261	551.787
35.183	734.988	551.744
35.655	736.039	551.307
35.694	735.859	551.395
35.510	734.227	552.816
35.312	733.244	553.404
35.145	732.480	552.945
35.775	731.519	552.903
35.261	731.054	553.174
34.954	731.196	551.891
35.329	731.198	551.527
34.954	730.851	551.905
35.402	731.023	552.358
35.658	731.594	551.188
35.285	732.303	550.799
35.168	732.681	551.135
35.304	733.737	550.362
35.311	733.808	550.453
35.255	733.718	549.658
35.638	734.177	550.292
35.358	734.053	550.212
35.365	734.298	550.377
35.181	733.323	550.846
35.432	732.933	551.095
34.996	733.363	551.115
35.295	733.602	551.850
34.898	734.613	552.458
35.456	734.134	553.372
35.303	733.941	553.284
35.150	734.163	552.579
35.334	734.009	552.813
35.206	734.053	552.021
34.787	734.128	551.064
35.365	733.212	551.413
35.709	735.041	549.108
35.362	735.888	548.207
35.344	736.416	548.835
35.259	735.582	549.647
36.068	735.579	550.231
35.492	736.592	550.222
35.144	736.336	549.756
35.493	736.095	550.125
35.521	736.171	550.750
35.110	735.599	550.627
35.240	734.441	551.848
35.325	734.500	550.613
35.371	734.351	550.348
35.486	735.035	549.290
35.624	734.630	548.495
35.379	733.622	548.941
35.390	733.131	550.132
35.646	733.391	550.195
34.966	733.160	550.385
35.384	733.580	550.142
35.218	733.656	550.333
35.206	733.516	548.740
34.986	733.884	548.059
35.187	733.348	548.288
35.237	733.114	548.237
35.375	732.290	548.581
35.510	731.495	549.787
35.261	731.451	550.677
34.987	731.484	551.146
35.324	730.626	551.655
35.408	731.516	551.420
35.087	732.587	551.609
35.695	732.364	553.024
35.422	732.050	552.882
35.370	732.289	553.191
35.167	732.256	552.504
35.165	732.548	552.378
34.815	732.205	551.947
35.466	731.897	551.789
35.278	731.796	552.343
35.237	732.474	552.402
35.268	732.562	551.629
35.208	733.675	549.969
35.100	733.559	549.614
35.100	732.440	550.868
35.345	732.320	551.452
35.117	732.404	551.620
35.285	732.550	552.434
35.533	732.984	552.089
35.463	732.801	552.603
35.321	732.566	551.746
35.281	733.698	551.764
35.692	733.874	552.012
35.599	733.659	551.259
35.951	734.040	551.178
35.186	733.941	551.967
34.925	732.971	551.683
34.722	732.733	551.196
35.158	732.511	550.437
35.215	731.692	550.950
35.218	731.031	551.151
35.165	731.067	550.855
35.248	731.536	549.380
35.071	731.741	549.016
34.978	731.927	549.104
35.433	731.439	549.593
34.925	732.022	548.973
35.276	732.812	548.810
35.325	732.338	549.842
34.740	733.026	549.115
35.109	732.506	549.375
35.290	732.712	550.376
35.034	732.976	550.692
35.042	733.873	549.982
35.264	733.763	549.495
35.410	734.016	548.073
35.388	734.260	548.045
35.051	734.233	549.040
35.177	734.508	549.876
35.152	735.019	550.485
35.241	734.584	550.443
35.300	733.467	551.560
35.195	733.230	551.765
35.186	732.990	551.537
35.617	733.285	551.213
35.390	734.880	549.630
34.990	734.833	549.831
35.475	733.309	550.549
35.212	732.438	551.976
35.728	731.886	552.464
35.033	731.132	552.199
35.331	732.015	551.824
35.273	733.132	551.061
35.076	733.155	551.794
35.636	733.709	551.856
35.081	734.026	551.879
35.363	734.557	552.168
35.659	734.836	552.584
35.565	734.030	552.914
35.514	733.643	552.708
35.671	733.385	552.712
35.203	733.418	553.303
35.320	734.307	552.092
35.052	733.376	552.427
35.332	733.038	551.976
35.452	733.561	551.882
35.162	732.811	552.339
35.131	731.386	552.675
35.504	731.043	552.081
35.157	731.613	551.042
35.318	732.320	550.643
35.185	732.644	550.136
35.147	731.757	552.223
35.415	730.524	552.506
35.359	731.105	552.397
35.673	731.062	551.829
35.695	731.340	552.806
35.646	731.726	553.234
35.345	732.258	553.244
35.317	733.034	552.983
35.252	732.572	553.423
35.441	733.189	553.168
35.171	733.020	553.128
35.272	732.892	553.650
35.212	733.121	552.998
35.423	732.659	551.761
34.997	732.343	551.277
35.304	732.233	550.124
35.110	732.316	548.546
35.449	733.157	547.383
35.364	733.789	546.763
35.177	734.136	548.173
35.842	735.592	547.028
35.513	736.359	546.318
35.401	736.297	546.069
35.598	735.392	547.092
35.414	734.683	547.584
35.608	735.016	547.704
35.278	736.421	546.971
35.341	737.556	546.455
35.522	737.497	546.406
35.401	736.978	545.976
35.283	736.794	546.777
35.964	737.646	547.118
35.269	737.112	546.415
35.687	736.800	546.385
35.343	735.632	546.662
35.570	734.498	547.177
35.251	733.070	548.078
35.055	732.026	548.794
35.091	731.492	549.852
35.102	731.189	550.116
34.924	731.078	550.139
35.013	731.693	550.218
35.530	732.285	551.215
35.017	732.015	552.322
35.546	732.276	552.982
35.133	732.540	553.095
35.434	733.690	552.610
34.838	733.634	552.885
34.960	733.781	552.731
35.434	733.331	552.686
35.213	733.128	553.025
35.142	733.875	552.154
35.857	735.214	551.046
35.306	735.137	550.461
34.895	734.678	549.872
35.685	735.049	549.632
35.284	734.527	549.637
35.522	733.944	550.609
35.589	733.417	551.433
35.115	732.596	551.041
34.924	733.990	549.700
35.107	733.236	550.233
35.312	732.978	550.468
35.067	732.921	550.254
35.055	733.767	548.382
34.939	734.038	548.969
35.283	734.321	548.800
35.162	734.295	548.853
35.032	733.820	549.436
35.304	733.437	550.107
35.328	732.725	549.935
34.958	732.487	550.207
34.836	732.159	550.306
35.163	732.332	550.572
35.355	732.735	550.944
35.040	733.106	551.678
35.289	734.194	551.709
35.041	733.376	553.061
35.361	734.788	550.674
35.309	735.856	549.871
35.325	737.397	549.030
35.072	736.463	548.165
35.144	735.419	547.828
35.685	734.974	548.089
36.058	735.745	547.400
35.962	736.156	545.731
35.515	735.009	547.610
35.327	735.195	548.274
35.535	735.279	548.153
35.304	735.346	548.632
35.722	735.505	548.520
35.240	736.309	548.771
35.378	736.374	548.869
35.023	735.437	549.749
35.211	734.539	549.013
34.953	734.216	548.072
35.418	733.235	548.722
35.404	733.911	549.337
35.185	734.273	549.354
35.110	733.817	550.345
35.235	733.880	549.951
35.173	733.418	551.196
35.570	733.479	551.056
35.213	733.549	550.754
35.268	734.460	550.528
35.440	734.565	549.954
35.275	735.197	549.529
35.615	736.027	548.649
35.647	735.790	549.244
35.349	735.547	549.284
35.332	734.709	549.648
35.029	733.831	550.534
35.175	734.533	550.883
34.876	734.381	550.443
35.281	733.936	550.428
35.531	734.487	549.993
35.505	733.582	549.416
35.659	733.500	548.464
35.269	733.678	547.915
34.953	733.230	549.687
35.226	732.396	551.343
35.078	732.063	551.806
35.081	732.726	551.630
35.344	734.704	550.474
35.308	735.398	549.161
35.720	735.125	549.223
35.008	735.605	549.445
35.348	736.068	549.760
35.185	735.832	550.501
35.231	736.098	550.340
35.574	736.264	549.976
35.248	736.014	549.776
35.312	734.644	550.310
35.115	734.709	550.545
35.584	734.550	551.956
35.306	734.379	552.356
35.182	733.657	552.289
35.498	732.684	553.284
35.561	733.011	553.183
35.360	731.721	554.125
35.181	731.523	553.411
35.042	731.743	553.184
35.327	731.792	552.658
35.409	731.284	553.346
35.429	731.054	553.456
35.509	732.096	551.978
35.088	732.267	551.634
35.252	732.762	552.488
35.385	734.190	550.239
35.308	733.351	550.922
35.065	733.503	551.888
35.492	734.943	551.593
35.362	735.141	551.664
35.176	735.184	550.548
34.895	734.452	550.230
35.452	733.455	549.609
35.380	733.037	549.805
34.994	733.053	550.320
35.400	733.583	550.588
35.346	735.270	550.805
35.312	735.684	550.752
35.308	734.917	551.716
35.114	735.322	550.761
35.210	735.987	550.368
35.739	735.203	550.711
34.935	734.417	552.342
35.131	733.660	552.731
35.333	733.766	553.014
35.001	734.089	552.417
34.802	733.523	552.706
35.245	733.476	553.300
35.294	732.942	552.631
35.175	732.477	551.975
34.747	732.273	550.882
34.655	732.792	549.570
35.233	733.578	548.814
35.262	733.919	547.969
35.820	733.917	548.143
35.566	734.091	546.976
35.597	733.775	547.689
35.105	733.352	548.949
35.388	733.619	549.426
35.141	733.557	550.196
35.270	734.003	549.200
35.468	734.150	548.707
35.582	734.737	548.275
35.185	735.849	548.878
35.453	735.425	549.653
34.957	734.397	550.781
34.974	733.330	551.325
35.588	732.950	551.000
35.370	732.662	551.847
35.514	732.828	553.338
35.617	733.380	553.273
35.256	733.453	552.035
35.083	734.252	551.047
35.202	734.149	551.464
34.951	733.247	551.793
35.284	732.824	552.137
35.044	732.551	552.410
35.101	731.547	552.688
35.447	731.649	553.149
35.158	731.784	552.264
35.838	732.836	551.957
35.138	733.910	551.972
35.697	735.276	551.249
35.403	734.539	551.985
35.048	734.650	552.007
35.167	734.686	551.052
35.182	734.461	550.819
35.005	733.127	551.121
35.292	731.600	551.723
34.913	731.817	552.124
35.661	732.385	551.934
34.911	732.640	551.937
35.214	732.820	552.725
35.395	733.009	552.677
35.002	731.495	552.085
34.983	731.087	551.803
35.623	730.338	552.146
35.225	730.641	550.730
35.317	731.462	550.615
35.379	731.791	550.781
35.509	731.650	551.418
35.477	731.952	551.725
35.490	731.801	552.837
35.444	732.650	552.547
35.164	733.766	551.281
35.410	734.313	551.583
35.405	734.217	552.547
35.217	733.654	553.450
35.410	733.939	552.844
35.459	734.235	552.555
35.322	734.469	553.104
35.581	733.751	552.361
35.837	733.922	552.404
35.146	734.673	551.115
35.099	734.451	550.498
35.116	733.773	549.614
35.502	735.048	549.331
35.521	735.468	549.449
35.202	736.248	549.094
35.275	737.367	549.258
35.246	736.509	550.449
35.425	736.870	551.487
35.524	736.075	551.601
35.437	735.532	552.157
35.092	735.514	551.467
34.862	734.991	550.435
34.805	733.225	549.971
35.090	731.882	550.219
34.703	731.862	549.823
34.842	731.959	550.065
35.164	732.375	549.148
35.025	732.117	549.609
34.936	732.401	550.271
35.093	732.787	550.362
35.275	733.479	550.436
35.114	734.043	549.870
35.427	734.178	550.386
34.964	734.320	550.562
35.323	734.410	550.434
35.222	734.795	549.498
35.402	734.365	549.514
35.251	733.579	549.522
35.124	733.545	550.413
35.338	733.055	551.252
34.979	733.411	551.520
35.294	733.242	551.534
35.358	733.313	551.633
35.220	733.333	551.728
35.257	733.585	552.063
35.136	734.715	551.594
35.500	736.081	551.193
35.371	735.772	549.745
35.171	736.041	549.328
35.060	735.539	549.353
35.259	735.595	550.626
35.424	735.558	551.599
35.244	735.539	552.883
35.533	735.527	554.049
35.276	734.623	554.532
35.331	734.773	554.807
35.544	734.808	554.004
35.352	735.040	553.570
34.817	734.793	553.925
35.212	734.000	553.115
35.053	732.893	552.664
35.462	733.335	553.113
35.188	732.866	552.095
35.015	732.371	552.554
35.316	733.196	551.885
35.004	733.851	551.732
35.114	734.293	551.599
35.240	734.221	551.947
35.273	734.269	551.996
35.550	735.457	550.932
35.609	735.325	551.211
34.884	734.807	550.655
35.454	734.868	551.003
35.797	734.351	551.359
35.208	734.691	551.840
35.194	733.923	552.145
34.870	734.241	552.855
35.346	733.259	553.788
35.420	732.167	554.085
35.527	732.957	553.402
35.100	733.123	553.119
35.468	734.247	551.843
35.112	734.595	551.260
35.545	733.578	551.681
35.397	733.559	552.214
35.412	733.784	552.241
35.382	733.466	552.158
35.141	732.677	552.302
35.327	732.521	553.028
34.909	733.636	552.105
35.255	733.038	552.973
35.151	733.925	551.606
35.419	734.408	551.242
35.056	733.643	550.362
34.949	733.925	549.758
35.079	733.287	550.953
35.325	732.601	550.706
35.039	732.502	550.227
35.147	732.156	550.813
35.238	732.263	550.922
35.211	731.406	551.922
35.499	731.457	552.053
35.401	731.348	552.245
35.183	731.628	551.537
35.450	732.523	552.362
35.196	733.219	552.136
35.030	733.113	551.968
35.063	733.231	551.953
35.219	733.137	552.782
34.672	732.541	552.299
34.666	732.453	551.686
35.034	731.318	551.620
35.146	730.801	552.218
34.633	731.618	551.592
34.724	731.916	551.173
34.937	732.309	549.650
35.330	732.696	549.420
34.902	732.697	548.686
35.180	733.055	549.437
35.051	732.908	548.901
35.246	732.753	549.240
35.421	732.989	548.870
35.276	732.323	549.588
34.841	732.536	550.390
35.232	733.333	550.795
34.695	733.230	552.159
35.223	734.047	552.231
35.209	734.408	551.282
35.286	733.193	552.451
35.335	733.303	551.410
34.985	733.385	551.271
35.201	733.405	551.950
35.091	733.231	551.885
35.304	733.104	552.417
35.176	733.547	552.236
35.217	733.072	553.191
34.938	733.010	553.245
35.312	733.650	552.671
35.394	735.026	552.724
35.111	734.558	552.895
35.319	735.190	552.216
35.306	735.219	551.355
35.111	734.702	550.289
35.128	735.480	549.385
35.324	734.923	549.102
35.377	735.651	548.578
34.934	735.585	549.487
35.105	735.747	550.098
35.067	734.669	551.577
35.285	735.459	550.985
35.179	735.237	550.614
35.166	734.885	552.132
35.053	735.177	551.335
35.160	734.281	551.548
35.024	733.845	552.981
35.171	733.970	553.366
35.482	734.298	552.854
35.431	733.457	552.830
35.315	734.357	552.055
35.175	734.763	552.426
35.391	734.351	553.172
35.251	734.459	553.768
35.143	734.106	554.287
35.264	733.695	554.130
35.940	733.156	554.062
35.296	732.439	553.135
35.196	732.197	552.826
35.462	731.795	553.954
35.300	732.713	553.157
34.817	733.027	552.665
35.449	732.736	552.652
35.280	734.024	551.518
34.915	733.910	552.225
35.230	734.068	552.683
35.385	734.759	553.433
35.017	734.675	553.149
35.174	734.456	552.489
34.805	734.466	551.866
34.855	734.161	551.932
35.393	733.468	552.415
34.927	733.050	552.555
35.187	733.780	552.633
35.443	733.073	553.738
35.494	733.557	554.409
34.912	733.943	554.029
35.061	733.823	553.717
35.036	734.651	552.199
35.355	734.964	551.456
35.130	734.556	551.188
35.088	733.981	551.729
35.158	733.877	551.671
35.273	732.993	552.241
34.786	732.457	551.504
35.402	730.724	552.554
34.961	731.011	552.470
34.960	731.929	551.110
34.951	732.286	552.471
34.937	732.439	552.688
35.214	733.361	553.057
35.057	734.501	551.780
34.966	734.729	552.660
35.300	734.017	553.137
35.235	733.565	553.173
35.137	734.213	552.892
35.274	733.627	552.061
35.052	733.517	552.546
35.106	733.897	552.255
35.188	733.607	551.602
35.656	735.605	550.711
35.469	736.368	550.648
35.379	735.810	550.697
35.249	736.057	550.848
35.245	735.020	552.054
35.158	734.443	551.655
34.994	734.363	551.285
35.386	733.797	551.098
35.345	734.225	551.235
34.796	733.706	551.113
35.112	733.460	550.801
35.128	732.552	551.551
35.262	733.488	552.364
35.415	734.703	551.137
35.146	734.699	550.066
34.977	733.891	550.296
34.783	732.987	549.639
35.251	731.657	550.855
35.459	731.249	552.441
35.107	730.977	552.198
35.011	731.628	552.198
35.404	732.866	551.917
35.268	732.828	551.882
35.002	732.461	551.386
34.922	732.316	550.674
35.222	732.574	550.446
34.854	733.049	548.919
35.068	731.910	550.231
35.583	731.909	549.429
35.364	733.071	548.320
35.439	734.375	546.248
35.712	734.129	545.215
35.368	733.341	545.057
35.310	731.829	546.501
35.201	731.708	547.578
35.138	731.948	548.510
35.139	732.313	549.018
34.965	732.551	549.191
35.001	732.866	549.677
35.417	733.927	550.160
35.183	733.796	551.026
35.101	734.680	550.742
35.263	735.790	550.593
35.758	737.203	550.225
35.335	736.380	549.836
35.236	736.764	549.451
35.225	736.983	549.554
35.457	736.433	550.020
35.387	735.567	550.317
35.325	735.424	550.174
35.016	735.292	549.875
35.238	734.682	550.264
34.967	733.830	549.795
35.416	733.546	549.583
35.446	735.573	548.958
35.535	737.335	548.371
35.324	736.865	548.277
34.916	735.952	549.060
35.103	735.260	549.417
34.761	734.279	550.804
34.891	733.944	552.280
35.617	732.731	553.052
35.498	731.909	554.126
35.649	732.592	552.997
35.380	733.011	552.729
35.486	733.241	552.771
34.706	733.677	551.872
35.189	733.882	551.650
34.799	733.644	551.588
35.449	733.565	551.831
35.268	733.882	551.385
35.405	734.229	550.223
34.966	733.443	549.362
35.016	733.049	548.366
35.432	733.618	547.255
35.508	733.948	548.014
35.054	734.269	549.163
34.820	733.488	549.620
35.350	732.746	550.776
34.833	733.428	550.007
35.155	733.338	550.181
34.848	733.495	550.127
34.587	733.926	550.462
35.419	734.219	550.114
34.886	734.187	550.518
35.293	734.374	550.970
34.992	734.063	550.417
35.184	733.565	550.237
34.958	734.513	550.584
34.962	735.071	552.046
35.361	735.075	552.394
35.291	736.210	550.525
35.207	736.549	550.788
35.226	737.087	550.514
34.975	736.188	552.231
34.895	735.522	552.823
35.451	736.048	553.574
35.045	736.670	553.991
34.931	736.792	553.545
35.494	736.953	552.753
35.521	736.971	552.243
35.214	736.613	551.239
34.358	735.538	550.568
34.797	735.166	549.740
34.971	734.374	549.372
35.344	734.486	548.466
35.013	732.764	549.191
35.090	732.950	549.565
34.874	734.017	548.982
35.466	733.800	549.771
35.679	734.235	551.075
34.989	734.391	550.979
35.141	734.311	551.146
35.167	734.366	551.128
35.309	733.910	551.863
35.366	735.335	550.966
34.808	734.512	551.637
34.954	734.113	552.089
35.129	733.587	550.842
34.681	732.518	550.542
34.902	733.091	550.032
35.056	732.431	550.829
34.840	731.661	551.420
34.971	731.868	551.114
35.342	731.697	550.895
34.964	731.617	551.656
35.246	732.160	553.436
35.398	732.864	552.538
35.267	732.995	553.831
35.343	734.198	553.973
35.373	733.211	554.832
35.628	734.258	553.656
34.888	733.568	553.019
35.137	734.141	552.695
35.352	733.867	553.605
35.096	733.237	554.462
35.245	733.859	552.381
35.064	733.001	552.905
35.231	733.881	552.844
34.850	733.580	552.161
34.831	733.345	551.843
35.300	733.131	552.396
35.269	733.932	551.403
34.889	734.479	550.836
35.329	734.884	550.063
35.241	735.947	548.638
35.155	735.154	550.002
35.305	733.902	551.425
34.919	733.258	551.081
34.883	732.233	550.508
34.876	733.075	550.175
34.320	732.385	550.123
35.038	731.226	550.520
35.335	731.038	551.533
35.281	731.369	552.198
35.175	731.604	551.096
